-999 -999 -999 -18.2872
0 0 0 -17.4768
0 0 1 29.5798
0 0 2 -9.77716
0 0 10 13.1594
0 0 11 3.95987
-999 -999 -999 11.3047
0 1 0 -34.4206
0 1 1 22.5321
0 1 2 -23.2281
0 1 10 -14.5764
0 1 11 15.0423
-999 -999 -999 -0.870572
0 2 3 8.73079
0 2 4 -6.14426
0 2 5 0.951816
0 2 6 1.22077
0 2 7 -3.18631
0 2 8 -3.42657
0 2 9 -4.91085
-999 -999 -999 -2.57535
0 3 3 6.42334
0 3 4 -6.93135
0 3 5 13.1244
0 3 6 3.63057
0 3 7 -0.307118
0 3 8 -3.82215
0 3 9 5.88565
-999 -999 -999 0.762873
1 0 0 -3.87459
1 0 1 -1.489
1 0 2 0.0682755
1 0 3 -5.9449
1 -999 -999 -999 33.146
1 1 0 -59.3945
1 1 1 46.1386
1 1 2 -56.4063
1 1 3 58.2536
-999 -999 -999 7.05574
1 2 0 11.3222
1 2 1 2.73213
1 2 2 4.79296
1 2 3 7.02174
-999 -999 -999 78.421
2 0 0 -183.342
2 0 1 51.0045
2 0 2 -107.383
-999 -999 -999 16.2083
2 1 0 173.652
2 1 1 -54.5293
2 1 2 83.5766