-999 -999 -999 -1.6204
0 0 0 -0.8094
0 0 1 1.21181
0 0 2 2.44871
-999 -999 -999 6.29481
0 1 3 -5.65149
0 1 4 -0.731729
0 1 5 0.863618
0 1 6 2.13994
-999 -999 -999 -1.0563
0 2 3 -1.44024
0 2 4 -0.411593
0 2 5 1.69531
0 2 6 -4.65775
-999 -999 -999 -0.0425454
0 3 7 -6.51575
0 3 9 0.520992
0 3 10 -0.639609
-999 -999 -999 1.63901
1 0 0 2.56102
1 0 1 -0.675572
1 0 2 2.36171
1 0 3 -1.74228
-999 -999 -999 131.676
1 1 0 -45.9081
1 1 1 -92.5403
1 1 2 -47.7418
1 1 3 100.167
-999 -999 -999 0.801261
2 0 0 -2.22387
2 0 1 0.600008
-999 -999 -999 108.332
2 1 0 -94.6525
2 1 1 -145.763