0 23 0.00863088 1 6 8 -1 0 0 0
0 0 -1 -1 -1 -1 -1 -1 -1 -1 -1 -1
0 1 -1 -1 -1 -1 -1 -1 -1 -1 -1 -1
0 2 -1 -1 -1 -1 -1 -1 -1 -1 0.00383592 -1
0 3 -1 -1 -1 -1 -1 -1 -1 -1 -1 -1
0 4 -1 -1 -1 -1 -1 -1 -1 -1 -1 -1
0 5 -1 -1 -1 -1 -1 -1 -1 -1 -1 -1
0 6 -1 -1 -1 -1 -1 -1 -1 -1 -1 -1
0 7 -1 -1 -1 -1 -1 -1 -1 -1 -1 -1
0 8 -1 -1 -1 -1 -1 -1 -1 -1 -1 -1
0 9 -1 -1 -1 -1 -1 -1 -1 -1 -1 -1
1 0 -1 -1 -1 -1 -1 -1 -1 -1 -1 -1
1 1 -1 -1 -1 -1 -1 -1 -1 -1 -1 -1
1 2 -1 -1 -1 -1 -1 -1 -1 -1 -1 -1
1 3 -1 -1 -1 -1 -1 -1 -1 -1 -1 -1
1 4 -1 -1 -1 -1 -1 -1 -1 -1 -1 -1
1 5 -1 -1 -1 -1 -1 -1 -1 -1 -1 -1
1 6 -1 -1 -1 -1 -1 -1 -1 -1 0.00863088 -1
1 7 -1 -1 -1 -1 -1 -1 -1 -1 -1 -1
1 8 -1 -1 -1 -1 -1 -1 -1 -1 -1 0.00411144
1 9 -1 -1 -1 -1 -1 -1 -1 -1 -1 -1
2 0 -1 -1 -1 -1 -1 -1 -1 -1 -1 -1
2 1 -1 -1 -1 -1 -1 -1 -1 -1 -1 -1
2 2 -1 -1 -1 -1 -1 -1 -1 -1 -1 -1
2 3 -1 -1 -1 -1 -1 -1 -1 -1 -1 -1
2 4 -1 -1 -1 -1 -1 0.000253098 -1 -1 -1 -1
2 5 -1 -1 -1 -1 -1 -1 -1 -1 -1 -1
2 6 -1 -1 -1 -1 -1 -1 -1 -1 -1 -1
2 7 -1 -1 -1 -1 -1 -1 -1 -1 -1 -1
2 8 -1 -1 -1 -1 -1 -1 -1 -1 -1 -1
2 9 -1 -1 -1 -1 -1 -1 -1 -1 -1 -1
3 0 -1 -1 -1 -1 -1 -1 -1 -1 -1 -1
3 1 -1 -1 -1 -1 -1 -1 -1 -1 -1 -1
3 2 -1 -1 -1 -1 -1 -1 -1 -1 -1 -1
3 3 -1 -1 -1 -7.35778e-06 -1 -1 -1 -1 -1 -1
3 4 -1 -1 -1 -1 -1 0.000629538 -1 -1 -1 -1
3 5 -1 -1 -1 -1 -1 -1 -0.000850641 -1 -1 -1
3 6 -1 -1 -1 -1 -1 -1 0.00133516 -1 -1 -1
3 7 -1 -1 -1 -1 -1 -1 -1 -1 -1 -1
3 8 -1 -1 -1 -1 -1 -1 -1 -1 -1 -1
3 9 -1 -1 -1 -1 -1 -1 -1 -1 -1 -1
4 0 -1 -1 -1 -1 -1 -1 -1 -1 -1 -1
4 1 -1 -1 -1 -1 -1 -1 -1 -1 -1 -1
4 2 -1 -1 -1 -1 -1 -1 -1 -1 -1 -1
4 3 -1 -1 -1 -1 -1 -1 -1 -1 -1 -1
4 4 -1 -1 -1 -1 -1 -1 -1 -1 -1 -1
4 5 -1 -1 -1 -1 -1 -1 -1 -1 -1 -1
4 6 -1 -1 -1 -1 -1 0.000384479 -1 -1 -1 -1
4 7 -1 -1 -1 -1 -1 -1 -1 -1 -1 -1
4 8 -1 -1 -1 -1 -1 -1 -1 -1 -1 0.00221702
4 9 -1 -1 -1 -1 -1 -1 -1 -1 -1 -1
5 0 0.00350761 -1 -1 -1 -1 -1 -1 -1 -1 -1
5 1 -1 -1 -1 -1 -1 -1 -1 -1 -1 -1
5 2 -1 -1 -1 -1 -1 -1 -1 -1 -1 -1
5 3 -1 0.00177695 -1 -1 -1 -1 -1 -1 -1 -1
5 4 -1 -1 -1 -1 -1 -1 -1 -1 -1 -1
5 5 -1 -1 -1 -1 0.000801983 -0.000615276 -1 -1 -1 -1
5 6 -1 -1 -1 -1 -1 -1 -1 -1 -1 -1
5 7 -1 -1 -1 -1 -1 -1 -1 -1 -1 -1
5 8 -1 -1 -1 -1 -1 -1 -1 -1 -1 -1
5 9 -1 -1 -1 -1 -1 -1 -1 -1 -1 -1
6 0 -1 -1 -1 -1 -1 -1 -1 -1 -1 -1
6 1 -1 -1 -1 -1 -1 -1 -1 -1 -1 -1
6 2 -1 -1 -1 -1 -1 -1 -1 -1 -1 -1
6 3 -1 -1 -1 -1 -1 -1 -1 -1 -1 -1
6 4 -1 -1 -1 -1 -1 -1 -1 -1 -1 -1
6 5 -1 -1 -1 -1 -1 -1 -1 -1 -1 -1
6 6 -1 -1 -1 -1 -1 -1 0.00101794 -1 -1 -1
6 7 -1 -1 -1 -1 -1 -1 -1 -1 -1 -1
6 8 -1 -1 -1 -1 -1 -1 -1 -1 -1 -1
6 9 -1 -1 -1 -1 -1 -1 -1 -1 -1 0.00718275
7 0 -1 -1 -1 -1 -1 -1 -1 -1 -1 -1
7 1 -1 -1 -1 -1 -1 -1 -1 -1 -1 -1
7 2 -1 -1 -1 -1 -1 -1 -1 -1 -1 -1
7 3 -1 -1 -1 -1 -1 -1 -1 -1 -1 -1
7 4 -1 -1 -1 -1 -1 -1 -1 -1 -1 -1
7 5 -1 -1 -1 -1 -1 -1 -1 -1 -1 -1
7 6 -1 -1 -1 -1 -1 -1 -1 -1 -1 -1
7 7 -1 -1 -1 -1 -1 0.0015782 -1 -1 -1 -1
7 8 -1 -1 -1 -1 -1 -1 -1 -1 -1 -1
7 9 -1 -1 -1 -1 -1 -1 -1 -1 -1 -1
8 0 -1 -1 -1 -1 -1 -1 -1 -1 -1 -1
8 1 -1 -1 -1 -1 -1 -1 -1 -1 -1 -1
8 2 -1 -1 -1 -1 -1 -1 -1 -1 -1 -1
8 3 -1 -1 -1 -1 -1 -1 -1 -1 -1 -1
8 4 -1 -1 -1 -1 -1 -1 -1 -1 -1 -1
8 5 -1 -1 -1 -1 -1 -1 -1 -1 -1 -1
8 6 -1 -1 -1 -1 -1 -1 -1 -1 -1 -1
8 7 -1 -1 -1 -1 -1 -1 -1 -1 -1 -1
8 8 -1 0.0075413 -1 -1 -1 -1 -1 -1 -1 -1
8 9 -1 -1 -1 -1 -1 -1 -1 0.00554663 -1 -1
9 0 -1 -1 -1 -1 -1 -1 -1 -1 -1 -1
9 1 -1 -1 -1 -1 -1 -1 -1 -1 -1 -1
9 2 -1 -1 -1 -1 -1 -1 -1 -1 -1 -1
9 3 -1 -1 -1 -1 -1 -1 -1 -1 -1 -1
9 4 -1 -1 -1 -1 -1 -1 -1 -1 -1 -1
9 5 0.00303562 -1 -1 -1 -1 -1 -1 -1 -1 -1
9 6 -1 -1 -1 -1 -1 -1 -1 -1 -1 -1
9 7 -1 -1 -1 -1 -1 -1 -1 -1 -1 -1
9 8 -1 0.00494253 -1 -1 -1 -1 -1 -1 -1 -1
9 9 -1 -1 -1 0.00318736 -1 -1 -1 0.00205098 -1 -1

5000 787 3.77712 1 0 7 -1 0 0 0
0 0 0.352575 0.801084 1.22764 1.82815 2.25283 2.36153 2.99137 3.52273 3.76042 2.44989
0 1 0.0557826 0.0822649 0.582829 0.59458 0.800642 0.416726 1.18938 1.8709 1.75288 0.27619
0 2 -3.63608e-05 0.010865 0.107727 0.371563 0.67523 0.861132 0.132756 0.576541 1.50168 0.255359
0 3 -1 0.00254543 0.0534254 0.100221 0.0959501 0.624004 0.0810556 0.75612 2.06502 0.572801
0 4 -1 -1 0.000870311 0.036332 0.125621 0.277565 0.454712 0.749283 1.33819 0.174632
0 5 -1 -1 0.000957229 0.00297374 0.00936335 0.0470308 0.209467 0.434404 0.772759 0.424747
0 6 -1 -1 0.000824707 0.00138348 0.000903565 0.0087003 0.0427568 0.0419199 1.02093 0.934618
0 7 -1 -1 -1 -0.000216539 0.000718099 0.000553247 0.00399391 0.0475448 0.536908 0.725619
0 8 -1 -1 -1 -1 -0.000184334 0.000488113 0.00446094 0.317824 0.0972008 0.278254
0 9 -1 -1 -1 -1 -1 -1 0.00179041 0.0188593 0.0171283 0.131334
1 0 0.655604 0.964279 1.46459 1.6367 2.17149 2.90718 3.24434 3.77712 3.76054 -1
1 1 0.404472 0.562321 0.724216 0.470026 1.03131 1.81353 2.08617 2.63368 1.90764 0.00926546
1 2 0.0351996 0.0140407 0.606377 0.463663 0.885631 0.494303 2.05088 2.21141 2.45733 0.125023
1 3 -0.000526381 0.0080186 0.063414 0.246956 0.470759 0.890115 1.13115 1.69782 2.03481 0.164262
1 4 -1 0.000518022 0.0246694 0.208298 0.209867 0.266614 0.301889 1.61926 1.70104 0.165181
1 5 -1 0.0660725 0.00341977 0.00202399 0.210635 0.223844 0.365147 0.37143 1.27048 1.10424
1 6 -1 0.00022287 0.00116602 0.00138708 0.155723 0.029434 0.3333 0.52817 1.00607 1.01283
1 7 -1 -1 0.00138268 -0.000121192 0.000587584 0.176953 0.156768 0.391386 0.588801 0.542822
1 8 -1 -1 -1 -1 0.0693549 0.165167 0.0158831 0.287068 0.298948 0.350122
1 9 -1 -1 -1 -1 0.0756141 0.00863744 0.0377289 0.171381 0.150345 0.236861
2 0 0.843233 1.28173 1.77376 1.99571 2.08003 2.59249 3.73273 3.77432 -1 -1
2 1 0.764231 0.917811 1.07198 1.32625 1.86564 1.53761 3.17925 3.22094 0.0121031 -1
2 2 0.42675 0.784305 0.748506 0.885134 1.14951 1.56171 1.88125 2.20595 0.324098 0.00125081
2 3 0.0294251 0.0636369 0.305235 0.43365 0.696091 1.12689 2.4666 1.98835 0.246497 0.00415488
2 4 -1 -0.000140591 0.00825658 0.576588 0.503617 0.75679 0.532662 1.14304 0.280445 0.0442393
2 5 -1 -8.07713e-05 0.00566858 0.215406 0.394922 0.477608 0.592762 1.03433 1.28354 0.472137
2 6 0.000180971 0.00117315 0.0222058 0.0892852 0.38767 0.455527 0.751637 0.769329 1.14011 0.576178
2 7 -1 0.000531457 0.000451653 0.00170306 0.00853455 0.0608065 0.387515 0.555774 0.758588 0.655867
2 8 -1 -1 -1 -1 7.90795e-05 0.00112053 0.149464 0.229068 0.384387 0.356991
2 9 -1 -1 -1 -1 0.00854309 0.0137821 0.0190779 0.219477 0.136536 0.183081
3 0 1.1588 1.54075 1.88509 2.5671 2.36361 3.72027 3.69349 -1 -1 -1
3 1 0.7565 1.25598 1.53318 2.37533 1.69475 2.70042 3.03836 3.08116 -1 -1
3 2 0.710557 0.972878 1.2673 1.42193 1.22808 2.7712 1.90027 1.84748 0.00626442 -1
3 3 0.114347 0.364221 0.57792 1.23376 1.44593 2.08337 1.63182 1.69678 0.0127122 0.00872447
3 4 0.00859054 0.00141019 0.152113 0.749898 1.04408 1.29507 1.47915 1.27932 0.376387 0.0291778
3 5 0.00026228 0.0304727 0.227292 0.216505 0.959093 0.949892 1.24386 1.21919 0.953654 0.00691514
3 6 -1 0.00107012 0.0945261 0.0467528 0.635325 0.830995 0.954683 0.85869 0.687665 0.226128
3 7 -0.000912845 0.000845416 0.00816742 0.000913929 0.0964438 0.363532 0.522519 0.678913 0.615276 0.106657
3 8 -1 -1 -1 -0.000412833 0.00851063 0.255172 0.28976 0.477527 0.448028 0.397629
3 9 -1 -1 -1 0.0188376 0.00862791 0.046904 0.0411412 0.138146 0.178568 0.191556
4 0 1.17926 1.86991 2.11434 2.48213 3.66112 3.68887 2.19895 -1 -1 -1
4 1 1.11705 1.8007 1.97592 2.16764 3.17905 3.07252 3.23768 -1 -1 -1
4 2 0.931985 1.20626 1.60354 1.76412 2.49848 2.77857 2.55488 2.07635 -1 -1
4 3 0.725789 0.688093 1.70019 1.41598 1.93939 1.70874 1.37475 2.27825 2.42493 0.000971231
4 4 0.126242 0.235224 1.02832 0.845553 1.26046 1.65951 1.57134 1.51334 1.93717 0.0158808
4 5 0.00524808 0.14705 0.0223721 0.596121 0.846344 0.997376 1.28513 0.962028 0.805675 0.034986
4 6 -0.000168364 0.00127387 0.0382839 0.306505 0.542026 0.875308 1.04282 0.966465 0.869186 0.0508833
4 7 -0.000151437 0.000786822 0.00408875 0.210601 0.0496111 0.687563 0.660934 0.862491 0.841344 0.445574
4 8 -0.000771852 0.000136566 0.00846797 0.0296017 0.354154 0.237596 0.344069 0.41938 0.416174 0.143034
4 9 -1 -1 -1 0.00868394 0.0854215 0.0372608 0.086193 0.171464 0.129625 0.147543
5 0 1.30571 2.01468 2.5731 3.59614 3.62569 1.77504 -1 -1 -1 -1
5 1 1.26069 1.94334 2.42571 3.01533 3.12054 3.0696 -1 -1 -1 -1
5 2 1.15713 1.57488 1.81158 2.78457 2.74084 2.80779 2.3697 -1 -1 -1
5 3 0.906831 1.22593 1.57816 2.20195 2.04165 2.11427 2.02645 2.13671 -1 -1
5 4 0.605168 0.711607 0.740999 1.85808 1.60831 1.90089 2.16448 1.9562 0.270203 -1
5 5 0.150742 0.149464 0.677105 0.927313 1.35678 1.34027 1.41797 0.928746 1.22988 0.0740129
5 6 0.000306155 0.284844 0.280151 0.200553 0.870816 1.11544 1.0918 0.834808 0.909841 0.0116894
5 7 0.0574401 0.0318704 0.0392874 0.0942753 0.767589 0.515562 0.779534 0.629018 0.69418 0.494337
5 8 -0.00022828 0.0195615 0.0094206 0.439333 0.37963 0.216205 0.343964 0.308331 0.382839 0.42809
5 9 0.0189379 0.0186513 0.00861287 0.0145495 0.0296376 0.117866 0.173485 0.0962133 0.142799 0.173364
6 0 1.53344 2.77512 3.55064 3.50254 1.73564 -1 -1 -1 -1 -1
6 1 1.15244 2.23121 2.9015 3.07181 2.7318 -1 -1 -1 -1 -1
6 2 1.42142 1.59233 2.69416 2.79341 2.75354 2.53567 -1 -1 -1 -1
6 3 1.16448 1.66703 2.18494 2.34204 2.20822 2.31542 2.05027 -1 -1 -1
6 4 1.05076 1.21567 1.90393 2.12756 2.06079 1.976 1.95804 1.26783 -1 -1
6 5 0.644692 0.621473 1.5435 1.67596 1.78371 1.70011 1.74961 1.67903 0.3893 -1
6 6 0.222109 0.357468 0.578072 0.788538 0.992084 0.944474 0.708209 1.09961 0.97384 0.011053
6 7 0.0146535 0.17076 0.241544 0.216009 0.729499 0.564394 0.693832 0.804901 0.732613 0.575845
6 8 -0.000245927 0.000844823 0.0859933 0.33291 0.268034 0.25188 0.389193 0.383502 0.563934 0.388357
6 9 -1 0.0566503 0.0948615 0.0577526 0.0915761 0.180144 0.0428494 0.069317 0.176433 0.181174
7 0 2.43026 3.40103 3.38726 -1 -1 -1 -1 -1 -1 -1
7 1 1.75786 2.77499 2.87091 2.21296 -1 -1 -1 -1 -1 -1
7 2 1.57646 2.47479 2.56938 2.40983 2.29593 0.712581 -1 -1 -1 -1
7 3 1.26744 2.21844 2.14759 2.20232 2.24396 1.18647 -1 -1 -1 -1
7 4 1.12845 1.85697 1.92727 1.72498 1.83296 1.92555 0.918652 0.858092 -1 -1
7 5 0.888586 1.34992 1.66564 1.47357 1.71264 1.58568 1.64263 1.40565 -1 -1
7 6 0.570104 0.932676 1.2573 1.10513 1.20558 1.34619 1.29928 1.42883 0.925799 -1
7 7 0.167137 0.401018 0.664307 0.68789 0.855755 0.581853 0.622814 0.587728 0.625784 0.510756
7 8 0.343307 0.0351735 0.143508 0.271042 0.402396 0.223195 0.361521 0.426647 0.487954 0.381206
7 9 0.0795081 0.0165283 0.0562585 0.140047 0.213365 0.0455778 0.18468 0.127447 0.103254 0.197545
8 0 2.06583 2.92955 -1 -1 -1 -1 -1 -1 -1 -1
8 1 2.14108 2.78883 0.00678949 -1 -1 -1 -1 -1 -1 -1
8 2 1.25788 2.06144 0.0186777 0.00634963 -1 -1 -1 -1 -1 -1
8 3 1.06576 2.07395 0.459833 1.85801 0.000549743 -1 -1 -1 -1 -1
8 4 1.62566 1.8137 1.82939 1.73328 1.68585 1.51268 -1 -1 -1 -1
8 5 1.26702 1.49909 1.35145 1.43718 1.45948 1.43897 1.50224 -1 -1 -1
8 6 1.14727 1.33205 1.27271 1.18632 1.3131 1.21853 1.04294 1.16089 -1 -1
8 7 0.833569 0.910118 0.794301 0.904687 0.907658 0.968604 0.966013 0.933495 0.93728 -1
8 8 0.443767 0.353961 0.526306 0.376159 0.584787 0.579635 0.620383 0.616058 0.59904 0.387121
8 9 0.026683 0.0271484 0.117521 0.051399 0.110311 0.104175 0.135985 0.161708 0.204356 0.170283
9 0 0.238902 -1 -1 -1 -1 -1 -1 -1 -1 -1
9 1 0.0600513 0.0099603 -1 -1 -1 -1 -1 -1 -1 -1
9 2 0.124724 0.00940668 0.00865223 -1 -1 -1 -1 -1 -1 -1
9 3 0.0559902 0.00736192 0.00953216 0.00893343 -1 -1 -1 -1 -1 -1
9 4 0.183588 0.0382287 0.00725255 0.00613167 0.00856322 -1 -1 -1 -1 -1
9 5 0.238987 0.183789 0.0539767 0.0947194 0.396113 0.0742252 -1 -1 -1 -1
9 6 1.01446 0.0372317 0.779506 0.921972 0.128291 0.193146 0.00900189 -1 -1 -1
9 7 0.78992 0.665361 0.723295 0.625381 0.787181 0.74393 0.749923 0.0158368 -1 -1
9 8 0.542745 0.51636 0.517422 0.539575 0.578841 0.562174 0.546973 0.595496 0.457574 0.360029
9 9 0.246511 0.206124 0.215648 0.248763 0.244272 0.242094 0.259647 0.245645 0.274313 0.138709

10000 808 3.77712 1 0 7 -1 0 0 0
0 0 0.487297 0.97227 1.36497 1.82815 2.25283 2.43553 3.07064 3.5527 3.77402 3.36055
0 1 0.0557826 0.354619 0.702655 0.708068 1.43792 1.15757 1.77038 2.16749 2.32577 0.39205
0 2 0.000153542 0.010865 0.206594 0.503467 0.881351 0.971598 1.6849 1.81813 2.33343 0.426079
0 3 -1 0.00254543 0.0534254 0.127797 0.292883 0.624004 0.970111 1.5627 2.25864 0.572801
0 4 -1 -0.000231769 0.00148689 0.036332 0.145254 0.277565 0.949449 1.79454 1.98541 0.490508
0 5 -1 -1 0.000957229 0.00731799 0.00936335 0.393785 0.403383 0.745409 1.54781 1.12616
0 6 -1 -0.000302428 0.00220163 0.00138348 0.000903565 0.0469695 0.17573 1.03128 1.17905 1.04615
0 7 -1 -1 -0.0008566 0.000246674 0.00130109 0.00116335 0.0194714 0.0618776 0.756043 0.725619
0 8 -1 -1 -1 -1 -0.000184334 0.000753335 0.00446094 0.317824 0.32225 0.541046
0 9 -1 -1 -1 -1 -1 0.0191159 0.0195922 0.0662965 0.0562993 0.193459
1 0 0.718144 1.14469 1.46459 2.262 2.34589 2.90718 3.44285 3.77712 3.7742 -1
1 1 0.404472 0.796191 0.724216 1.30167 1.42921 1.81353 2.59035 3.06481 2.73025 0.085624
1 2 0.0351996 0.257479 0.606377 0.62575 0.885631 1.35316 2.20443 2.6985 2.59661 0.128117
1 3 0.00840361 0.0080186 0.300811 0.246956 0.543394 1.37553 1.46438 2.05022 2.20474 0.164262
1 4 -1 0.000518022 0.0587254 0.374972 0.375907 0.639863 0.551171 1.61926 1.93377 0.165181
1 5 -1 0.0660725 0.460506 0.402953 0.210635 0.384906 0.682928 0.885731 1.59135 1.20102
1 6 -1 0.00022287 0.0016722 0.127299 0.155723 0.230103 0.354026 0.533091 1.25761 1.01283
1 7 -1 -1 0.00138268 0.00876431 0.0289732 0.176953 0.382172 0.690069 0.860565 0.77037
1 8 -1 -1 -1 -1 0.0693549 0.165167 0.0687409 0.287068 0.466022 0.511918
1 9 -1 -1 -1 -1 0.0756141 0.0182009 0.104636 0.171381 0.1811 0.236861
2 0 0.919572 1.28173 1.77376 2.23816 2.30857 2.8651 3.742 3.77432 -1 -1
2 1 0.764231 0.917811 1.22106 1.61141 1.98549 2.51528 3.23988 3.24575 3.0334 -1
2 2 0.427016 0.784305 0.789618 0.885134 1.50501 1.82566 2.15936 2.72005 2.80941 0.00582891
2 3 0.123388 0.217433 0.726185 0.61147 0.912045 1.37408 2.4666 2.36792 2.24398 0.00574781
2 4 -1 0.16169 0.26679 0.873716 0.83316 0.75679 1.0979 1.79679 1.8772 0.154574
2 5 -0.000296415 0.000691031 0.310484 0.362647 0.424834 0.875323 0.991169 1.03433 1.57471 1.45004
2 6 0.000180971 0.00117315 0.182972 0.418877 0.745913 1.05312 0.845067 0.781504 1.14992 0.998621
2 7 -0.000108381 0.000531457 0.00108907 0.0949774 0.0942504 0.362489 0.427724 0.652485 0.87204 0.84465
2 8 -1 -1 -1 0.000669012 0.0107589 0.155702 0.212658 0.37767 0.465862 0.471944
2 9 -1 -1 -1 -1 0.171491 0.0183354 0.133533 0.219477 0.180213 0.192625
3 0 1.1588 1.59772 2.33056 2.78144 2.8617 3.72251 3.7038 -1 -1 -1
3 1 0.889435 1.39546 1.57962 2.37533 2.56285 3.13651 3.21018 3.20667 -1 -1
3 2 0.774194 1.07983 1.2673 1.58204 2.01851 2.7712 2.11104 2.86801 1.36126 -1
3 3 0.480194 0.63499 0.940002 1.47311 2.0594 2.08337 2.34784 2.14754 1.93296 0.00944284
3 4 0.0564871 0.180319 0.567245 0.984732 1.04408 1.29507 1.83165 1.93305 1.35133 0.0893994
3 5 0.00194867 0.0304727 0.490618 0.762586 0.959093 1.25995 1.62314 1.37668 1.43573 0.500495
3 6 0.000617103 0.00754629 0.335058 0.210248 0.635325 0.830995 1.07499 0.989033 1.27512 0.226128
3 7 -0.000912845 0.000845416 0.00816742 0.0931769 0.725615 0.627312 0.565596 0.770696 0.806707 0.786055
3 8 -1 -1 -0.000370079 0.209328 0.163322 0.255172 0.509072 0.516238 0.508908 0.489241
3 9 -1 0.0277332 0.0373721 0.0569319 0.104425 0.046904 0.167663 0.179887 0.206581 0.191556
4 0 1.44535 1.88683 2.48158 2.77803 3.70006 3.70171 2.87745 -1 -1 -1
4 1 1.11705 1.8007 2.12757 2.26053 3.17905 3.19528 3.23768 -1 -1 -1
4 2 0.931985 1.55102 1.85239 2.12822 2.62894 2.82437 2.91111 2.67565 -1 -1
4 3 0.725789 1.02631 1.70019 1.5663 2.50312 2.38039 2.53117 2.362 2.42493 0.000971231
4 4 0.505264 0.401877 1.02832 1.29476 1.53092 1.8198 1.94207 1.70689 1.93717 0.0426409
4 5 0.00524808 0.553674 0.649394 0.989406 1.49072 1.36101 1.63889 1.56251 0.966082 0.034986
4 6 0.00867513 0.35975 0.537355 0.776856 0.788855 1.01308 1.21533 1.15642 1.12898 0.101462
4 7 0.00838577 0.000786822 0.130843 0.727124 0.754516 0.807701 0.834439 0.862491 0.916994 0.445574
4 8 -0.000771852 0.372486 0.00881346 0.247573 0.354154 0.434997 0.505234 0.541747 0.492425 0.431487
4 9 0.019137 -1 0.00866016 0.113986 0.0854215 0.168707 0.17787 0.246554 0.227702 0.214277
5 0 1.83929 2.33039 3.05849 3.65387 3.66217 1.90845 -1 -1 -1 -1
5 1 1.26069 1.94334 2.48691 3.03999 3.1543 3.07887 -1 -1 -1 -1
5 2 1.15713 1.57488 2.01965 2.82032 2.87381 2.80779 2.63448 2.46246 -1 -1
5 3 0.923272 1.22593 1.57816 2.32162 2.42811 2.4628 2.43969 2.42885 -1 -1
5 4 0.605168 1.09685 1.28375 1.87256 2.0686 1.91111 2.16448 2.04975 2.09726 -1
5 5 0.323674 0.745359 0.67848 1.14802 1.50033 1.52874 1.55847 1.49038 1.22988 0.0805105
5 6 0.362 0.570092 0.919144 0.661806 1.19862 1.11544 1.18434 1.07576 0.936991 0.0116894
5 7 0.0574401 0.140184 0.803415 0.450524 0.767589 0.676637 0.820984 0.841983 0.768451 0.836701
5 8 -0.00022828 0.0195615 0.372131 0.439333 0.37963 0.49726 0.567151 0.537783 0.511456 0.42809
5 9 0.0189379 0.0186513 0.141394 0.075721 0.175413 0.200673 0.173485 0.190454 0.142799 0.181903
6 0 2.377 2.799 3.64976 3.63628 1.82791 -1 -1 -1 -1 -1
6 1 1.15244 2.35064 2.98615 3.07181 2.87034 2.67611 -1 -1 -1 -1
6 2 1.42142 1.85055 2.69416 2.79341 2.75354 2.53567 -1 -1 -1 -1
6 3 1.16448 1.66703 2.29717 2.40096 2.42227 2.3482 2.42543 2.16157 -1 -1
6 4 1.05076 1.2545 1.96078 2.12756 2.06079 2.07675 2.00518 1.91239 -1 -1
6 5 0.644692 0.916548 1.5435 1.69416 1.78371 1.70011 1.74961 1.75692 1.39472 -1
6 6 0.222109 0.482478 0.706257 1.09349 0.992084 1.15208 1.14211 1.09961 0.97384 0.0113527
6 7 0.039331 0.225631 0.522802 0.836757 0.729499 0.783824 0.828352 0.804901 0.744749 0.575845
6 8 0.0769071 0.164477 0.372763 0.495774 0.493734 0.534718 0.482449 0.576481 0.563934 0.396793
6 9 0.00979288 0.0566503 0.0948615 0.150018 0.170433 0.242763 0.14437 0.2084 0.176433 0.201012
7 0 3.37355 3.7343 3.67586 -1 -1 -1 -1 -1 -1 -1
7 1 2.02408 2.88595 2.88443 2.61581 0.345859 -1 -1 -1 -1 -1
7 2 1.57646 2.58392 2.56938 2.52296 2.29593 0.712581 -1 -1 -1 -1
7 3 1.26744 2.21844 2.21246 2.20232 2.24396 2.22095 -1 -1 -1 -1
7 4 1.41086 1.8584 2.00527 1.91735 1.92278 2.01596 1.83037 0.858092 -1 -1
7 5 0.888586 1.54287 1.69691 1.56707 1.7135 1.6199 1.64263 1.47258 -1 -1
7 6 0.735459 1.2701 1.2573 1.19609 1.34893 1.34619 1.38575 1.42883 1.22325 0.000312689
7 7 0.167137 0.485551 0.818339 0.68789 0.855755 1.01138 0.962474 1.01485 0.716699 0.768817
7 8 0.463007 0.149226 0.4731 0.496748 0.469625 0.350628 0.417328 0.430487 0.565432 0.445558
7 9 0.0795081 0.0165283 0.0874071 0.140047 0.213365 0.18319 0.191147 0.143339 0.197445 0.197545
8 0 3.72799 3.74866 -1 -1 -1 -1 -1 -1 -1 -1
8 1 2.14108 2.78883 0.00678949 -1 -1 -1 -1 -1 -1 -1
8 2 1.78653 2.16875 0.0186777 0.494521 -1 -1 -1 -1 -1 -1
8 3 1.87613 2.0985 1.87689 1.98966 1.46846 1.65385 -1 -1 -1 -1
8 4 1.75946 1.85174 1.82939 1.82966 1.82107 1.51268 0.466223 -1 -1 -1
8 5 1.54177 1.5232 1.53738 1.45596 1.4805 1.52349 1.50224 -1 -1 -1
8 6 1.17965 1.33205 1.27271 1.18632 1.3131 1.32414 1.21044 1.16089 -1 -1
8 7 0.833569 0.940505 0.948894 0.904687 0.94866 0.968604 1.00093 0.970058 0.952801 -1
8 8 0.569023 0.465482 0.526306 0.53909 0.584787 0.637933 0.655532 0.648612 0.631249 0.582628
8 9 0.203569 0.133389 0.211078 0.175341 0.203007 0.186119 0.135985 0.183285 0.220632 0.214906
9 0 2.33839 -1 -1 -1 -1 -1 -1 -1 -1 -1
9 1 0.487777 0.0099603 -1 -1 -1 -1 -1 -1 -1 -1
9 2 0.33976 0.00940668 0.00865223 -1 -1 -1 -1 -1 -1 -1
9 3 0.0890245 0.0614693 0.0141563 0.00893343 -1 -1 -1 -1 -1 -1
9 4 0.530253 0.0716602 0.0228249 0.00613167 0.044199 -1 -1 -1 -1 -1
9 5 1.06903 0.183789 0.26124 0.117504 0.396113 0.147534 -1 -1 -1 -1
9 6 1.09249 0.847908 0.916893 0.921972 0.612258 0.193146 0.956711 -1 -1 -1
9 7 0.817156 0.787501 0.823548 0.853974 0.821184 0.904895 0.749923 0.67164 -1 -1
9 8 0.542745 0.518075 0.547761 0.596239 0.578841 0.60017 0.578134 0.595496 0.527568 0.371239
9 9 0.246511 0.226735 0.249793 0.248763 0.251528 0.261235 0.285247 0.285165 0.274313 0.265652

15000 822 3.77712 1 0 7 -1 0 0 0
0 0 0.572957 0.97227 1.4571 1.82815 2.25283 2.57747 3.07064 3.58936 3.77681 3.42514
0 1 0.0557826 0.354619 0.702655 1.06245 1.43792 1.63917 1.77038 2.16749 2.93839 0.703021
0 2 0.000153542 0.039944 0.206594 0.606392 0.881351 1.60101 1.6849 1.81813 2.60374 0.676078
0 3 -1 0.00254543 0.0851261 0.278676 0.545501 0.698477 1.06768 2.11184 2.25864 0.572801
0 4 -1 -0.000231769 0.00148689 0.114026 0.145254 0.414807 0.949449 1.79454 1.98541 0.981435
0 5 -1 -1 0.000957229 0.0565023 0.0371909 0.393785 0.490869 0.970777 1.5699 1.5565
0 6 -1 -0.000302428 0.00220163 0.00191383 0.00537893 0.0469695 0.315015 1.03128 1.17905 1.20752
0 7 -1 -1 5.75525e-05 0.000246674 0.00130109 0.00146257 0.0194714 0.690036 0.756043 0.868173
0 8 -1 -1 -1 -1 -6.79339e-05 0.0675232 0.210313 0.317824 0.325276 0.541046
0 9 -1 -1 -1 0.0182722 0.00927828 0.0191159 0.0283518 0.0662965 0.0656278 0.193459
1 0 0.936714 1.27017 1.46701 2.262 2.63808 2.90718 3.44285 3.77712 3.7742 -1
1 1 0.404472 0.796191 0.807872 1.33662 1.7185 1.98207 2.59035 3.06481 3.00963 0.085624
1 2 0.0351996 0.314745 0.606377 0.753852 1.3967 2.08916 2.20443 2.75629 2.74751 0.128117
1 3 0.0471979 0.216612 0.333761 0.984642 0.80691 1.37553 1.58503 2.29631 2.31727 0.179216
1 4 -1 0.00161736 0.133551 0.374972 0.375907 1.05397 0.551171 2.01498 1.93956 1.0374
1 5 -0.000113618 0.0660725 0.460506 0.402953 0.422385 0.384906 1.38708 1.33887 1.59135 1.48244
1 6 -1 0.00116087 0.0016722 0.127299 0.155723 0.458203 0.354026 0.992656 1.25761 1.11462
1 7 -1 -0.000822977 0.00138268 0.00876431 0.0289732 0.176953 0.382172 0.690069 0.860565 0.839662
1 8 -1 -1 -1 0.219086 0.334808 0.431407 0.0877484 0.366652 0.466022 0.54564
1 9 -1 -1 -1 -1 0.0756141 0.0182009 0.104636 0.171381 0.1811 0.236861
2 0 1.45895 1.56399 1.79252 2.31928 2.41499 3.14077 3.742 3.77432 -1 -1
2 1 0.764231 0.917811 1.62013 1.61141 2.12881 2.78693 3.26089 3.24575 3.3007 -1
2 2 0.494295 0.784305 0.832643 0.925164 1.52909 1.88563 2.76467 2.72005 2.87216 0.0130045
2 3 0.123388 0.217433 0.733992 1.39797 0.912045 1.54775 2.4666 2.36792 2.24398 0.00574781
2 4 -0.00103793 0.16169 0.629369 0.873716 1.50521 1.03272 1.0979 1.85576 1.8772 0.154574
2 5 -0.000296415 0.000691031 0.310484 0.812558 0.444163 0.875323 0.991169 1.57757 1.59228 1.45004
2 6 0.000180971 0.00117315 0.182972 0.418877 0.745913 1.05312 0.845067 1.06256 1.33586 1.1042
2 7 -0.000108381 0.000531457 0.00146444 0.0949774 0.110619 0.392214 0.549539 0.840825 0.87204 0.84465
2 8 -1 -1 -0.000442495 0.000669012 0.344436 0.155702 0.412003 0.37767 0.497861 0.569184
2 9 -1 -1 -1 0.0566936 0.171491 0.0280414 0.133533 0.219477 0.239202 0.192625
3 0 1.21867 1.85387 2.33056 2.78144 3.15892 3.72251 3.72053 0.248891 -1 -1
3 1 0.899546 1.39546 1.57962 2.37533 2.56807 3.28736 3.2747 3.20667 -1 -1
3 2 0.774194 1.07983 1.34276 1.7398 2.01851 2.7712 2.85582 2.87093 2.83687 -1
3 3 0.480194 0.63499 1.17636 1.47311 2.0594 2.08337 2.34784 2.20224 2.40866 0.00944284
3 4 0.0564871 0.180319 0.711773 1.00429 1.23477 1.75202 1.95146 2.03094 1.83477 0.0893994
3 5 0.00194867 0.151176 0.490618 0.809783 0.965497 1.25995 1.62851 1.69885 1.43573 0.500495
3 6 0.000617103 0.0743596 0.335058 0.210248 0.793744 0.837979 1.07499 1.11727 1.31299 1.18855
3 7 -0.000388275 0.000845416 0.209071 0.0931769 0.725615 0.627312 0.776111 0.892791 0.821215 0.935319
3 8 -1 -1 0.0775973 0.286162 0.199652 0.431197 0.509072 0.582082 0.508908 0.491781
3 9 -1 0.0277332 0.0373721 0.0569319 0.104425 0.0756764 0.174558 0.200353 0.206581 0.218273
4 0 1.48212 2.60793 2.48158 3.04343 3.70006 3.70171 3.23843 -1 -1 -1
4 1 1.11705 1.8007 2.12757 2.54862 3.18612 3.23275 3.23768 -1 -1 -1
4 2 0.932044 1.55102 1.85239 2.12822 2.82943 2.82437 2.91111 2.68576 -1 -1
4 3 0.725789 1.02631 1.70019 1.88715 2.50312 2.38039 2.58542 2.362 2.42493 0.000971231
4 4 0.505264 0.488679 1.02832 1.29476 1.53092 2.05056 1.98131 1.87981 1.93717 0.0426409
4 5 0.00524808 0.553674 0.649394 0.989406 1.49072 1.51435 1.63889 1.59695 1.63016 0.034986
4 6 0.00867513 0.35975 0.537355 0.776856 0.788855 1.3361 1.26844 1.15642 1.12898 1.04171
4 7 0.00838577 0.133198 0.257464 0.727124 0.754516 0.807701 0.834439 0.924806 0.916994 0.931606
4 8 -0.000771852 0.372486 0.0759094 0.247573 0.354154 0.434997 0.509941 0.558743 0.492425 0.545408
4 9 0.0277785 -1 0.169849 0.113986 0.219698 0.228832 0.178821 0.246554 0.227702 0.214277
5 0 1.83929 2.84712 3.05849 3.69059 3.67881 3.03236 -1 -1 -1 -1
5 1 1.26069 1.94334 2.48691 3.0963 3.15519 3.18098 2.86646 -1 -1 -1
5 2 1.15713 1.57488 2.07388 2.82032 2.87381 2.86714 2.71237 2.46246 -1 -1
5 3 0.979153 1.54278 1.82878 2.3709 2.47657 2.4628 2.52277 2.42885 -1 -1
5 4 0.661658 1.19777 1.41303 1.931 2.09826 1.91111 2.16448 2.04975 2.09726 -1
5 5 0.323674 0.745359 0.720027 1.49385 1.50033 1.60181 1.71619 1.49038 1.30659 0.0805105
5 6 0.362 0.570092 0.919144 0.769453 1.23911 1.17313 1.18434 1.10338 1.05643 0.0116894
5 7 0.0574401 0.140184 0.803415 0.714652 0.767589 0.864015 0.877544 0.841983 0.768451 0.836701
5 8 -0.00022828 0.0195615 0.410536 0.468416 0.524671 0.49726 0.567151 0.537783 0.511456 0.42809
5 9 0.0189379 0.0186513 0.141394 0.075721 0.195846 0.207382 0.173485 0.220157 0.211413 0.186917
6 0 2.49377 2.799 3.65128 3.63628 1.82791 -1 -1 -1 -1 -1
6 1 1.84632 2.35064 2.98615 3.12365 2.87034 2.67611 -1 -1 -1 -1
6 2 1.49294 1.85427 2.69416 2.79341 2.75354 2.56687 1.2943 -1 -1 -1
6 3 1.16448 1.66703 2.29781 2.40096 2.42227 2.4312 2.42543 2.16157 -1 -1
6 4 1.05076 1.28788 1.98989 2.12756 2.06079 2.08217 2.11813 1.91239 1.77028 -1
6 5 0.644692 1.16917 1.5435 1.69416 1.78371 1.70011 1.74961 1.75692 1.70938 -1
6 6 0.225973 0.482478 0.783044 1.10534 1.24103 1.15208 1.2195 1.09961 1.42808 0.0393254
6 7 0.0472288 0.794513 0.702213 0.836757 0.878866 0.783824 0.828352 0.896146 0.773836 0.575845
6 8 0.104005 0.449075 0.497416 0.495774 0.493734 0.534718 0.482449 0.576481 0.568054 0.447993
6 9 0.0565334 0.0920605 0.174144 0.150018 0.183657 0.242763 0.14437 0.2084 0.211892 0.235719
7 0 3.39394 3.73986 3.67586 -1 -1 -1 -1 -1 -1 -1
7 1 2.12891 2.88595 3.07013 2.62038 2.46109 -1 -1 -1 -1 -1
7 2 1.72453 2.58392 2.56938 2.52296 2.42482 0.712581 -1 -1 -1 -1
7 3 1.39172 2.21844 2.21246 2.20756 2.24396 2.31099 -1 -1 -1 -1
7 4 1.41086 1.86915 2.00527 1.91735 2.03081 2.06474 1.91282 0.858092 -1 -1
7 5 0.98411 1.58458 1.69691 1.64699 1.7135 1.73621 1.72921 1.51394 -1 -1
7 6 0.735459 1.2701 1.35924 1.37557 1.34893 1.34729 1.38575 1.42883 1.26478 0.000312689
7 7 0.234833 0.486283 0.818339 0.74147 0.998385 1.01138 0.993021 1.01485 0.979397 0.957763
7 8 0.463007 0.192441 0.4731 0.496748 0.543211 0.550689 0.598357 0.545533 0.565432 0.451982
7 9 0.0795081 0.0875661 0.180894 0.175731 0.213365 0.18319 0.191147 0.200478 0.214494 0.212706
8 0 3.74198 3.75009 -1 -1 -1 -1 -1 -1 -1 -1
8 1 2.14108 2.78883 0.00678949 -1 -1 -1 -1 -1 -1 -1
8 2 1.93934 2.30823 0.322952 0.879473 -1 -1 -1 -1 -1 -1
8 3 1.87613 2.10488 1.87689 2.07895 2.26342 1.65385 -1 -1 -1 -1
8 4 1.75946 1.85174 1.82939 1.88087 1.82107 1.79024 0.466223 -1 -1 -1
8 5 1.54272 1.5232 1.53738 1.46844 1.4805 1.52349 1.50224 -1 -1 -1
8 6 1.17965 1.33205 1.32456 1.18632 1.3131 1.32414 1.2659 1.16089 -1 -1
8 7 0.833569 0.940505 0.948894 0.981899 0.98027 0.968604 1.00093 0.985493 0.965263 0.549413
8 8 0.569023 0.539173 0.526306 0.598135 0.585561 0.637933 0.655532 0.648612 0.631249 0.622473
8 9 0.203569 0.177242 0.211078 0.175341 0.203007 0.21935 0.189705 0.23166 0.220632 0.214906
9 0 3.46891 -1 -1 -1 -1 -1 -1 -1 -1 -1
9 1 1.28199 0.0099603 -1 -1 -1 -1 -1 -1 -1 -1
9 2 0.33976 0.0132278 0.00865223 -1 -1 -1 -1 -1 -1 -1
9 3 0.166651 0.0614693 0.0141563 0.00893343 -1 -1 -1 -1 -1 -1
9 4 0.896034 0.0716602 0.103877 0.00613167 0.044199 -1 -1 -1 -1 -1
9 5 1.06903 0.183789 0.26124 0.208204 0.396113 0.147534 -1 -1 -1 -1
9 6 1.11691 0.847908 0.916893 0.921972 0.948059 0.223599 0.956711 -1 -1 -1
9 7 0.817156 0.835953 0.823548 0.853974 0.854732 0.904895 0.862556 0.678512 0.816441 -1
9 8 0.542745 0.567118 0.547761 0.597584 0.591761 0.60017 0.582804 0.595496 0.53479 0.371239
9 9 0.246511 0.228391 0.274387 0.265682 0.273764 0.269885 0.285247 0.286264 0.282007 0.265652

20000 830 3.77846 1 0 7 -1 0 0 0
0 0 0.591593 0.986515 1.4571 1.92824 2.25283 2.60691 3.07147 3.58936 3.77681 3.49245
0 1 0.0557826 0.354619 0.769314 1.2235 1.43792 1.63917 1.77038 2.34676 2.95157 0.703021
0 2 0.000533403 0.0969213 0.431014 0.880996 1.24295 1.60101 1.6849 1.86463 2.60493 0.676078
0 3 -1 0.00254543 0.0851261 0.278676 0.595132 0.933907 1.29549 2.11184 2.25864 0.720427
0 4 -1 0.000507102 0.0117433 0.114026 0.231371 0.526221 0.949449 1.79454 1.98541 0.981435
0 5 -1 -1 0.000957229 0.0565023 0.0935499 0.393785 0.645627 1.57268 1.5699 1.5738
0 6 -1 5.62112e-05 0.00220163 0.00191383 0.00537893 0.0469695 0.315015 1.03128 1.17905 1.31424
0 7 -1 -1 5.75525e-05 0.000246674 0.00130109 0.008488 0.14269 0.690036 0.756043 0.868173
0 8 -1 -1 -1 -1 0.00152269 0.0675232 0.210313 0.317824 0.406771 0.541046
0 9 -1 -1 -1 0.0182722 0.00927828 0.0191159 0.0283518 0.0662965 0.0656278 0.193459
1 0 1.02739 1.34277 1.56118 2.262 2.63808 2.90718 3.44285 3.77846 3.7768 -1
1 1 0.490468 0.796191 0.904503 1.33662 1.7185 2.08043 2.59035 3.13869 3.01441 0.085624
1 2 0.0351996 0.314745 0.606377 0.94554 1.3967 2.08916 2.41151 2.84394 2.74751 0.128117
1 3 0.0471979 0.216612 0.333761 0.984642 1.17076 1.37553 1.58503 2.29631 2.35969 0.179216
1 4 -0.000651671 0.00161736 0.169758 0.374972 0.935201 1.20833 0.79998 2.01498 2.02039 1.0374
1 5 -0.000113618 0.0660725 0.460506 0.402953 0.422385 0.384906 1.38708 1.33887 1.6364 1.48244
1 6 -1 0.00139296 0.0713545 0.127299 0.155723 0.458203 1.08205 0.992656 1.25761 1.18262
1 7 -1 -0.000822977 0.00138268 0.0320171 0.0289732 0.176953 0.382172 0.690069 0.860565 0.852821
1 8 -1 -1 -1 0.219086 0.334808 0.431407 0.282542 0.366652 0.466022 0.54564
1 9 -1 0.0564121 -1 -1 0.0756141 0.046865 0.104636 0.171381 0.1811 0.236861
2 0 1.45895 1.56399 1.87977 2.31928 2.5856 3.14077 3.75608 3.77432 0.169825 -1
2 1 0.764231 1.16966 1.62013 1.74144 2.12881 2.98426 3.26089 3.24575 3.3007 -1
2 2 0.494295 0.784305 1.03587 1.2024 1.52909 1.88563 2.76467 2.74757 2.87216 0.0130045
2 3 0.123388 0.217433 0.733992 1.39797 1.37732 1.74772 2.4666 2.36792 2.28391 0.0383656
2 4 -0.00103793 0.16169 0.629369 0.873716 1.50521 1.08028 1.0979 1.85576 1.93099 0.154574
2 5 -0.000296415 0.00851772 0.310484 0.812558 0.444163 0.875323 1.28261 1.57757 1.61574 1.45004
2 6 0.000180971 0.00641054 0.182972 0.418877 1.10265 1.05312 0.938507 1.1503 1.33586 1.23253
2 7 -0.000108381 0.000531457 0.00146444 0.0949774 0.15376 0.392214 0.551262 0.840825 0.87204 0.876883
2 8 -1 -1 -0.000442495 0.0180034 0.344436 0.209626 0.412003 0.440275 0.54989 0.569184
2 9 -1 -1 -1 0.0566936 0.171491 0.0471506 0.133533 0.219477 0.239202 0.230513
3 0 1.36454 2.15658 2.39383 2.78144 3.19682 3.72251 3.72053 0.248891 -1 -1
3 1 0.899546 1.39546 1.7205 2.37533 2.6899 3.32114 3.2747 3.23524 2.9296 -1
3 2 0.774194 1.07983 1.37103 1.7398 2.01851 2.7712 2.85582 2.89065 2.83687 -1
3 3 0.480194 0.677961 1.17636 1.47311 2.0594 2.08337 2.34784 2.44643 2.40866 0.00944284
3 4 0.0564871 0.252418 0.736166 1.50991 1.30725 1.75202 1.95146 2.03094 1.96114 0.0893994
3 5 0.00194867 0.256024 0.637362 0.809783 0.965497 1.25995 1.62851 1.69885 1.5332 0.500495
3 6 0.000617103 0.142562 0.335058 0.492868 0.793744 0.837979 1.13916 1.23181 1.31299 1.23297
3 7 7.61811e-05 0.0847186 0.209071 0.0931769 0.725615 0.627312 0.776111 0.892791 0.853061 0.935319
3 8 -1 0.0170501 0.0775973 0.286162 0.412731 0.431197 0.509072 0.582082 0.57989 0.523973
3 9 -1 0.0280968 0.0373721 0.0853474 0.104425 0.0756764 0.174558 0.231854 0.206581 0.218273
4 0 1.88986 2.60793 2.48158 3.04343 3.70925 3.70171 3.23843 -1 -1 -1
4 1 1.11705 1.8007 2.12757 2.54862 3.18612 3.26322 3.23768 -1 -1 -1
4 2 0.932044 1.55102 2.00148 2.12822 2.82943 2.82437 2.91111 2.73734 -1 -1
4 3 0.725789 1.31718 1.70019 1.88715 2.50312 2.38039 2.58542 2.362 2.439 0.000971231
4 4 0.505264 0.601484 1.02832 1.7031 1.72218 2.0563 1.98131 2.1186 2.1139 0.0426409
4 5 0.00524808 0.553674 0.649394 0.989406 1.49072 1.51435 1.63889 1.59695 1.63016 0.034986
4 6 0.00867513 0.35975 0.537355 0.776856 0.788855 1.3361 1.26844 1.18185 1.12927 1.04171
4 7 0.00863811 0.133198 0.257464 0.727124 0.843816 0.807701 0.857556 0.924806 0.916994 0.931606
4 8 -0.000771852 0.372486 0.0851434 0.247573 0.354154 0.434997 0.509941 0.558743 0.504557 0.545408
4 9 0.0277785 -1 0.169849 0.113986 0.219698 0.228832 0.178821 0.246554 0.251398 0.214277
5 0 1.83929 3.10961 3.05849 3.69059 3.70076 3.03236 -1 -1 -1 -1
5 1 1.38496 1.94334 2.48691 3.0963 3.15519 3.18098 2.86646 -1 -1 -1
5 2 1.15713 1.62423 2.11304 2.82032 2.87381 2.86714 2.71237 2.46246 -1 -1
5 3 0.979153 1.54278 1.82878 2.3709 2.50791 2.50088 2.52277 2.42885 -1 -1
5 4 0.696584 1.19777 1.41303 1.931 2.09826 1.97571 2.16448 2.13566 2.09726 -1
5 5 0.323674 0.745359 0.797078 1.49385 1.50033 1.60181 1.71619 1.49038 1.30659 0.0805105
5 6 0.362 0.570092 1.0819 0.769453 1.23911 1.21342 1.22289 1.276 1.05643 0.948873
5 7 0.0574401 0.140184 0.803415 0.714652 0.767589 0.864015 0.877544 0.841983 0.768451 0.836701
5 8 0.0029752 0.0195615 0.410536 0.468416 0.524671 0.552739 0.567151 0.537783 0.511456 0.496279
5 9 0.0189379 0.0186513 0.141394 0.075721 0.195846 0.207382 0.201881 0.220157 0.217944 0.22157
6 0 2.49377 3.14084 3.65128 3.64028 1.82791 -1 -1 -1 -1 -1
6 1 1.86821 2.35064 3.01648 3.12365 2.87034 2.67611 -1 -1 -1 -1
6 2 1.49294 1.94289 2.69416 2.79341 2.75354 2.56687 2.50708 -1 -1 -1
6 3 1.30082 1.66703 2.30985 2.447 2.42227 2.4312 2.42543 2.16157 -1 -1
6 4 1.07248 1.28788 1.98989 2.12756 2.06079 2.08217 2.11813 1.96197 1.88583 -1
6 5 0.76463 1.16917 1.58474 1.69416 1.78371 1.70011 1.74961 1.77886 1.70938 -1
6 6 0.367122 0.482478 0.958531 1.10534 1.24103 1.15208 1.2195 1.25242 1.42808 0.0393254
6 7 0.0472288 0.794513 0.702213 0.836757 0.878866 0.8981 0.837041 0.896146 0.773836 0.575845
6 8 0.104005 0.449075 0.497416 0.495774 0.493734 0.534718 0.529339 0.583781 0.568054 0.447993
6 9 0.0662748 0.0920605 0.174144 0.15478 0.183779 0.242763 0.214104 0.212751 0.211892 0.235719
7 0 3.41455 3.74143 3.68212 0.834169 -1 -1 -1 -1 -1 -1
7 1 2.12891 2.89189 3.07013 2.65311 2.46109 -1 -1 -1 -1 -1
7 2 1.72453 2.58392 2.56938 2.52296 2.42482 0.712581 -1 -1 -1 -1
7 3 1.50881 2.21844 2.21781 2.20756 2.35772 2.31099 0.922751 -1 -1 -1
7 4 1.41086 1.86915 2.00527 2.01363 2.03081 2.06474 1.91282 0.858092 -1 -1
7 5 0.98411 1.61294 1.69691 1.66848 1.7135 1.73621 1.72921 1.58302 1.51338 -1
7 6 0.735459 1.2701 1.35924 1.37557 1.3737 1.36477 1.38575 1.42883 1.26478 0.000312689
7 7 0.234833 0.58563 0.818339 0.749489 0.998385 1.01138 0.993021 1.01485 1.03438 0.957763
7 8 0.463007 0.193057 0.4731 0.496748 0.543211 0.550689 0.598357 0.545533 0.565432 0.451982
7 9 0.0795081 0.157425 0.180894 0.175731 0.213365 0.201595 0.191147 0.206133 0.239173 0.235499
8 0 3.74516 3.75009 -1 -1 -1 -1 -1 -1 -1 -1
8 1 2.69173 2.78883 0.00678949 -1 -1 -1 -1 -1 -1 -1
8 2 1.93934 2.30823 0.322952 0.879473 -1 -1 -1 -1 -1 -1
8 3 1.87613 2.12945 1.87689 2.18469 2.26342 1.65385 -1 -1 -1 -1
8 4 1.75946 1.85174 1.87853 1.88087 1.82107 2.04186 0.466223 -1 -1 -1
8 5 1.54272 1.55964 1.53738 1.6107 1.5268 1.71393 1.50224 -1 -1 -1
8 6 1.17965 1.33205 1.32456 1.24076 1.3131 1.32414 1.31124 1.16089 -1 -1
8 7 0.833569 0.940505 0.948894 0.981899 1.01309 0.968604 1.02059 1.02351 0.965263 0.549413
8 8 0.585489 0.539173 0.526306 0.598135 0.602246 0.637933 0.655532 0.648612 0.660613 0.622473
8 9 0.203569 0.177242 0.211078 0.175341 0.203007 0.21935 0.189705 0.23166 0.238756 0.214906
9 0 3.52976 -1 -1 -1 -1 -1 -1 -1 -1 -1
9 1 1.82546 0.0099603 -1 -1 -1 -1 -1 -1 -1 -1
9 2 0.656414 0.0132278 0.00865223 -1 -1 -1 -1 -1 -1 -1
9 3 0.247486 0.0614693 0.0141563 0.00893343 -1 -1 -1 -1 -1 -1
9 4 0.896034 0.0716602 0.103877 0.00613167 0.044199 -1 -1 -1 -1 -1
9 5 1.06903 0.210674 0.264902 0.208204 0.396113 0.147534 -1 -1 -1 -1
9 6 1.18045 0.847908 1.06167 0.969341 0.987104 1.12633 0.956711 -1 -1 -1
9 7 0.881212 0.875466 0.875331 0.853974 0.854732 0.904895 0.862556 0.813088 0.816441 -1
9 8 0.542745 0.567118 0.569145 0.597584 0.591761 0.60017 0.58878 0.645697 0.567252 0.434378
9 9 0.246511 0.228391 0.274387 0.265682 0.283898 0.276001 0.285247 0.286264 0.282007 0.265652

