0 21 0.0197472 0 8 9 -1 0 0 0
0 0 -1 -1 -1 -1 -1 -1 -1 -1 -1 -1
0 1 -1 -1 -1 -1 -1 -1 -1 -1 -1 -1
0 2 -1 -1 -1 -1 -1 -1 -1 -1 -1 -1
0 3 -1 -1 -1 -1 -1 -1 -1 -1 -1 -1
0 4 -1 -1 -1 -1 -1 -1 -1 -1 -1 -1
0 5 -1 -1 -1 -1 -1 -1 -1 -1 -1 -1
0 6 -1 -1 -1 -1 -1 -1 -1 -1 -1 -1
0 7 -1 -1 -1 -1 -1 -1 -1 -1 -1 -1
0 8 -1 -1 -1 -1 -1 -1 -1 -1 -1 0.0197472
0 9 -1 -1 -1 -1 -1 -1 -1 -1 -1 0.00339764
1 0 -1 -1 -1 -1 -1 -1 -1 -1 -1 -1
1 1 -1 -1 0.00442154 -1 -1 -1 -1 -1 -1 -1
1 2 -1 -1 -1 -1 -1 -1 -1 -1 -1 -1
1 3 -1 -1 -1 -1 -1 -1 -1 -1 -1 -1
1 4 -1 -1 -1 -1 -1 -1 -1 -1 -1 -1
1 5 -1 -1 -1 -1 -1 -1 -1 -1 -1 -1
1 6 -1 -1 -1 -1 -1 -1 -1 -1 -1 -1
1 7 -1 -1 -1 -1 -1 -1 -1 -1 -1 -1
1 8 -1 -1 -1 -1 -1 -1 -1 -1 -1 -1
1 9 -1 -1 -1 -1 -1 -1 -1 -1 -1 -1
2 0 -1 -1 -1 -1 -1 -1 -1 -1 -1 -1
2 1 -1 -1 -1 -1 -1 -1 -1 -1 -1 -1
2 2 -1 -1 -1 -1 -1 -1 -1 -1 -1 -1
2 3 -1 -1 -1 -1 0.00129941 6.93284e-06 -1 -1 -1 -1
2 4 -1 -1 -1 -1 0.000495693 -1 -1 -1 -1 -1
2 5 -1 -1 -1 -1 -1 -1 -1 -1 -1 -1
2 6 -1 -1 -1 -1 -1 -1 -1 -1 -1 -1
2 7 -1 -1 -1 -1 -1 -1 -1 -1 -1 -1
2 8 -1 -1 -1 -1 -1 -1 -1 -1 -1 -1
2 9 -1 -1 -1 -1 -1 -1 -1 -1 -1 0.00435206
3 0 -1 -1 -1 -1 -1 -1 -1 -1 -1 -1
3 1 -1 -1 -1 -1 -1 -1 -1 -1 -1 -1
3 2 -1 0.00050099 -1 -1 -1 -1 -1 -1 -1 -1
3 3 -1 -1 -1 -1 -1 -1 -1 -1 -1 -1
3 4 -1 -1 -1 -1 -1 -1 -1 -1 -1 -1
3 5 -1 -1 -1 -1 -1 -1 -1 -1 -1 -1
3 6 -1 -1 -1 -1 -1 -1 -1 -1 -1 -1
3 7 -1 -1 -1 -1 -1 -1 -1 -1 -1 -1
3 8 -1 -1 -1 -1 -1 -1 -1 -1 -1 -1
3 9 -1 -1 -1 -1 -1 -1 -1 -1 -1 0.00389725
4 0 -1 -1 -1 -1 -1 -1 -1 -1 -1 -1
4 1 -1 -1 -1 -1 -1 -1 -1 -1 -1 -1
4 2 -1 -1 -1 -1 -1 -1 -1 -1 -1 -1
4 3 -1 -1 0.00150401 0.0061197 -1 -1 -1 -1 -1 -1
4 4 -1 -1 -1 0.000618253 -1 -1 -1 -1 -1 -1
4 5 -1 -1 -1 -1 -1 0.000842358 -1 -1 -1 -1
4 6 -1 -1 -1 -1 -1 -1 -1 -1 -1 -1
4 7 -1 -1 -1 -1 -1 -1 -1 -1 -1 -1
4 8 -1 -1 -1 -1 -1 0.0179212 -1 -1 -1 -1
4 9 -1 -1 -1 -1 -1 -1 -1 -1 -1 -1
5 0 -1 -1 -1 -1 -1 -1 -1 -1 -1 -1
5 1 -1 -1 -1 -1 -1 -1 -1 -1 -1 -1
5 2 -1 -1 -1 -1 -1 -1 -1 -1 -1 -1
5 3 -1 -1 -1 -1 -1 -1 -1 -1 -1 -1
5 4 -1 -1 0.000852738 -1 -1 -1 -1 -1 -1 -1
5 5 -1 -1 -1 0.000298483 -1 -1 -1 -1 -1 -1
5 6 -1 -1 -1 -1 -1 -1 -1 -1 -1 -1
5 7 -1 -1 -1 -1 -1 -1 -1 -1 -1 -1
5 8 -1 -1 -1 -1 -1 -1 -1 -1 -1 -1
5 9 -1 -1 -1 -1 -1 -1 -1 -1 -1 -1
6 0 -1 -1 -1 -1 -1 -1 -1 -1 -1 -1
6 1 -1 -1 -1 -1 -1 -1 -1 -1 -1 -1
6 2 -1 -1 -1 -1 -1 -1 -1 -1 -1 -1
6 3 -1 -1 -1 -1 -1 -1 -1 -1 -1 -1
6 4 -1 -1 -1 -1 -1 -1 -1 -1 -1 -1
6 5 -1 -1 0.000473983 -1 -1 -1 -1 -1 -1 -1
6 6 -1 -1 -1 -1 -1 -1 -1 -1 -1 -1
6 7 -1 -1 -1 -1 -1 -1 -1 -1 -1 -1
6 8 -1 -1 -1 -1 -1 -1 -1 -1 -1 -1
6 9 -1 -1 -1 -1 -1 -1 -1 -1 -1 -1
7 0 -1 -1 -1 -1 -1 -1 -1 -1 -1 -1
7 1 -1 -1 -1 -1 -1 -1 -1 -1 -1 -1
7 2 -1 -1 -1 -1 -1 -1 -1 -1 -1 -1
7 3 -1 -1 -1 -1 -1 -1 -1 -1 -1 -1
7 4 -1 -1 -1 -1 -1 -1 -1 -1 -1 -1
7 5 -1 -1 -1 -1 -1 -1 -1 -1 -1 -1
7 6 -1 -1 -1 -1 -1 -1 -1 -1 -1 -1
7 7 -1 -1 -1 -1 0.00190212 -1 -1 -1 -1 -1
7 8 -1 -1 -1 -1 -1 -1 -1 -1 -1 -1
7 9 -1 -1 -1 -1 -1 -1 -1 -1 -1 -1
8 0 -1 -1 -1 -1 -1 -1 -1 -1 -1 -1
8 1 -1 -1 -1 -1 -1 -1 -1 -1 -1 -1
8 2 -1 -1 -1 -1 -1 -1 -1 -1 -1 -1
8 3 -1 -1 -1 -1 -1 -1 -1 -1 -1 -1
8 4 -1 -1 -1 -1 -1 -1 -1 -1 -1 -1
8 5 -1 -1 -1 -1 -1 -1 -1 -1 -1 -1
8 6 -1 -1 -1 -1 -1 -1 -1 -1 -1 -1
8 7 -1 -1 -1 -1 -1 -1 -1 -1 -1 -1
8 8 -1 -1 -1 -1 -1 -1 -1 -1 -1 -1
8 9 -1 -1 -1 -1 -1 -1 -1 -1 -1 -1
9 0 -1 -1 -1 -1 -1 -1 -1 -1 -1 -1
9 1 -1 -1 -1 -1 -1 -1 -1 -1 -1 -1
9 2 -1 -1 -1 -1 -1 -1 -1 -1 -1 -1
9 3 -1 -1 -1 -1 -1 -1 -1 -1 -1 -1
9 4 -1 -1 -1 -1 -1 -1 -1 -1 -1 -1
9 5 -1 -1 -1 -1 -1 -1 -1 -1 -1 -1
9 6 -1 -1 -1 -1 -1 -1 -1 -1 -1 -1
9 7 -1 -1 -1 -1 -1 -1 -1 -1 -1 -1
9 8 -1 -1 -1 -1 -1 -1 -1 -1 -1 -1
9 9 0.00823007 -1 -1 -1 0.00529507 -1 -1 -1 -1 0.00936497

5000 793 3.76956 1 0 7 -1 0 0 0
0 0 0.447694 0.780776 1.29593 1.74097 2.33338 2.56446 2.86137 3.53713 3.71008 1.09212
0 1 0.0699311 0.394283 0.713116 1.03047 1.45513 1.60164 1.80935 2.1218 2.39543 1.26443
0 2 0.000345052 0.0108469 0.361683 0.706095 0.8664 1.81439 1.85622 1.64276 2.3116 0.501882
0 3 -1 0.000475095 0.00778495 0.367779 0.454259 1.00053 1.16627 1.24515 1.60452 0.113887
0 4 -1 0.000260453 0.000592168 0.00252705 0.0229613 0.548701 0.395034 1.02735 1.48835 0.180417
0 5 -1 -1 0.00115431 0.00360409 0.0083607 0.0773722 0.365093 0.943365 1.10563 0.238565
0 6 -1 0.000185181 0.000402643 0.00192425 0.0012865 0.000754424 0.232045 0.520827 1.10124 0.603449
0 7 -1 -1 6.43907e-05 -0.000601751 0.000961128 0.000275765 0.0086316 0.078571 0.317577 0.632002
0 8 -1 -1 -1 -1 -0.000181974 0.00114578 0.000793162 0.00114286 0.155381 0.373038
0 9 -1 -1 -1 -1 -1 -1 0.00862714 0.00897763 0.0173755 0.171998
1 0 0.765454 1.04024 1.37425 2.04052 2.28292 2.66136 3.49095 3.76956 3.68891 -1
1 1 0.248205 0.690145 1.01623 1.43576 1.67496 2.12785 2.56073 2.7361 3.00471 0.0124473
1 2 0.0112548 0.176435 0.449691 1.06067 1.20198 1.73318 1.96806 2.49752 2.21481 0.0129803
1 3 -1 0.00822892 0.0119732 0.394488 1.01796 1.15138 1.86947 2.1591 0.40154 0.0103506
1 4 -1 0.00122988 0.00162561 0.0179824 0.231819 1.02359 0.789121 1.35083 1.62649 0.0258563
1 5 -1 0.00125548 0.001635 0.00867035 0.0345623 0.282824 0.731105 1.41861 1.48826 0.0962884
1 6 -1 0.00105205 0.00146863 0.00836499 0.00752565 0.00645649 0.0966296 1.2317 1.1698 0.707596
1 7 -1 -0.000364323 0.00064148 0.000528981 0.000563337 0.00859739 0.00850777 0.303661 0.824957 0.622328
1 8 -1 -1 -1 -1 -1.88332e-05 0.00175184 0.000367233 0.0258734 0.532914 0.52619
1 9 -1 -1 -1 -1 -1 0.00862885 0.0115905 0.0269549 0.0250002 0.210371
2 0 1.0068 1.28826 1.90258 2.05308 2.5324 2.85133 3.70733 3.75501 -1 -1
2 1 0.459314 0.98161 1.22228 1.73425 2.07884 2.35972 3.05705 3.25454 3.17899 -1
2 2 0.445357 0.4506 0.668481 1.23525 1.83811 2.16533 2.83661 2.21115 0.00710245 0.00433516
2 3 0.000759674 0.0745732 0.718635 0.22459 1.61647 1.82239 2.38351 2.43917 1.90108 0.00927181
2 4 -0.000496817 0.00077809 0.00659407 0.0256269 0.333375 0.753278 1.60002 1.94593 1.14015 0.0124771
2 5 0.000362994 0.000863708 0.00170382 0.00295057 0.0883669 0.084971 1.02989 1.19554 1.34041 0.0419835
2 6 -1 0.000914654 0.00173838 0.00209692 0.00160178 0.0133725 0.194564 1.01167 1.14135 0.361409
2 7 -0.00095011 0.000809588 0.00254455 0.00118256 0.000942691 0.00496077 0.0220561 0.107846 0.85893 0.813324
2 8 -1 -1 -1 -0.00259277 -0.000541598 0.0182642 0.0216327 0.134889 0.456711 0.51132
2 9 -1 -1 -1 0.00858176 0.02772 0.0662021 0.0276355 0.0294326 0.0849013 0.215626
3 0 1.58056 1.17044 2.04621 2.42289 2.84563 3.70527 3.73588 0.100384 -1 -1
3 1 0.410596 0.940668 1.3313 1.95669 2.34296 2.88652 3.18102 2.85682 -1 -1
3 2 0.382764 0.896501 1.06298 1.52438 2.11228 2.44573 2.62444 2.70533 2.62579 -1
3 3 0.29991 0.31273 0.375825 0.774988 1.15278 2.0316 2.25152 2.07725 0.0187933 -1
3 4 0.0114258 0.0160629 0.0171064 0.175073 0.223124 0.997503 1.99769 1.88123 1.61372 0.0108984
3 5 0.000752596 0.00105972 0.143026 0.0286131 0.0302523 0.519873 1.44448 1.38751 1.22523 0.009685
3 6 -1 0.00123495 0.355039 0.440739 0.0116268 0.113191 0.439269 1.12719 1.24339 0.411801
3 7 0.000341652 0.00118546 0.114274 0.0014691 0.00679294 0.0324439 0.0371081 0.574251 0.819169 0.764502
3 8 -1 -0.000723422 -1 -1 0.0182903 0.0235232 0.0323826 0.505337 0.464169 0.536188
3 9 -1 -1 -1 0.00859419 0.00861595 -0.000656649 0.0238108 0.0731242 0.128536 0.239323
4 0 1.50714 2.38618 2.32876 2.55732 3.70845 3.70688 2.71045 -1 -1 -1
4 1 0.741549 1.49826 1.64711 2.29218 2.93172 3.20816 2.65239 -1 -1 -1
4 2 0.544012 1.11104 1.27271 1.51205 2.87114 2.41902 2.61597 2.6215 2.4869 -1
4 3 0.599471 0.881768 0.843123 1.2138 1.8018 2.09652 2.12748 2.24341 1.57401 -1
4 4 0.212597 0.482137 0.516664 0.619015 0.859629 0.999354 1.96395 1.72447 1.85821 0.00192919
4 5 0.00696911 0.0719825 0.0212917 0.260363 0.181896 0.580667 1.17188 1.45195 1.40731 0.00136037
4 6 -0.00071871 0.00123638 0.00857569 0.0111323 0.0279479 0.117262 0.885069 1.07272 1.14866 0.869699
4 7 -0.000345806 0.00130512 0.00166219 0.00968041 0.0196144 0.49445 0.0987564 0.811462 0.881852 0.697924
4 8 -1 -0.000579888 -1 0.0565262 0.0330727 0.0333048 0.0365597 0.55576 0.500071 0.545322
4 9 -1 -1 0.00865302 -1 0.0221505 0.029368 0.127735 0.136495 0.229869 0.239435
5 0 1.43513 2.76952 2.72478 3.70555 3.66041 1.09734 -1 -1 -1 -1
5 1 1.23685 1.22367 1.85298 3.22101 3.07275 3.02303 -1 -1 -1 -1
5 2 0.93869 1.67125 1.61482 2.23965 2.32058 2.68695 2.70964 -1 -1 -1
5 3 0.511473 0.677297 1.25648 1.99105 1.85887 2.16167 2.42186 2.42407 -1 -1
5 4 0.387858 0.808003 0.923258 1.23483 1.19573 1.36837 1.99899 1.76627 0.00442267 -1
5 5 0.101197 0.235962 0.603301 0.672058 0.549538 0.477851 1.44102 1.57344 1.63571 0.263587
5 6 0.000861568 0.00522432 0.0712014 0.143826 0.419547 0.962867 1.32035 1.07974 1.15861 0.0123413
5 7 0.000803631 0.00158528 0.00946166 0.0287582 0.0451383 0.0277709 0.775108 0.875972 0.816124 0.746797
5 8 -0.000471554 -2.542e-05 0.00860805 0.0222672 0.0372632 0.028388 0.0230595 0.0223242 0.433662 0.552608
5 9 -1 -1 0.00870441 0.0255564 0.0218217 0.0251705 0.019309 0.0212969 0.112671 0.25717
6 0 3.05884 3.39303 3.75037 3.72475 -1 -1 -1 -1 -1 -1
6 1 0.671632 1.85727 2.51734 3.02336 2.92625 -1 -1 -1 -1 -1
6 2 1.21993 1.45777 2.07084 2.53223 2.7314 2.77944 2.2881 -1 -1 -1
6 3 0.96891 1.10993 1.88598 2.12105 2.30129 2.3136 2.22371 -1 -1 -1
6 4 0.50277 0.901099 1.23722 1.71585 1.77175 2.08403 2.04302 1.79005 -1 -1
6 5 0.250816 0.7501 0.95203 1.43813 1.23598 1.75162 1.54017 1.50256 1.58677 -1
6 6 0.121821 0.164898 0.426633 0.691412 0.726164 1.1088 1.08849 1.1443 1.16664 0.00647892
6 7 0.00851118 0.00933455 0.187808 0.225669 0.14929 0.163015 0.254537 0.707224 0.917406 0.804038
6 8 0.00867969 0.00216241 0.0237281 0.0367252 0.0354134 0.0230419 0.0244371 0.503141 0.526284 0.526119
6 9 -1 0.00857759 0.0276952 0.0261145 0.171551 0.182125 0.0231481 0.0208052 0.238656 0.22943
7 0 3.50565 3.75528 3.74079 -1 -1 -1 -1 -1 -1 -1
7 1 2.14709 2.63403 2.77143 2.96431 -1 -1 -1 -1 -1 -1
7 2 1.22682 2.37117 2.12591 2.41769 2.61449 1.85705 -1 -1 -1 -1
7 3 0.972455 1.94485 2.14223 2.00698 2.3321 2.25028 1.90885 -1 -1 -1
7 4 0.711797 1.3618 1.87287 1.55307 1.81002 1.92787 1.87589 1.41093 -1 -1
7 5 0.624522 1.45886 1.31409 1.67791 1.38904 1.60762 1.41965 1.67467 -1 -1
7 6 0.517814 0.708923 1.10136 1.00912 1.15507 1.33909 1.07834 1.31903 1.18631 -1
7 7 0.243675 0.392738 0.306664 0.266958 0.83639 0.901364 0.970509 0.876276 0.893024 0.669547
7 8 0.000961777 0.0266147 0.117992 0.371067 0.206523 0.181171 0.248998 0.550629 0.589075 0.50795
7 9 0.01903 0.0236266 0.037947 0.0218848 0.0262079 0.0235404 0.018508 0.118294 0.209876 0.23622
8 0 3.71869 3.73477 -1 -1 -1 -1 -1 -1 -1 -1
8 1 0.265191 0.0208541 0.00872677 -1 -1 -1 -1 -1 -1 -1
8 2 0.24722 0.262076 0.018341 0.00359983 -1 -1 -1 -1 -1 -1
8 3 1.11902 2.00203 0.0605313 0.0106093 0.00903157 -1 -1 -1 -1 -1
8 4 1.15906 1.53663 1.17704 1.56097 1.56073 1.5518 -1 -1 -1 -1
8 5 1.14941 1.25456 1.42539 1.18474 1.33409 1.59049 1.418 1.12823 -1 -1
8 6 0.996694 1.03402 1.24626 1.13975 1.25729 1.1478 1.35136 1.19403 1.0511 -1
8 7 0.48886 0.809361 0.817221 0.948489 0.884427 0.841599 0.984218 0.9235 0.879283 0.715546
8 8 0.186691 0.4943 0.553069 0.573768 0.506704 0.569991 0.619992 0.568595 0.577487 0.596297
8 9 0.0222078 0.156769 0.0239925 0.0819156 0.055373 0.0764831 0.161369 0.171274 0.194091 0.298884
9 0 3.42488 -1 -1 -1 -1 -1 -1 -1 -1 -1
9 1 0.0862952 0.00555147 -1 -1 -1 -1 -1 -1 -1 -1
9 2 0.0859087 0.116322 -1 -1 -1 -1 -1 -1 -1 -1
9 3 0.103943 0.0769826 0.0150577 0.00849691 -1 -1 -1 -1 -1 -1
9 4 0.218263 0.0909917 0.00948789 0.116129 0.0312449 -1 -1 -1 -1 -1
9 5 0.214155 0.284066 0.0121736 0.117575 0.00570392 0.021087 -1 -1 -1 -1
9 6 0.44005 0.374144 0.842987 0.14723 0.153093 0.104968 0.00926104 -1 -1 -1
9 7 0.375866 0.699303 0.337434 0.683356 0.636543 0.700747 0.804505 0.59461 0.229016 -1
9 8 0.459213 0.545859 0.503388 0.474518 0.547299 0.565903 0.593069 0.540189 0.520223 0.390276
9 9 0.192765 0.243741 0.246175 0.210001 0.250066 0.248138 0.278016 0.279251 0.256893 0.218171

10000 808 3.78 2 0 6 -1 0 0 0
0 0 0.468798 0.964603 1.50584 1.89694 2.33338 2.62777 2.86137 3.53713 3.73963 1.15057
0 1 0.0699311 0.513112 0.86296 1.16316 1.71116 1.96411 1.80935 2.43039 2.48319 1.56412
0 2 0.000345052 0.014984 0.473254 0.752254 1.17462 1.81439 1.85622 1.73689 2.3116 0.715909
0 3 -1 0.000510103 0.0150477 0.459812 0.857719 1.00053 1.16627 1.43491 2.32193 0.131623
0 4 -1 0.00075855 0.00117809 0.00252705 0.218958 0.548701 1.13617 1.10748 1.48835 0.461029
0 5 -1 -1 0.00115431 0.00360409 0.0083607 0.20605 0.365093 1.10425 1.30388 0.238565
0 6 -1 0.000553447 0.00104406 0.00192425 0.00172225 0.00159926 0.232045 0.520827 1.10124 0.603449
0 7 -1 -0.000895752 6.43907e-05 -0.000601751 0.000961128 0.0010096 0.0086316 0.220969 0.34236 0.85116
0 8 -1 -1 -1 -1 -0.000181974 0.00114578 0.00105794 0.00114286 0.155381 0.430862
0 9 -1 -1 -1 -1 -1 -1 0.00862714 0.00897763 0.0173755 0.175786
1 0 0.765454 1.28118 1.6032 2.05787 2.6487 2.81841 3.49095 3.77069 3.72975 -1
1 1 0.398732 0.690145 1.16408 1.5629 1.82118 2.45203 2.65596 3.14538 3.00471 0.0124473
1 2 0.0379229 0.176435 0.449691 1.10568 1.62192 1.74052 2.53025 2.49752 2.31759 0.0129803
1 3 0.000312147 0.00822892 0.102532 0.394488 1.06326 1.40386 1.86947 2.20818 2.10253 0.0334364
1 4 -1 0.00122988 0.00383228 0.0322498 0.382985 1.02359 1.37212 2.01957 1.91254 0.0341604
1 5 -1 0.00125548 0.00236904 0.00867035 0.158012 0.282824 0.731105 1.41861 1.56135 0.0998779
1 6 -1 0.00138173 0.00146863 0.00836499 0.00752565 0.315061 0.145867 1.2317 1.1698 0.846776
1 7 -1 0.000578942 0.00064148 0.00139739 0.324193 0.00859739 0.00850777 0.303661 0.828938 0.737689
1 8 -1 -1 -1 -1 0.00016075 0.0017741 0.000815385 0.0258734 0.532914 0.560701
1 9 -1 -1 -1 -1 -1 0.00863984 0.0115905 0.0269549 0.0250002 0.234814
2 0 1.13173 1.3873 1.90258 2.21954 2.58083 2.99397 3.78 3.77302 -1 -1
2 1 0.619774 1.09399 1.38903 1.77092 2.17875 2.66129 3.30525 3.25454 3.25462 -1
2 2 0.445357 0.792605 0.78713 1.51006 1.89352 2.16533 2.83661 2.577 2.53162 0.00433516
2 3 0.0244905 0.113336 0.718635 0.515774 1.61647 1.82239 2.48564 2.43917 2.53195 0.0495905
2 4 0.000460937 0.00577503 0.00659407 0.192665 0.407127 1.46008 1.60002 1.94593 1.8617 0.01563
2 5 0.000362994 0.00111435 0.00863082 0.0110411 0.0883669 0.163147 1.02989 1.41102 1.42637 0.10558
2 6 -0.000145666 0.00126855 0.00207076 0.00209692 0.00860436 0.231973 0.467871 1.04254 1.14944 0.361409
2 7 -0.00095011 0.000865716 0.00254455 0.00118256 0.000942691 0.144334 0.0220561 0.496713 0.887685 0.857494
2 8 -1 -1 -1 -0.00259277 0.00851233 0.0182642 0.0216327 0.296544 0.512281 0.611101
2 9 -1 -1 -1 0.00858176 0.02772 0.0662021 0.0276355 0.138332 0.245312 0.258414
3 0 1.58056 1.40878 2.17911 2.42289 3.22835 3.74365 3.75785 0.100384 -1 -1
3 1 0.748059 1.25348 1.5085 2.16943 2.52131 3.139 3.18102 2.87783 -1 -1
3 2 0.675484 1.02615 1.2547 1.73502 2.11228 2.74872 2.71095 2.80925 2.83696 -1
3 3 0.407203 0.336089 0.525965 0.974196 1.64606 2.05621 2.25152 2.07725 2.52818 0.0149415
3 4 0.030369 0.0543223 0.112542 0.175073 0.548125 1.11243 1.99769 1.88123 1.77105 0.0108984
3 5 0.000752596 0.296373 0.143026 0.891918 0.468325 0.561404 1.44448 1.51096 1.61869 0.0547831
3 6 0.000490207 0.00125929 0.355039 0.440739 0.0134302 0.126468 1.18998 1.12719 1.35612 0.986704
3 7 0.000341652 0.00118546 0.114274 0.0014691 0.0912086 0.0324439 0.595108 0.905603 0.920001 0.984249
3 8 -1 -0.000723422 -1 0.00863572 0.0182903 0.334403 0.486874 0.505337 0.537374 0.577892
3 9 -1 -1 -1 0.00863271 0.00883092 0.0154271 0.0821592 0.146825 0.220125 0.247365
4 0 1.50714 2.38618 2.36079 2.7043 3.74488 3.70688 2.71045 -1 -1 -1
4 1 0.741549 1.49826 1.91037 2.55475 3.0069 3.20816 2.88354 -1 -1 -1
4 2 0.788854 1.11104 1.36841 1.74963 2.87114 2.81956 2.82431 2.6215 2.4869 -1
4 3 0.675823 0.881768 0.843123 1.2138 1.8018 2.18661 2.34377 2.3374 2.42514 0.0426564
4 4 0.212597 0.864712 0.516664 0.623169 1.1016 1.81294 1.96395 2.02419 2.12106 0.337759
4 5 0.085907 0.0719825 0.143312 0.260363 0.69714 1.44653 1.47093 1.61621 1.46382 0.0192414
4 6 0.00857263 0.00125554 0.00857569 0.594168 1.14044 0.947414 1.08642 1.25462 1.27066 1.03075
4 7 0.000725473 0.00130512 0.00249444 0.00968041 0.0526831 0.828937 0.768169 0.950383 0.881852 0.784139
4 8 -0.00047986 0.000360467 0.00232018 0.0565262 0.0330727 0.0743224 0.118403 0.632006 0.589867 0.616777
4 9 -1 -1 0.133467 0.00862707 0.0221505 0.0609552 0.127735 0.157702 0.229869 0.282095
5 0 1.82315 2.76952 3.23358 3.73202 3.70982 1.09734 -1 -1 -1 -1
5 1 1.62369 1.74695 2.32999 3.22101 3.09808 3.17588 -1 -1 -1 -1
5 2 0.956468 1.67125 2.03481 2.23965 2.69484 2.80751 2.70964 -1 -1 -1
5 3 0.942683 1.05632 1.27579 1.99105 2.02331 2.26097 2.42186 2.42407 -1 -1
5 4 0.811718 0.808003 1.02985 1.23483 1.82714 1.57799 1.99899 1.80203 0.00743108 -1
5 5 0.315977 0.389154 0.603301 0.672058 1.26816 1.3565 1.68855 1.6281 1.63571 0.263587
5 6 0.00849178 0.015501 0.0712014 0.143826 1.07927 0.966364 1.32035 1.15969 1.26275 0.890565
5 7 0.00100591 0.00158528 0.0417046 0.412783 0.0568215 0.7673 0.94784 0.988396 0.844604 0.804148
5 8 -0.000471554 0.000363121 0.00977636 0.12406 0.252613 0.0326074 0.0401792 0.549396 0.653907 0.552608
5 9 -1 -1 0.00874506 0.0325472 0.0267647 0.161516 0.216715 0.159453 0.230694 0.25717
6 0 3.05884 3.45289 3.75037 3.72475 3.04211 -1 -1 -1 -1 -1
6 1 1.0485 2.34615 3.03639 3.23355 3.03824 2.48119 -1 -1 -1 -1
6 2 1.21993 2.24424 2.44415 2.71393 2.86529 2.77944 2.41627 -1 -1 -1
6 3 0.96891 1.37944 2.09453 2.15678 2.30129 2.34821 2.22371 1.76683 -1 -1
6 4 1.37048 1.25925 1.52893 1.71585 1.77175 2.08403 2.04302 1.94192 -1 -1
6 5 0.689732 0.7501 0.95203 1.47642 1.45679 1.75162 1.62822 1.64928 1.60196 -1
6 6 0.286029 0.237176 0.606852 1.0757 0.726164 1.1088 1.11889 1.24027 1.29918 0.872652
6 7 0.00851118 0.0128562 0.516602 0.451687 0.14929 0.163015 0.740689 0.83947 0.935211 0.931544
6 8 0.00867969 0.00216241 0.0326413 0.276885 0.221732 0.250258 0.0368862 0.603821 0.597408 0.526119
6 9 -1 0.00857759 0.0276952 0.0261145 0.171551 0.182125 0.0991603 0.190915 0.238656 0.26017
7 0 3.51672 3.75857 3.7647 -1 -1 -1 -1 -1 -1 -1
7 1 2.14709 2.95253 3.0021 2.96431 -1 -1 -1 -1 -1 -1
7 2 1.42485 2.73048 2.67943 2.68135 2.61449 1.85705 -1 -1 -1 -1
7 3 1.00167 2.33006 2.32285 2.21742 2.33563 2.25028 1.90885 -1 -1 -1
7 4 1.19899 1.79368 2.02637 1.55307 1.98837 2.05835 2.06231 1.41093 -1 -1
7 5 0.852279 1.45886 1.68447 1.67791 1.59021 1.73194 1.71733 1.67467 1.14748 -1
7 6 0.517814 0.804742 1.30614 1.17366 1.17335 1.37367 1.24193 1.31903 1.18631 -1
7 7 0.243675 0.392738 0.790676 0.266958 0.83639 0.928949 0.970509 0.998187 0.948153 0.707624
7 8 0.000977878 0.267744 0.117992 0.371067 0.335028 0.460016 0.264507 0.550629 0.589075 0.551024
7 9 0.01903 0.0236266 0.205752 0.119416 0.0272887 0.0993569 0.018508 0.22355 0.264531 0.259716
8 0 3.73526 3.75348 -1 -1 -1 -1 -1 -1 -1 -1
8 1 2.60116 0.715104 0.00872677 -1 -1 -1 -1 -1 -1 -1
8 2 2.02462 2.17083 0.018341 0.440018 -1 -1 -1 -1 -1 -1
8 3 1.11902 2.2808 2.07096 0.614792 0.00903157 -1 -1 -1 -1 -1
8 4 1.59981 1.93983 1.86537 2.02602 1.56073 1.712 0.771778 -1 -1 -1
8 5 1.17586 1.60442 1.64538 1.63086 1.46945 1.73455 1.47987 1.12823 -1 -1
8 6 0.996694 1.34018 1.32823 1.32023 1.2921 1.29798 1.35136 1.19403 1.0511 -1
8 7 0.785722 0.920335 0.817221 0.956654 0.884427 0.946978 0.984218 0.961748 1.01147 0.78085
8 8 0.248913 0.546501 0.553069 0.573768 0.550928 0.646709 0.619992 0.636293 0.648444 0.596297
8 9 0.0222078 0.156769 0.116124 0.0819156 0.201981 0.119412 0.161369 0.203191 0.246626 0.298884
9 0 3.43492 -1 -1 -1 -1 -1 -1 -1 -1 -1
9 1 1.69902 0.0118134 -1 -1 -1 -1 -1 -1 -1 -1
9 2 0.11625 0.116322 -1 -1 -1 -1 -1 -1 -1 -1
9 3 0.103943 0.0769826 0.090644 0.00849691 -1 -1 -1 -1 -1 -1
9 4 0.218263 0.139957 0.0288274 0.116129 0.0312449 -1 -1 -1 -1 -1
9 5 0.285723 0.284066 0.290193 0.117575 0.310421 0.021087 -1 -1 -1 -1
9 6 1.24657 0.392841 0.842987 0.251687 0.624581 0.693867 0.00926104 -1 -1 -1
9 7 0.740069 0.749274 0.768219 0.80704 0.887153 0.85433 0.901848 0.749295 0.229016 -1
9 8 0.459213 0.593656 0.581447 0.607211 0.59199 0.638244 0.616966 0.5794 0.582675 0.418325
9 9 0.220351 0.243741 0.246175 0.246966 0.250066 0.283352 0.285517 0.285619 0.290985 0.268357

15000 815 3.78 2 0 6 -1 0 0 0
0 0 0.476281 0.964603 1.50584 1.89694 2.33338 2.62777 2.91405 3.54711 3.73963 1.15057
0 1 0.0699311 0.513112 0.86296 1.17228 1.71116 1.96411 1.80935 2.43039 3.13835 1.56412
0 2 0.000345052 0.0466067 0.52387 0.809345 1.17462 1.81439 2.02676 1.73689 2.65653 0.715909
0 3 -1 0.000510103 0.0150477 0.524219 0.857719 1.28827 1.60239 1.43491 2.41701 0.189545
0 4 -1 0.00075855 0.00147158 0.00252705 0.218958 0.717511 1.13617 1.26956 1.48835 0.461029
0 5 -1 -1 0.00115431 0.00360409 0.0083607 0.20605 0.495269 1.10425 1.30388 0.238565
0 6 -1 0.000553447 0.00104406 0.00192425 0.00172225 0.00161648 0.232045 0.520827 1.10124 1.0535
0 7 -1 -0.000895752 6.43907e-05 -0.000168419 0.00117502 0.0010096 0.0086316 0.269614 0.612363 0.970084
0 8 -1 -1 -1 -1 -0.000181974 0.00114578 0.00105794 0.00114286 0.155381 0.514752
0 9 -1 -1 -1 -1 -1 -1 0.00862845 0.00897763 0.0191345 0.21473
1 0 0.852778 1.28118 1.6032 2.05787 2.6487 2.81841 3.49095 3.77156 3.75007 -1
1 1 0.403774 0.861703 1.16408 1.60197 1.93621 2.45203 2.92529 3.34237 3.31175 0.0124473
1 2 0.0379229 0.176435 0.449691 1.19164 1.80193 2.15025 2.53025 2.79232 2.95409 0.0129803
1 3 0.000312147 0.00822892 0.179799 0.461574 1.17484 1.56382 1.86947 2.4242 2.59034 0.0334364
1 4 -1 0.00122988 0.00383228 0.106033 0.384626 1.02359 1.37212 2.01957 2.14742 0.153147
1 5 -1 0.00125548 0.00236904 0.00867035 0.158012 0.398533 0.731105 1.41861 1.56135 0.0998779
1 6 -1 0.00138173 0.00156992 0.00836499 0.00752565 0.315061 0.184321 1.2317 1.27425 0.846776
1 7 -1 0.000578942 0.00107443 0.00139739 0.324193 0.0156626 0.155775 0.344398 0.868591 0.968232
1 8 -1 -1 -0.000740707 0.0178468 0.00016075 0.0017741 0.00100518 0.0341546 0.562988 0.60434
1 9 -1 -1 -1 -1 -1 0.0182786 0.0950479 0.0315219 0.216138 0.240233
2 0 1.13173 1.6281 1.91477 2.51552 2.67688 2.99397 3.78 3.77302 -1 -1
2 1 0.619774 1.09399 1.45059 1.99835 2.3236 2.85523 3.30525 3.33471 3.25462 -1
2 2 0.445357 0.792605 0.78713 1.51006 1.89352 2.28372 2.86136 2.86609 2.61517 0.0164735
2 3 0.0244905 0.203783 0.718635 0.515774 1.61647 1.82239 2.50657 2.43917 2.53195 0.0495905
2 4 0.000460937 0.00577503 0.0746786 0.192665 0.784293 1.46008 1.608 2.00908 2.05738 0.01563
2 5 0.000362994 0.00111435 0.00863082 0.0156265 0.421715 0.186678 1.02989 1.41102 1.52467 1.48052
2 6 -0.000145666 0.00175231 0.00207076 0.00568522 0.882229 0.231973 0.467871 1.04254 1.24697 0.95746
2 7 -0.00095011 0.000865716 0.00254455 0.00118256 0.00855944 0.177143 0.398028 0.724184 0.961971 0.958556
2 8 -1 -1 -1 -0.00259277 0.00851233 0.0182642 0.0894911 0.470127 0.622319 0.611101
2 9 -1 -1 -1 0.00858176 0.02772 0.11401 0.248408 0.138332 0.245312 0.274113
3 0 1.58056 1.78273 2.17911 2.74638 3.22835 3.75857 3.76568 0.59936 -1 -1
3 1 0.882724 1.25348 1.92661 2.34587 2.52131 3.18472 3.21753 3.08471 -1 -1
3 2 0.675484 1.02615 1.32719 1.73502 2.20531 2.79916 2.74725 2.80925 2.83696 -1
3 3 0.407203 0.506889 0.92789 1.05065 1.86851 2.18459 2.2985 2.32951 2.52818 0.13873
3 4 0.030369 0.0543223 0.112542 0.750962 0.548125 1.44896 2.11575 1.9368 2.02024 0.0108984
3 5 0.000752596 0.296373 0.421411 0.891918 0.705913 1.17509 1.64706 1.51096 1.62226 1.48597
3 6 0.000490207 0.00125929 0.355039 0.440739 0.566548 0.695402 1.18998 1.1508 1.35612 0.986704
3 7 0.000341652 0.00118546 0.114274 0.0014691 0.0912086 0.131407 0.880682 0.905603 0.958801 0.984249
3 8 -1 -0.000723422 -1 0.00863826 0.603138 0.334403 0.486874 0.540429 0.537374 0.632011
3 9 -1 -1 -1 0.0471498 0.18104 0.017738 0.0821592 0.259776 0.220125 0.277742
4 0 1.96062 2.38618 2.46401 2.8503 3.74611 3.73787 2.71045 -1 -1 -1
4 1 1.19091 1.49826 2.21276 2.55475 3.16419 3.29649 2.98386 2.73612 -1 -1
4 2 1.06714 1.11104 1.50223 1.74963 2.87114 2.83445 2.82431 2.68469 2.4869 -1
4 3 0.6951 0.881768 1.32101 1.69197 1.8018 2.41263 2.34633 2.47679 2.42514 0.0426564
4 4 0.52529 0.864712 0.67163 0.623169 1.29951 1.83043 1.96395 2.09042 2.12106 0.337759
4 5 0.085907 0.18068 0.143312 0.508259 0.69714 1.44653 1.47093 1.61621 1.55501 1.52598
4 6 0.00857263 0.00144551 0.13904 0.594168 1.14044 1.06172 1.22508 1.31752 1.34438 1.13978
4 7 0.000725473 0.00130512 0.00380175 0.613809 0.0526831 0.879168 0.929959 0.967946 0.940479 0.987109
4 8 -0.00047986 0.000360467 0.00851521 0.0565262 0.0330727 0.489428 0.514006 0.632006 0.612948 0.629471
4 9 -1 -1 0.133467 0.00862707 0.0221505 0.203991 0.127735 0.157702 0.235425 0.282095
5 0 2.29302 2.83963 3.39758 3.73202 3.7233 2.69846 -1 -1 -1 -1
5 1 1.62369 1.74695 2.32999 3.22101 3.14331 3.17588 -1 -1 -1 -1
5 2 0.956468 1.73276 2.03481 2.76455 2.76426 2.80751 2.70964 0.133085 -1 -1
5 3 1.14016 1.05632 1.27579 1.99105 2.22786 2.2888 2.42186 2.42407 -1 -1
5 4 0.811718 0.844444 1.32268 1.8053 1.91699 1.80008 2.00788 1.9757 1.89629 -1
5 5 0.315977 0.389154 0.603301 0.672058 1.33767 1.44966 1.68855 1.6281 1.65742 0.263587
5 6 0.0583019 0.31248 0.216594 0.515935 1.07927 1.15966 1.32035 1.28614 1.29499 1.15253
5 7 0.00868309 0.00490677 0.702211 0.412783 0.848172 0.7673 0.94784 0.988396 0.898774 0.983203
5 8 -0.000471554 0.000363121 0.013387 0.12406 0.252613 0.0326074 0.11785 0.549396 0.653907 0.594158
5 9 -1 0.0085566 0.00878959 0.0325472 0.0511328 0.161516 0.216715 0.198882 0.288166 0.28823
6 0 3.05884 3.45289 3.75603 3.72886 3.04211 -1 -1 -1 -1 -1
6 1 1.78181 2.63509 3.03639 3.23355 3.03824 2.48119 -1 -1 -1 -1
6 2 1.22452 2.24424 2.69214 2.76059 2.86529 2.77944 2.41627 -1 -1 -1
6 3 0.96891 2.02215 2.09453 2.20336 2.44883 2.34821 2.23515 1.76683 -1 -1
6 4 1.37048 1.25925 1.52893 2.10889 1.77175 2.08565 2.04302 1.94192 -1 -1
6 5 0.689732 0.817309 0.95203 1.47642 1.45679 1.75162 1.75497 1.66039 1.60196 -1
6 6 0.286029 0.38385 0.606852 1.0886 0.726164 1.25425 1.22851 1.34716 1.39801 0.872652
6 7 0.00851118 0.0305752 0.603708 0.451687 0.84121 0.163015 0.950635 0.971006 0.939209 0.974061
6 8 0.00867969 0.0282477 0.0922674 0.507179 0.493877 0.294615 0.442645 0.603821 0.597408 0.580018
6 9 -1 0.00985973 0.0417186 0.107614 0.186186 0.228975 0.0991603 0.190915 0.238656 0.26017
7 0 3.52885 3.77309 3.76857 0.83344 -1 -1 -1 -1 -1 -1
7 1 2.37906 2.95253 3.02106 2.96431 2.79087 -1 -1 -1 -1 -1
7 2 1.8888 2.73048 2.72557 2.68135 2.61449 1.85705 -1 -1 -1 -1
7 3 1.042 2.44199 2.44478 2.39472 2.44901 2.29344 1.90885 -1 -1 -1
7 4 1.57024 1.79368 2.06643 1.97914 2.07545 2.07283 2.06231 1.41093 -1 -1
7 5 0.925817 1.45886 1.71526 1.70549 1.65737 1.73194 1.71733 1.67467 1.38774 -1
7 6 0.561504 1.25551 1.30614 1.17366 1.17335 1.37367 1.33473 1.3668 1.22093 -1
7 7 0.243675 0.392738 0.790676 0.777018 0.954414 0.928949 0.970509 0.998187 0.948153 0.839059
7 8 0.00858205 0.267744 0.508655 0.371067 0.335028 0.460016 0.594647 0.598898 0.608147 0.644448
7 9 0.01903 0.0236266 0.205752 0.119416 0.155424 0.0993569 0.0386687 0.261731 0.270741 0.259716
8 0 3.73738 3.76306 -1 -1 -1 -1 -1 -1 -1 -1
8 1 2.66079 0.715104 0.678983 -1 -1 -1 -1 -1 -1 -1
8 2 2.02462 2.35769 0.0189366 0.440018 -1 -1 -1 -1 -1 -1
8 3 1.27241 2.2808 2.07096 2.13491 0.528578 -1 -1 -1 -1 -1
8 4 1.64211 1.93983 1.9078 2.02602 2.02318 1.75546 0.771778 -1 -1 -1
8 5 1.45879 1.68356 1.66316 1.63086 1.60691 1.73455 1.561 1.12823 -1 -1
8 6 1.07449 1.34018 1.32823 1.32023 1.2921 1.31533 1.36078 1.25542 1.0511 -1
8 7 0.785722 0.920335 0.817221 0.963324 0.966293 0.988381 0.984218 0.965572 1.01147 0.78085
8 8 0.248913 0.55418 0.567394 0.573768 0.557727 0.646709 0.619992 0.636848 0.648444 0.634209
8 9 0.173876 0.156769 0.200999 0.0819156 0.21502 0.119412 0.179849 0.215453 0.278338 0.298884
9 0 3.45038 -1 -1 -1 -1 -1 -1 -1 -1 -1
9 1 1.69902 0.0118134 -1 -1 -1 -1 -1 -1 -1 -1
9 2 0.21231 0.116322 -1 -1 -1 -1 -1 -1 -1 -1
9 3 0.103943 0.0769826 0.090644 0.00849691 -1 -1 -1 -1 -1 -1
9 4 0.218263 0.348593 0.13247 0.120872 0.0870023 -1 -1 -1 -1 -1
9 5 0.359705 0.305286 0.290193 0.282555 0.310421 0.021087 -1 -1 -1 -1
9 6 1.24657 0.952744 0.89199 0.666562 0.910132 0.693867 0.00926104 -1 -1 -1
9 7 0.811983 0.900777 0.84593 0.845683 0.887153 0.87891 0.901848 0.852679 0.229016 -1
9 8 0.549769 0.593656 0.581447 0.607211 0.614535 0.638244 0.616966 0.618951 0.621103 0.450699
9 9 0.234565 0.253716 0.265668 0.246966 0.282926 0.283566 0.285517 0.285619 0.294333 0.268357

20000 818 3.78018 2 0 7 -1 0 0 0
0 0 0.632348 0.964603 1.50584 1.89694 2.33338 2.62777 2.98602 3.54711 3.76378 1.40871
0 1 0.0699311 0.601242 0.945123 1.27103 1.71116 1.96411 2.17125 2.49898 3.17466 1.56412
0 2 0.000345052 0.0466067 0.52387 0.848385 1.33607 1.81439 2.02676 1.80292 2.65653 0.795408
0 3 -1 0.000510103 0.0150477 0.524219 0.857719 1.28827 1.60239 1.80437 2.41701 0.411882
0 4 -1 0.00075855 0.00147158 0.0459769 0.218958 0.717511 1.13617 1.45869 1.69108 1.81283
0 5 -1 -1 0.00163043 0.00556085 0.0083607 0.231688 0.495269 1.10425 1.30388 0.335738
0 6 -1 0.000553447 0.00104406 0.00192425 0.00172225 0.00161648 0.232045 0.520827 1.10124 1.23698
0 7 -1 -0.000895752 6.43907e-05 -0.000107493 0.00117502 0.0010096 0.0086316 0.269614 0.612363 0.970084
0 8 -1 -1 -1 -1 -0.000181974 0.00114578 0.00105794 0.210097 0.155381 0.516909
0 9 -1 -1 -1 -1 -1 -1 0.00862845 0.00897763 0.0211202 0.225912
1 0 0.859601 1.28118 1.66562 2.05787 2.6487 2.86259 3.49095 3.78011 3.75007 -1
1 1 0.496894 0.861703 1.29284 1.71604 1.95086 2.45203 2.92529 3.34237 3.31175 0.0124473
1 2 0.0379229 0.205199 0.709308 1.19603 1.80193 2.15025 2.53025 2.94019 2.95409 2.54028
1 3 0.000312147 0.00822892 0.179799 0.477685 1.17484 1.59642 1.86947 2.4242 2.59034 0.0576572
1 4 -1 0.00122988 0.00868507 0.141032 0.384626 1.14339 1.37212 2.06257 2.14742 1.88049
1 5 -1 0.00125548 0.00315166 0.00867035 0.158012 0.398533 0.731105 1.41861 1.6504 0.5278
1 6 -1 0.00138173 0.00156992 0.00836499 0.00752565 0.315061 0.251255 1.2317 1.27425 0.846776
1 7 -1 0.000578942 0.00107443 0.00139739 0.324193 0.34418 0.155775 0.344398 0.868591 0.968232
1 8 -1 -1 -0.000740707 0.0178468 0.00016075 0.0564885 0.00100518 0.0373225 0.562988 0.62234
1 9 -1 -1 -1 -1 -1 0.0182786 0.0950479 0.0315219 0.216138 0.240233
2 0 1.40535 1.6281 1.99774 2.51552 2.94215 2.99397 3.78 3.78018 -1 -1
2 1 0.619774 1.09399 1.6701 1.99835 2.3236 2.85523 3.30525 3.33471 3.25462 -1
2 2 0.445357 0.792605 1.04667 1.51006 2.02323 2.41478 2.91892 2.86609 2.76668 0.0164735
2 3 0.0244905 0.203783 0.718635 0.515774 1.61647 1.82239 2.50657 2.43917 2.53195 0.0495905
2 4 0.000460937 0.00833505 0.0746786 0.368347 0.784293 1.46008 1.83587 2.10492 2.05738 2.14727
2 5 0.000362994 0.00155317 0.00863082 0.0156265 0.421715 0.377298 1.02989 1.41102 1.6696 1.48052
2 6 -0.000145666 0.00175231 0.00248318 0.0086721 0.882229 0.349373 0.627518 1.3116 1.24697 1.20075
2 7 -0.00095011 0.000865716 0.00254455 0.00118256 0.00855944 0.177143 0.398028 0.724184 0.961971 1.03114
2 8 -1 -1 -1 -0.00259277 0.00851233 0.0182642 0.0894911 0.470127 0.622319 0.615267
2 9 -1 -1 -1 0.00858176 0.02772 0.11401 0.248408 0.138332 0.250614 0.274113
3 0 1.58056 1.92762 2.31498 2.74638 3.22835 3.76452 3.76872 0.59936 -1 -1
3 1 0.882724 1.41003 1.92661 2.34812 2.62433 3.30352 3.21753 3.08471 -1 -1
3 2 0.675484 1.02615 1.32719 1.73502 2.2337 2.79916 2.83891 2.80925 2.83696 -1
3 3 0.523068 0.506889 1.0078 1.05065 1.86851 2.30496 2.3721 2.54334 2.52818 0.13873
3 4 0.030369 0.0543223 0.298951 0.890929 1.09514 1.44896 2.11575 2.03689 2.14025 0.0108984
3 5 0.000752596 0.296373 0.421411 0.891918 0.96804 1.17509 1.64706 1.51801 1.62226 1.57422
3 6 0.000490207 0.00841936 0.355039 0.440739 0.566548 0.695402 1.18998 1.1508 1.35612 1.22642
3 7 0.000341652 0.00118546 0.114274 0.00657249 0.0912086 0.623133 0.880682 0.905603 0.976851 0.984249
3 8 -1 -0.000723422 0.0375226 0.00863826 0.603138 0.334403 0.489102 0.571927 0.565875 0.647971
3 9 -1 -1 -1 0.0471498 0.18104 0.0303493 0.0821592 0.259776 0.220125 0.294042
4 0 1.96062 2.38618 2.58114 3.09598 3.74611 3.75804 3.02738 -1 -1 -1
4 1 1.19091 1.49826 2.21276 3.04356 3.16419 3.29649 3.13441 2.73612 -1 -1
4 2 1.06714 1.30826 1.56033 1.88976 2.87114 2.83445 2.82431 2.68469 2.4869 -1
4 3 0.752147 0.943046 1.32101 1.69197 1.914 2.41263 2.39391 2.48094 2.43428 0.0426564
4 4 0.52529 0.864712 0.67163 1.28528 1.29951 1.83043 1.96395 2.13991 2.12106 0.337759
4 5 0.085907 0.18068 0.166239 0.508259 0.69714 1.44653 1.52828 1.65006 1.55501 1.61538
4 6 0.00857263 0.00283416 0.13904 0.594168 1.14044 1.15075 1.23184 1.31752 1.34438 1.39531
4 7 0.000725473 0.00130512 0.00380175 0.613809 0.240842 0.964836 0.929959 0.967946 0.965718 0.996123
4 8 -0.00047986 0.000360467 0.00851521 0.0565262 0.0400723 0.489428 0.555236 0.632006 0.633981 0.629471
4 9 -1 -1 0.133467 0.0166087 0.0221505 0.203991 0.127735 0.222 0.288024 0.282095
5 0 2.34536 2.84853 3.39758 3.73202 3.73168 2.89545 -1 -1 -1 -1
5 1 1.62369 1.94528 2.32999 3.22101 3.21546 3.17588 -1 -1 -1 -1
5 2 1.06877 1.73276 2.03481 2.76455 2.76426 2.80751 2.70964 2.21295 -1 -1
5 3 1.14016 1.05774 1.28679 2.13998 2.43911 2.41714 2.42186 2.42407 -1 -1
5 4 0.811718 1.03212 1.32268 1.8053 1.91699 1.85973 2.00788 1.9757 1.89629 -1
5 5 0.315977 0.427432 0.603301 0.812578 1.37168 1.54097 1.68855 1.6281 1.77074 0.263587
5 6 0.0583019 0.31248 0.216594 0.515935 1.16299 1.15966 1.32035 1.34734 1.33429 1.40015
5 7 0.00868309 0.0086352 0.702211 0.412783 0.848172 0.7673 0.94784 1.01654 0.946234 1.0276
5 8 0.000495139 0.000815891 0.0193042 0.12406 0.252613 0.352726 0.221777 0.56916 0.653907 0.670673
5 9 -1 0.0085566 0.0662194 0.0325472 0.131729 0.197123 0.216715 0.198882 0.288166 0.29494
6 0 3.06129 3.4562 3.77459 3.75168 3.04211 -1 -1 -1 -1 -1
6 1 1.78181 2.63509 3.1915 3.23355 3.03824 2.48119 -1 -1 -1 -1
6 2 1.22452 2.24424 2.78781 2.86461 2.86529 2.77944 2.47119 -1 -1 -1
6 3 1.09541 2.02215 2.09453 2.34398 2.44883 2.38462 2.36943 1.76683 -1 -1
6 4 1.37048 1.25925 1.52893 2.10889 1.90885 2.08565 2.04302 1.94192 -1 -1
6 5 0.705547 0.923602 1.47764 1.47642 1.46286 1.75162 1.75551 1.66039 1.60196 -1
6 6 0.286029 0.38385 0.606852 1.0886 1.19513 1.29595 1.31716 1.34716 1.39801 1.06918
6 7 0.68648 0.0305752 0.603708 0.451687 0.84121 0.605498 0.950635 0.971006 0.939209 0.974061
6 8 0.00867969 0.0282477 0.0922674 0.507179 0.493877 0.294615 0.442645 0.603821 0.597408 0.603096
6 9 0.0204541 0.047385 0.0661916 0.167899 0.186186 0.228975 0.0991603 0.205271 0.238656 0.278159
7 0 3.54042 3.77309 3.76882 0.83344 -1 -1 -1 -1 -1 -1
7 1 2.37906 3.01507 3.02106 2.96431 2.79087 -1 -1 -1 -1 -1
7 2 1.8888 2.73048 2.77062 2.73894 2.61449 1.85705 -1 -1 -1 -1
7 3 1.28588 2.44199 2.44478 2.39472 2.44901 2.35642 1.90885 -1 -1 -1
7 4 1.57024 1.85217 2.06643 2.01847 2.07545 2.08474 2.06231 1.5674 -1 -1
7 5 0.945131 1.45886 1.71526 1.70549 1.67343 1.73194 1.71733 1.70021 1.38774 -1
7 6 0.607143 1.25551 1.30614 1.17366 1.23414 1.37367 1.33473 1.3668 1.30629 -1
7 7 0.243675 0.392738 0.815073 0.777018 0.954414 0.928949 1.00069 0.998187 0.948153 0.839059
7 8 0.114562 0.267744 0.508655 0.371067 0.335028 0.495986 0.594647 0.598898 0.608147 0.644448
7 9 0.104789 0.0278623 0.205752 0.188402 0.229538 0.131177 0.208046 0.261731 0.270741 0.259716
8 0 3.75663 3.76306 -1 -1 -1 -1 -1 -1 -1 -1
8 1 2.66079 0.715104 0.678983 -1 -1 -1 -1 -1 -1 -1
8 2 2.02462 2.35769 0.0189366 0.440018 -1 -1 -1 -1 -1 -1
8 3 1.27241 2.2808 2.07096 2.13491 0.726265 -1 -1 -1 -1 -1
8 4 1.64211 1.95221 2.02698 2.02602 2.02318 1.8455 0.771778 -1 -1 -1
8 5 1.45879 1.68356 1.66316 1.66654 1.60691 1.73455 1.561 1.12823 -1 -1
8 6 1.10196 1.34018 1.32823 1.32023 1.2921 1.31533 1.36078 1.25542 1.10097 -1
8 7 0.785722 0.950647 0.990023 0.963324 0.966293 0.988381 0.986545 0.965572 1.01147 0.78085
8 8 0.287065 0.55418 0.567394 0.573768 0.617504 0.646709 0.633778 0.661558 0.648444 0.660136
8 9 0.173876 0.156769 0.200999 0.151526 0.21502 0.119412 0.192951 0.287645 0.278338 0.298884
9 0 3.50065 -1 -1 -1 -1 -1 -1 -1 -1 -1
9 1 1.69902 0.0345362 -1 -1 -1 -1 -1 -1 -1 -1
9 2 0.21231 0.116322 0.00549721 -1 -1 -1 -1 -1 -1 -1
9 3 0.512128 0.0769826 0.090644 0.00849691 -1 -1 -1 -1 -1 -1
9 4 0.363863 0.348593 0.13247 0.181772 0.0870023 -1 -1 -1 -1 -1
9 5 0.698478 0.367539 0.739681 0.321851 0.310421 0.021087 -1 -1 -1 -1
9 6 1.24657 1.02864 0.956786 0.666562 0.955316 0.955688 0.00948532 -1 -1 -1
9 7 0.890513 0.950471 0.84593 0.962217 0.887153 0.890471 0.901848 0.921035 0.671898 -1
9 8 0.584549 0.628268 0.581447 0.607211 0.62629 0.638244 0.643312 0.643655 0.621103 0.450699
9 9 0.237787 0.274349 0.265668 0.271747 0.282926 0.283566 0.285517 0.292835 0.294333 0.293051

