0 20 0.0118943 0 6 9 -1 0 0 0
0 0 -1 -1 -1 -1 -1 -1 -1 -1 -1 -1
0 1 -1 -1 -1 -1 -1 -1 -1 -1 -1 -1
0 2 -1 -1 -1 -1 -1 -1 -1 -1 -1 -1
0 3 -1 -1 -1 -1 -1 -1 -1 -1 -1 -1
0 4 -1 -1 -1 -1 -1 -1 -1 -1 -1 -1
0 5 -1 -1 -1 -1 -1 -1 -1 -1 -1 -1
0 6 -1 -1 -1 -1 -1 -1 -1 -1 -1 0.0118943
0 7 -1 -1 -1 -1 -1 -1 -1 -1 -1 -1
0 8 -1 -1 -1 -1 -1 -1 -1 -1 -1 -1
0 9 -1 -1 -1 -1 -1 -1 -1 -1 -1 -1
1 0 -1 -1 -1 -1 -1 -1 -1 -1 -1 -1
1 1 -1 -1 -1 -1 -1 -1 -1 -1 -1 -1
1 2 -1 -1 -1 -1 -1 -1 -1 -1 -1 -1
1 3 -1 -1 -1 -1 -1 -1 -1 -1 -1 -1
1 4 -1 -1 -1 -1 -1 -1 -1 -1 -1 -1
1 5 -1 -1 -1 -1 -1 -1 -1 -1 -1 -1
1 6 -1 -1 -1 -1 -1 -1 -1 -1 -1 -1
1 7 -1 -1 -1 -1 -1 -1 -1 -1 -1 -1
1 8 -1 -1 -1 -1 -1 -1 -1 -1 -1 -1
1 9 -1 -1 -1 -1 -1 -1 -1 -1 -1 0.00727927
2 0 -1 -1 -1 -1 -1 -1 -1 -1 -1 -1
2 1 -1 -1 -1 -1 -1 -1 -1 -1 -1 -1
2 2 -1 -1 -1 -1 -1 -1 -1 -1 -1 -1
2 3 -1 -1 -1 -1 -1 -1 -1 -1 -1 -1
2 4 -1 -1 -1 -1 0.000896118 -1 -1 -1 -1 -1
2 5 -1 -1 -1 -1 -1 -1 -1 -1 -1 -1
2 6 -1 -1 -1 -1 -1 -1 -1 -1 -1 -1
2 7 -1 -1 -1 -1 -1 -1 -1 -1 -1 -1
2 8 -1 -1 -1 -1 -1 -1 -1 -1 -1 -1
2 9 -1 -1 -1 -1 -1 -1 -1 -1 -1 -1
3 0 -1 -1 -1 -1 -1 -1 -1 -1 -1 -1
3 1 -1 -1 -1 -1 -1 -1 -1 -1 -1 -1
3 2 -1 -1 -1 -1 -1 -1 -1 -1 -1 -1
3 3 -1 -1 -1 -1 -1 -1 -1 -1 -1 -1
3 4 -1 -1 -1 -1 8.83847e-05 -1 -1 -1 -1 -1
3 5 -1 -1 -1 -1 -1 -1 0.000274102 -1 -1 -1
3 6 -1 -1 -1 -1 -1 -1 -1 -1 -1 -1
3 7 -1 -1 -1 -1 -1 -1 -1 -1 -1 -1
3 8 -1 -1 -1 -1 -1 -1 -1 -1 -1 -1
3 9 -1 -1 -1 -1 -1 -1 -1 -1 -1 -1
4 0 -1 -1 -1 -1 -1 -1 -1 -1 -1 -1
4 1 -1 -1 -1 -1 -1 -1 -1 -1 -1 -1
4 2 -1 -1 -1 -1 -1 -1 -1 -1 -1 -1
4 3 -1 -0.00139814 -1 -1 -1 -1 -1 -1 -1 -1
4 4 -1 -1 -1 -5.3961e-05 -1 -1 -1 -1 -1 -1
4 5 -1 -1 -1 -1 -1 -1 -1 -1 -1 -1
4 6 -1 -1 -1 -1 -1 -1 -1 -1 -1 -1
4 7 -1 -1 -1 -1 -1 -1 -1 -1 -1 -1
4 8 -1 -1 -1 -1 -1 -1 -1 -1 -1 -1
4 9 -1 -1 -1 -1 -1 -1 -1 -1 -1 -1
5 0 -1 -1 -1 -1 -1 -1 -1 -1 -1 -1
5 1 -1 -1 -1 -1 -1 -1 -1 -1 -1 -1
5 2 -1 -1 -1 -1 -1 -1 -1 -1 -1 -1
5 3 -1 -1 -1 -1 -1 -1 -1 -1 -1 -1
5 4 -1 -1 -1 0.0061501 -1 -1 -1 -1 -1 -1
5 5 -1 -1 -1 0.000761906 -1 -1 -1 -1 -1 -1
5 6 -1 -1 -1 -1 -1 -1 -1 -1 -1 -1
5 7 -1 -1 -1 -1 -1 0.00942764 -1 -1 -1 -1
5 8 -1 -1 -1 -1 -1 -1 -1 -1 -1 -1
5 9 -1 -1 -1 -1 -1 -1 -1 -1 -1 -1
6 0 -1 -1 -1 -1 -1 -1 -1 -1 -1 -1
6 1 -1 -1 -1 -1 -1 -1 -1 -1 -1 -1
6 2 -1 -1 -1 -1 -1 -1 -1 -1 -1 -1
6 3 -1 -1 -1 -1 -1 -1 -1 -1 -1 -1
6 4 -1 -1 -1 -1 -1 -1 -1 -1 -1 -1
6 5 -1 -1 -1 0.000218221 0.000823133 -1 -1 -1 -1 -1
6 6 -1 -1 -1 -1 -1 -1 -1 -1 -1 -1
6 7 -1 -1 -1 -1 -1 -1 -1 -1 -1 -1
6 8 -1 -1 -1 -1 -1 -1 -1 -1 -1 -1
6 9 -1 -1 -1 -1 -1 -1 -1 0.00667457 -1 0.00673196
7 0 -1 -1 -1 -1 -1 -1 -1 -1 -1 -1
7 1 -1 -1 -1 -1 -1 -1 -1 -1 -1 -1
7 2 -1 -1 -1 -1 -1 -1 -1 -1 -1 -1
7 3 -1 -1 -1 -1 -1 -1 -1 -1 -1 -1
7 4 -1 -1 -1 -1 -1 -1 -1 -1 -1 -1
7 5 -1 -1 -1 -1 -1 -1 -1 -1 -1 -1
7 6 -1 -1 -1 -1 -1 -1 -1 -1 -1 -1
7 7 -1 -1 -1 -1 -1 -1 -1 -1 -1 -1
7 8 -1 -1 -1 -1 -1 -1 -1 -1 -1 -1
7 9 -1 -1 -1 -1 -1 -1 -1 -1 -1 -1
8 0 -1 -1 -1 -1 -1 -1 -1 -1 -1 -1
8 1 -1 -1 -1 -1 -1 -1 -1 -1 -1 -1
8 2 -1 -1 -1 -1 -1 -1 -1 -1 -1 -1
8 3 -1 -1 -1 -1 -1 -1 -1 -1 -1 -1
8 4 -1 -1 -1 -1 -1 -1 -1 -1 -1 -1
8 5 -1 -1 -1 -1 -1 -1 -1 -1 -1 -1
8 6 -1 -1 -1 -1 -1 -1 -1 -1 -1 -1
8 7 -1 -1 -1 -1 -1 -1 -1 -1 -1 -1
8 8 -1 -1 -1 -1 -1 -1 -1 -1 -1 -1
8 9 -1 -1 -1 -1 -1 -1 -1 0.00601573 -1 -1
9 0 -1 -1 -1 -1 -1 -1 -1 -1 -1 -1
9 1 -1 -1 -1 -1 -1 -1 -1 -1 -1 -1
9 2 -1 -1 -1 -1 -1 -1 -1 -1 -1 -1
9 3 -1 -1 -1 -1 -1 -1 -1 -1 -1 -1
9 4 -1 -1 -1 -1 -1 -1 -1 -1 -1 -1
9 5 -1 -1 -1 -1 -1 -1 -1 -1 -1 -1
9 6 0.00283705 -1 -1 -1 -1 -1 -1 -1 -1 -1
9 7 -1 -1 -1 -1 -1 -1 -1 -1 -1 -1
9 8 -1 -1 -1 -1 -1 -1 -1 -1 -1 -1
9 9 -1 -1 0.00610409 0.00567522 -1 -1 -1 0.00369661 0.0050896 -1

5000 772 3.66599 2 0 7 -1 0 0 0
0 0 0.337183 0.899783 1.02113 1.34732 1.31556 1.43477 1.87121 2.38653 3.22842 0.0996431
0 1 0.00839298 0.10771 0.642082 0.881569 1.04465 1.12576 1.35807 1.30567 1.22181 0.0527044
0 2 0.000491387 0.00768154 0.219327 0.586712 0.952644 1.02634 0.922559 1.42004 1.04226 0.0746051
0 3 -1 0.000393425 0.00703386 0.0271947 0.497584 0.793027 1.18783 1.46486 1.65249 0.116447
0 4 -1 0.000418883 0.00142328 0.0161927 0.0191769 0.604924 0.838936 1.18448 1.25488 0.268691
0 5 -1 -1 0.000404463 0.00126229 0.00482976 0.0139402 0.47072 0.714042 1.14372 0.367567
0 6 -1 0.000697504 0.000975312 0.000893823 0.000795881 0.000231829 0.0174433 0.296867 1.06308 0.495538
0 7 -1 -1 -1 -1 -0.000186509 0.000485258 0.000492618 0.0122993 0.622428 0.660841
0 8 -1 -1 -1 -1 -1 -1 0.000552135 0.00281118 0.0389931 0.335702
0 9 -1 -1 -1 -1 -1 -1 -1 0.0181802 0.0181919 0.213131
1 0 0.629272 1.07224 1.46467 1.8685 2.03463 2.35708 2.53022 3.47914 0.350602 -1
1 1 0.266631 0.485925 0.962797 1.49868 1.68148 1.9388 2.35123 2.84142 0.00880529 0.00874539
1 2 0.00797333 0.0559187 0.297357 0.520667 1.25253 1.75536 1.97209 2.74382 2.32962 0.00990962
1 3 0.000283916 0.000812445 0.0700501 0.284043 0.512616 1.24756 1.49428 2.22197 2.08434 0.0201734
1 4 -1 0.000869099 0.00118161 0.0447161 0.235647 0.68313 0.555135 1.90713 1.82161 0.0197797
1 5 -0.000866937 0.000855859 0.00125449 0.00207154 0.00507682 0.462262 0.585553 1.50738 1.4849 0.0177578
1 6 -1 -0.000395727 0.00137658 0.00141771 0.00125323 0.00829912 0.139481 0.254431 1.17615 0.0236674
1 7 -1 -1 0.000164133 -0.000675796 0.000490682 0.00101824 0.0318174 0.0597883 0.813089 0.713444
1 8 -1 -1 -1 -0.00114527 -1 0.000387512 0.00854301 0.0368532 0.147694 0.444869
1 9 -1 -1 -1 -1 -1 -1 0.172035 0.0707863 0.0266422 0.203348
2 0 0.828586 1.05811 1.67335 2.12172 2.46133 2.97418 3.60064 3.66599 -1 -1
2 1 0.71469 0.48941 1.12154 1.4872 2.10885 2.33156 2.94439 2.90977 0.0105665 -1
2 2 0.23016 0.379896 0.598424 1.10318 1.39519 2.09377 2.75212 2.58052 0.0113997 0.0053929
2 3 0.000420269 0.0985493 0.461308 0.548039 0.330573 1.80781 1.75481 2.32159 2.38626 0.00528691
2 4 0.000374334 0.00101542 0.0794772 0.252576 0.288732 0.738509 1.93456 1.85307 1.90728 0.0413857
2 5 -1 0.00108575 0.00147429 0.215427 0.146883 0.362692 0.805553 1.48608 1.18809 0.0274302
2 6 -1 0.000522225 0.00184538 0.00834468 0.000931561 0.0354208 0.0438767 0.545001 1.22872 0.0408922
2 7 -1 0.000367807 6.56057e-05 -1 0.000588025 0.00103641 0.241602 0.333371 0.92644 0.594325
2 8 -1 -1 -1 -1 0.00123701 0.0122115 0.0369081 0.0456873 0.286542 0.584169
2 9 -1 -1 -1 -1 0.00856555 0.065986 0.00978522 0.057525 0.0348999 0.199909
3 0 1.29247 1.42992 1.69374 2.28689 2.81308 3.64915 3.58678 -1 -1 -1
3 1 0.811836 1.08909 1.45389 1.24058 2.11602 3.12043 3.06076 0.00203497 -1 -1
3 2 0.597853 0.844821 1.16957 1.20723 1.5708 2.2555 2.57764 2.53025 0.0103269 -1
3 3 0.345697 0.38294 0.735128 1.03939 1.33559 1.61423 2.24518 2.16498 0.0289973 0.00102005
3 4 0.000245439 0.0369305 0.383708 0.708066 0.488287 1.04197 1.61312 1.86816 1.67483 0.0076949
3 5 -1 0.00162951 0.00858048 0.0211709 0.168491 1.02684 1.07948 1.57016 1.53306 0.0233274
3 6 4.67397e-05 0.0010868 0.00162781 0.0086686 0.0182685 0.0684683 0.408337 1.29045 1.17008 0.01625
3 7 -0.00128976 0.00117167 0.0085089 0.00081945 0.00943382 0.0312011 0.522046 0.48194 0.795164 0.770474
3 8 -1 -1 -0.000845907 -1 0.00860662 0.0228588 0.320872 0.206645 0.290703 0.565378
3 9 -1 -1 -1 0.00882281 0.0278467 0.0182054 0.0227291 0.0979252 0.245284 0.205419
4 0 1.35144 1.51403 2.00242 2.40841 3.64257 3.6174 -1 -1 -1 -1
4 1 0.628317 1.27355 1.33497 1.9065 3.06054 2.94388 2.9111 -1 -1 -1
4 2 0.710593 1.08291 1.31707 1.45808 2.75848 2.57121 2.57561 2.51008 -1 -1
4 3 0.669938 0.767753 1.10416 1.24748 1.50255 1.89344 2.2837 2.13206 0.00290609 -1
4 4 0.174683 0.259765 0.568312 0.973673 0.880238 0.821059 1.87441 1.89508 0.036972 0.0112231
4 5 0.00828276 0.0327918 0.328403 0.263658 0.122838 0.396285 1.61645 1.62895 1.54185 0.0119385
4 6 0.000582238 0.00180549 0.0463728 0.275529 0.542036 0.18724 0.983469 1.09939 1.11125 0.0140812
4 7 -0.000453143 0.00179181 0.00132612 0.00854745 0.0379223 0.265342 0.0701668 0.706007 0.823431 0.0158224
4 8 -0.000558663 -0.00158897 -1 0.00944139 0.0293358 0.34585 0.0909554 0.377309 0.506969 0.584176
4 9 -1 -1 -1 0.00854656 0.0181194 0.0462129 0.0251722 0.040368 0.0470522 0.251627
5 0 1.44306 2.19068 2.59782 3.61848 3.57448 -1 -1 -1 -1 -1
5 1 1.23685 1.78679 2.05582 2.90535 3.13692 2.83859 2.72687 -1 -1 -1
5 2 0.64447 1.42965 1.61823 2.67471 2.76362 2.76813 2.05952 -1 -1 -1
5 3 0.871639 1.09693 1.36673 2.23828 1.83352 2.17617 2.41803 -5.69492e-05 -1 -1
5 4 0.465862 0.518712 0.686611 0.851753 1.14807 1.58475 2.07822 1.60883 0.00471139 -1
5 5 0.0545502 0.318671 0.657791 1.16463 0.540986 1.41718 1.65513 1.4221 1.43444 0.00877924
5 6 0.00672864 0.283137 0.067453 0.826669 0.197394 0.511644 1.10764 1.10118 1.03377 0.0128788
5 7 0.000198842 0.00139196 0.0436487 0.0295555 0.770179 0.0994512 0.497438 0.882706 0.996055 0.00571575
5 8 0.00100598 0.000125283 0.000463024 0.0340855 0.275472 0.0867171 0.0225934 0.225552 0.374106 0.53652
5 9 -1 -1 -1 0.0167635 0.0858315 0.0324806 0.101771 0.0794649 0.185923 0.268279
6 0 2.44249 2.78846 3.51966 3.5438 -1 -1 -1 -1 -1 -1
6 1 0.913481 1.77528 3.04567 3.01774 2.73899 -1 -1 -1 -1 -1
6 2 0.69407 1.28281 2.61764 2.74689 2.69271 2.66064 -1 -1 -1 -1
6 3 0.730899 1.44163 2.34397 2.40064 2.36751 2.39395 1.92281 -1 -1 -1
6 4 1.00941 1.11048 1.96457 1.53789 1.91894 1.90344 1.98364 0.00286872 -1 -1
6 5 0.68783 0.63381 1.54814 1.63974 1.16352 1.42211 1.46307 1.29306 0.00104113 -1
6 6 0.198993 0.67836 0.48284 1.05821 0.911336 0.962737 1.17398 1.05407 0.72001 0.00979522
6 7 0.000415226 0.101514 0.845736 0.70472 0.296078 0.458888 0.503071 0.624077 0.791664 0.679858
6 8 0.000102034 0.0182139 0.38876 0.422123 0.32545 0.193539 0.271931 0.546428 0.444882 0.561483
6 9 -1 -1 0.0264849 0.0775913 0.0990148 0.0494947 0.10681 0.099552 0.152048 0.238197
7 0 1.93645 3.35249 3.31634 0.341232 -1 -1 -1 -1 -1 -1
7 1 1.34542 2.72583 2.7712 2.11021 -1 -1 -1 -1 -1 -1
7 2 1.01542 2.41052 2.64609 2.57453 2.40257 -1 -1 -1 -1 -1
7 3 1.31286 2.20129 2.27376 2.28868 2.04875 2.21916 -1 -1 -1 -1
7 4 0.942321 1.82648 2.02271 1.95147 1.80917 1.95304 1.74539 -1 -1 -1
7 5 0.635139 1.66628 1.68759 1.58264 1.69753 1.63261 1.52743 1.60587 -0.000112702 -1
7 6 0.533149 1.24502 1.17286 0.876584 1.27207 0.461577 1.32229 1.21447 1.07146 -1
7 7 0.290036 0.838857 0.589137 0.337514 0.864499 0.575918 0.598686 0.904074 0.917799 0.0103319
7 8 0.200633 0.0662199 0.266444 0.374557 0.259233 0.349647 0.295044 0.403876 0.545049 0.329304
7 9 0.00917639 0.0614077 0.043278 0.105176 0.138947 0.218121 0.0477182 0.0960543 0.145468 0.240027
8 0 1.32854 2.13115 -1 -1 -1 -1 -1 -1 -1 -1
8 1 1.68648 1.97829 -0.000963109 -1 -1 -1 -1 -1 -1 -1
8 2 1.58018 2.34384 0.00654775 0.00849603 -1 -1 -1 -1 -1 -1
8 3 1.67497 2.00159 0.0216392 1.62599 0.00610385 -1 -1 -1 -1 -1
8 4 1.63024 1.84823 1.32881 1.60798 1.67879 1.60192 -1 -1 -1 -1
8 5 1.37905 1.58836 1.45512 1.52627 1.37576 1.40659 1.36761 -1 -1 -1
8 6 1.13084 1.15437 1.19931 1.11451 1.25403 1.2157 1.24175 1.25536 -1 -1
8 7 0.866123 0.924724 0.937741 0.932299 0.866467 0.902216 0.955584 0.913935 0.845313 -1
8 8 0.502036 0.410834 0.592151 0.531434 0.582734 0.568879 0.555831 0.634811 0.567681 0.39834
8 9 0.165896 0.0819423 0.192839 0.112639 0.164892 0.12034 0.119836 0.227033 0.20366 0.250668
9 0 0.723136 -1 -1 -1 -1 -1 -1 -1 -1 -1
9 1 0.710776 0.00871201 -1 -1 -1 -1 -1 -1 -1 -1
9 2 0.0307842 0.00736646 -1 -1 -1 -1 -1 -1 -1 -1
9 3 0.0702115 0.00816174 0.021765 0.0125228 -1 -1 -1 -1 -1 -1
9 4 0.104892 0.010802 0.0104041 0.00516798 -1 -1 -1 -1 -1 -1
9 5 0.901803 0.0687279 0.464149 0.0101266 0.123006 -0.000747608 -1 -1 -1 -1
9 6 1.03424 0.315701 0.794823 0.0985536 0.505032 0.560408 0.504115 -1 -1 -1
9 7 0.722109 0.761117 0.761396 0.771824 0.727516 0.789252 0.883787 0.809925 -1 -1
9 8 0.547149 0.518494 0.586195 0.515298 0.549693 0.55808 0.56092 0.561774 0.430468 -1
9 9 0.21147 0.204228 0.206581 0.240101 0.250524 0.26499 0.269325 0.271981 0.218616 0.205971

10000 796 3.74287 0 0 8 -1 0 0 0
0 0 0.341562 0.899783 1.2203 1.5558 1.81796 2.0128 1.87121 3.34248 3.74287 0.157727
0 1 0.00839298 0.213729 0.642082 1.00358 1.35546 1.41445 1.37132 1.59087 1.22181 0.0527044
0 2 0.000491387 0.0122586 0.267783 0.700384 1.06402 1.29095 1.326 1.42004 1.04226 0.102845
0 3 -1 0.000393425 0.0084528 0.117677 0.535505 1.07859 1.18783 1.59553 1.65249 0.126465
0 4 -1 0.000418883 0.00156895 0.0161927 0.0457889 0.604924 0.875109 1.27339 1.51478 0.268691
0 5 -1 0.000276818 0.00131745 0.00189896 0.00482976 0.130255 0.47072 0.84486 1.34637 0.367567
0 6 -1 0.000697504 0.00140299 0.00102689 0.000825056 0.00838331 0.0504511 0.427703 1.06308 0.982531
0 7 -1 -1 -1 0.00016057 -0.000186509 0.000485258 0.00114388 0.0143378 0.838924 0.759079
0 8 -1 -1 -1 -1 -1 -1 0.000552135 0.00855134 0.0558466 0.474106
0 9 -1 -1 -1 -1 -1 0.0276708 -1 0.0181802 0.0181919 0.218963
1 0 0.734165 1.2561 1.48643 1.8685 2.39817 2.37839 2.87008 3.67366 3.70691 -1
1 1 0.266631 0.485925 0.962797 1.49868 1.71104 2.19119 2.52442 2.84142 1.4864 0.00874539
1 2 0.00797333 0.218545 0.297357 0.861464 1.39212 1.75536 2.09983 2.74382 2.32962 0.0109882
1 3 0.000388841 0.0848268 0.0700501 0.284043 0.679417 1.29048 1.62914 2.32599 2.16963 0.0201734
1 4 0.000475746 0.00128739 0.00118161 0.0447161 0.264324 0.68313 1.12329 1.90713 2.0216 0.286081
1 5 -0.000866937 0.000855859 0.00211538 0.00343539 0.111865 0.462262 0.585553 1.50738 1.72475 0.0291151
1 6 -0.000787205 0.00148812 0.00146589 0.00199381 0.00213277 0.0177597 0.139481 0.578891 1.21694 0.987045
1 7 -1 0.000688053 0.000164133 0.000600407 0.000658806 0.00101824 0.200705 0.0732969 0.813089 0.907623
1 8 -1 -1 -0.000559165 -0.00114527 -1 0.000545815 0.00854301 0.0368532 0.3624 0.544233
1 9 -1 -1 -1 -1 -1 -1 0.172035 0.0707863 0.140054 0.237523
2 0 1.0312 1.31309 1.80052 2.44596 2.56738 2.97418 3.70389 3.66599 -1 -1
2 1 0.71469 0.952162 1.12154 1.63067 2.12294 2.44125 3.12636 2.97509 0.0105665 -1
2 2 0.23016 0.494782 0.856616 1.10318 1.39519 2.18582 2.75212 2.79832 0.0113997 0.0053929
2 3 0.00668329 0.274538 0.461308 0.548039 1.22618 1.80781 2.1858 2.32159 2.38626 0.00992195
2 4 0.000374334 0.00101542 0.0794772 0.252576 0.472377 0.738509 1.93456 1.97824 1.90728 0.0413857
2 5 -1 0.00108575 0.00147429 0.215427 0.146883 0.517422 0.805553 1.58773 1.59573 0.0274302
2 6 -1 0.0010252 0.00203905 0.00834468 0.0189691 0.49175 0.950423 1.12681 1.22872 0.0408922
2 7 -1 0.00142329 0.00116651 0.000731807 0.000588025 0.00832676 0.241602 0.400632 0.92644 0.776251
2 8 -1 -1 -1 -0.000274011 0.00123701 0.0122115 0.0977904 0.254546 0.495012 0.584169
2 9 -1 -1 -1 -1 0.00862675 0.065986 0.0163321 0.0929638 0.06693 0.230433
3 0 1.29247 1.81231 2.11658 2.45258 3.07787 3.65635 3.68307 0.261516 -1 -1
3 1 0.811836 1.1404 1.45389 1.73694 2.11602 3.24891 3.11432 2.69933 -1 -1
3 2 0.626182 1.0189 1.16957 1.20723 1.84742 2.55571 2.71495 2.53025 0.0103269 -1
3 3 0.345697 0.612002 0.735128 1.03939 1.53857 1.61423 2.29731 2.16498 0.0289973 0.00742296
3 4 0.037124 0.0994272 0.437126 0.802346 0.741289 1.09141 1.83166 2.00083 1.97442 0.0076949
3 5 0.00829741 0.00522615 0.0256784 0.0862616 0.168491 1.02684 1.50798 1.57016 1.53306 0.0233274
3 6 4.67397e-05 0.00238143 0.0163401 0.0185791 0.101428 0.987485 0.408337 1.29045 1.27617 0.0196811
3 7 -4.64429e-05 0.00126786 0.0085089 0.00115448 0.00943382 0.0375908 0.522046 0.592647 0.82638 0.910916
3 8 -1 -1 0.000622833 0.00863027 0.00860662 0.0249782 0.327218 0.206645 0.472736 0.584044
3 9 -1 -1 0.0129482 0.00882281 0.0278467 0.0642654 0.0692926 0.162009 0.245284 0.239752
4 0 1.61769 2.00647 2.33408 2.55055 3.67634 3.65063 3.00559 -1 -1 -1
4 1 0.959905 1.63787 1.8204 1.92989 3.14379 3.08428 3.08557 -1 -1 -1
4 2 0.813684 1.37005 1.32395 1.81849 2.75848 2.63472 2.87516 2.51912 -1 -1
4 3 0.777882 0.767753 1.10416 1.63631 2.29397 2.23212 2.2837 2.41572 0.00290609 -1
4 4 0.174683 0.403991 0.892738 0.973673 0.880238 1.84726 1.87441 2.09726 1.75311 0.0112231
4 5 0.00828276 0.10878 0.328403 0.496908 1.47681 1.36453 1.61645 1.62895 1.54185 0.0119385
4 6 0.000582238 0.027912 0.0463728 0.275529 0.784588 1.04487 0.983469 1.09939 1.24772 0.0140812
4 7 -0.0002974 0.00179181 0.00862333 0.0129844 0.584668 0.386292 0.239713 0.706007 0.915014 0.759185
4 8 -0.000558663 0.000406631 -0.000143924 0.00944139 0.121572 0.352438 0.347509 0.377309 0.506969 0.584176
4 9 -1 -1 0.00858975 0.00857657 0.0181194 0.053078 0.0480965 0.0891505 0.215307 0.273177
5 0 2.17476 2.35654 2.81181 3.65283 3.66393 0.403043 -1 -1 -1 -1
5 1 1.29497 1.78679 2.06304 3.00858 3.13692 2.94216 2.72687 -1 -1 -1
5 2 1.25105 1.56032 1.84162 2.6825 2.76362 2.76813 2.66263 -1 -1 -1
5 3 0.94614 1.34315 1.56676 2.23828 2.31832 2.30043 2.42343 2.29401 -1 -1
5 4 0.649164 0.82099 1.07383 1.8602 1.623 1.83632 2.07822 1.96383 0.00471139 -1
5 5 0.112909 0.584107 1.35315 1.16463 1.67202 1.41718 1.65513 1.59912 1.61884 0.00877924
5 6 0.00672864 0.283137 0.301763 0.975083 0.98394 1.1191 1.10764 1.28654 1.29285 0.0128788
5 7 0.00105594 0.00157987 0.0436487 0.408724 0.770179 0.0994512 0.886329 0.962474 0.996055 0.842665
5 8 0.00100598 0.000470089 0.000463024 0.0340855 0.275472 0.493157 0.147573 0.324971 0.420886 0.588075
5 9 -1 -1 0.00861518 0.0249078 0.0991529 0.0324806 0.134223 0.0912434 0.185923 0.268279
6 0 2.44249 2.78846 3.64396 3.62202 0.467393 -1 -1 -1 -1 -1
6 1 1.19608 1.98715 3.04567 3.01774 2.92337 -1 -1 -1 -1 -1
6 2 1.42129 1.82894 2.68422 2.74689 2.69271 2.67426 -1 -1 -1 -1
6 3 1.02254 1.47716 2.34397 2.40064 2.37278 2.39395 2.24545 -1 -1 -1
6 4 1.01954 1.31633 1.96457 1.99909 1.9489 1.99007 1.98734 1.83655 -1 -1
6 5 0.68783 0.762238 1.54814 1.63974 1.16352 1.60853 1.56997 1.65783 1.63243 -1
6 6 0.198993 0.67836 0.738505 1.05821 0.911336 1.21714 1.30883 1.19597 0.971621 1.02455
6 7 0.000590195 0.101514 0.845736 0.70472 0.80986 0.790686 0.927145 0.903718 0.966811 0.729035
6 8 0.000145216 0.0182139 0.38876 0.422123 0.32545 0.282841 0.478503 0.546428 0.621853 0.593981
6 9 -1 0.0181813 0.0264849 0.181522 0.0990148 0.108274 0.135618 0.173987 0.184835 0.262223
7 0 2.77751 3.49798 3.57142 0.341232 -1 -1 -1 -1 -1 -1
7 1 1.53167 2.75127 2.89567 2.11021 0.384802 -1 -1 -1 -1 -1
7 2 1.52569 2.57511 2.64609 2.57453 2.40257 -1 -1 -1 -1 -1
7 3 1.31286 2.23956 2.28158 2.28868 2.20643 2.21916 -1 -1 -1 -1
7 4 0.942321 1.98064 2.02271 1.95422 1.89956 1.99407 1.92743 -1 -1 -1
7 5 0.894184 1.66628 1.6948 1.58264 1.69753 1.71294 1.66763 1.60587 -0.000112702 -1
7 6 0.533149 1.25898 1.24079 1.28854 1.27207 1.34746 1.36894 1.21447 1.17549 -1
7 7 0.290036 0.868491 0.589137 0.7999 0.864499 0.850204 0.820244 0.904074 0.958954 0.0137419
7 8 0.200633 0.106131 0.484054 0.374557 0.509098 0.349647 0.312127 0.558893 0.545049 0.632218
7 9 0.027579 0.104243 0.159642 0.105176 0.138947 0.218121 0.23902 0.157991 0.188855 0.259066
8 0 2.74632 2.41612 -1 -1 -1 -1 -1 -1 -1 -1
8 1 1.68648 2.31582 1.33897 -1 -1 -1 -1 -1 -1 -1
8 2 1.58018 2.34384 1.31359 0.00849603 -1 -1 -1 -1 -1 -1
8 3 1.67497 2.12927 0.0216392 1.65894 0.00610385 -1 -1 -1 -1 -1
8 4 1.63024 1.84823 1.63183 1.81895 1.87047 1.81875 -1 -1 -1 -1
8 5 1.45288 1.60454 1.45512 1.56919 1.55497 1.45467 1.3689 -1 -1 -1
8 6 1.18313 1.24118 1.19931 1.22168 1.26505 1.22443 1.31784 1.25536 -1 -1
8 7 0.866123 0.95449 0.937741 0.943988 0.954599 0.958204 0.983883 1.02008 0.845313 -1
8 8 0.562342 0.410834 0.592151 0.625471 0.598281 0.572722 0.609233 0.634811 0.567681 0.41576
8 9 0.165896 0.15144 0.192839 0.130482 0.223344 0.184739 0.214297 0.261151 0.227384 0.258039
9 0 1.50336 -1 -1 -1 -1 -1 -1 -1 -1 -1
9 1 1.32619 0.00871201 -1 -1 -1 -1 -1 -1 -1 -1
9 2 0.747107 0.0100188 0.00666892 -1 -1 -1 -1 -1 -1 -1
9 3 0.155094 0.00816174 0.021765 0.0125228 -1 -1 -1 -1 -1 -1
9 4 0.192745 0.0143801 0.0104041 0.00516798 -1 -1 -1 -1 -1 -1
9 5 0.901803 0.296102 0.630321 0.189461 0.123006 0.0659849 -1 -1 -1 -1
9 6 1.03424 0.868466 0.794823 1.03456 0.983423 0.560408 0.504115 -1 -1 -1
9 7 0.833709 0.85239 0.880638 0.906471 0.896758 0.789252 0.883787 0.861592 0.662036 -1
9 8 0.548293 0.563059 0.586195 0.540947 0.588138 0.585925 0.589079 0.578382 0.57366 0.296869
9 9 0.223236 0.21798 0.2479 0.240101 0.255072 0.26499 0.269325 0.271981 0.238143 0.210512

15000 804 3.74305 1 0 8 -1 0 0 0
0 0 0.485844 0.918088 1.339 1.85937 2.10724 2.56174 2.87457 3.55589 3.74287 2.23302
0 1 0.0401782 0.303204 0.751585 1.12322 1.40544 1.41445 1.5865 1.6725 1.22181 0.0527044
0 2 0.00147124 0.0122586 0.267783 0.700384 1.06402 1.29095 1.326 1.56847 1.75311 0.133354
0 3 -1 0.000443742 0.0084528 0.199627 0.7278 1.07859 1.28253 1.59553 1.65249 0.126465
0 4 -1 0.000418883 0.00156895 0.0161927 0.104025 0.616234 1.04162 1.27339 1.57656 0.268691
0 5 -1 0.000276818 0.00144271 0.00189896 0.00482976 0.342063 0.605234 0.84486 1.52502 0.367567
0 6 -1 0.000697504 0.00140299 0.00102689 0.000951842 0.00838331 0.163647 0.446095 1.1942 0.982531
0 7 -1 -1 -1 0.00016057 0.000158028 0.00074329 0.00119842 0.0265076 0.838924 0.778242
0 8 -1 -1 -1 -1 0.000662208 0.00168607 0.000848909 0.0086101 0.200463 0.498081
0 9 -1 -1 -1 -1 -1 0.0276708 0.000478963 0.0181802 0.0301129 0.218963
1 0 0.734165 1.2561 1.50705 1.8685 2.4773 2.95193 3.48493 3.73076 3.74305 -1
1 1 0.329865 0.713669 0.962797 1.49868 1.71104 2.19119 2.52442 2.8961 1.4864 0.00874539
1 2 0.0104393 0.218545 0.484983 1.04418 1.39212 1.75536 2.09983 2.74382 2.32962 0.0109882
1 3 0.000553659 0.0848268 0.190773 0.32454 0.757336 1.29196 1.62976 2.32599 2.20502 0.0680768
1 4 0.000475746 0.00128739 0.00145073 0.277083 0.264324 0.68313 1.39381 1.92533 2.0216 0.286081
1 5 -0.000757305 0.000946236 0.00211538 0.0086741 0.196582 0.462262 0.614989 1.5893 1.72475 0.0316005
1 6 -0.000787205 0.00148812 0.00891842 0.00739617 0.00343967 0.0360316 0.384795 0.641971 1.24617 0.987045
1 7 -0.00081968 0.000688053 0.000282638 0.000600407 0.0514925 0.00855913 0.200705 0.24266 0.813089 0.907623
1 8 -1 -1 -0.000559165 -0.00114527 0.000191761 0.000799806 0.00854301 0.0375388 0.3624 0.581049
1 9 -1 -1 -1 -1 -1 0.00857631 0.172035 0.0707863 0.167297 0.237523
2 0 1.0312 1.31919 1.80052 2.44596 2.763 3.44352 3.73798 3.70607 -1 -1
2 1 0.71469 1.0929 1.12154 1.63067 2.15848 2.44125 3.12636 3.03363 0.0105665 -1
2 2 0.23016 0.494782 0.856616 1.10676 1.41794 2.18582 2.77942 2.86644 0.033707 0.0053929
2 3 0.00905182 0.274538 0.564397 0.548039 1.22618 1.80781 2.31189 2.32159 2.38626 0.0124293
2 4 0.000374334 0.00117518 0.171403 0.37116 0.505918 0.738509 1.94186 2.06013 1.90728 0.0413857
2 5 -1 0.00144531 0.10321 0.215427 0.219437 0.517422 1.39238 1.68068 1.59573 0.0274302
2 6 -1 0.00146239 0.00206723 0.00834468 0.0265837 0.49175 0.950423 1.12681 1.33249 0.0408922
2 7 -1 0.00142329 0.00159289 0.000731807 0.00867034 0.00832676 0.241602 0.558595 0.92644 0.917679
2 8 -1 -1 -1 -0.000274011 0.00123701 0.0122115 0.0977904 0.301719 0.495012 0.584169
2 9 -1 -1 -1 -1 0.00862675 0.065986 0.0344574 0.0969952 0.142606 0.230433
3 0 1.29247 1.81231 2.11658 2.58017 3.07787 3.74249 3.71845 0.261516 -1 -1
3 1 0.811836 1.1404 1.46658 1.73694 2.57169 3.24891 3.11432 2.79787 -1 -1
3 2 0.759525 1.0189 1.50362 1.34974 1.84742 2.55571 2.74913 2.8278 0.0103269 -1
3 3 0.345697 0.612002 1.28389 1.03939 1.53857 1.93096 2.29731 2.33899 0.0289973 0.0102092
3 4 0.037124 0.141588 0.487999 0.802346 1.20005 1.09141 2.00206 2.00083 1.97442 0.00882203
3 5 0.00829741 0.00522615 0.177323 0.0862616 0.731444 1.02684 1.50798 1.61854 1.53306 0.358855
3 6 4.67397e-05 0.00238143 0.0163401 0.0185791 0.22302 0.987485 0.408337 1.29045 1.37545 1.01537
3 7 -4.64429e-05 0.00126786 0.00854541 0.0277632 0.00943382 0.825357 0.708911 0.853871 0.984166 0.910916
3 8 -1 -1 0.000622833 0.421014 0.00860662 0.0249782 0.487669 0.317356 0.553517 0.584044
3 9 -1 -1 0.0129482 0.00882281 0.0278467 0.0642654 0.0909919 0.162009 0.245284 0.239752
4 0 1.61769 2.00647 2.49528 2.96456 3.71336 3.68673 3.00559 -1 -1 -1
4 1 1.17487 1.63787 1.8204 1.9795 3.14379 3.08428 3.08557 -1 -1 -1
4 2 0.813684 1.37005 1.32395 1.81849 2.75848 2.80827 2.87516 2.51912 -1 -1
4 3 0.777882 0.91898 1.37286 1.63631 2.29397 2.25294 2.4317 2.41572 0.0050212 -1
4 4 0.174683 0.403991 0.892738 1.11389 0.880238 1.87839 1.87441 2.09726 1.75311 0.0112231
4 5 0.0085119 0.112376 0.328403 0.839143 1.47681 1.36453 1.61645 1.7902 1.54185 0.0119385
4 6 0.000582238 0.027912 0.138375 0.275529 0.784588 1.04487 1.23032 1.33991 1.30302 0.0140812
4 7 0.000233464 0.00179181 0.00862333 0.0949753 0.584668 0.595282 0.822708 0.840189 0.915014 0.759185
4 8 -0.000558663 0.000406631 -0.000143924 0.00944139 0.205503 0.612753 0.347509 0.561076 0.512746 0.584176
4 9 -1 -1 0.00869152 0.056582 0.0242524 0.070388 0.0814875 0.0891505 0.215307 0.273177
5 0 2.17476 2.39767 2.97052 3.68621 3.67212 0.638942 -1 -1 -1 -1
5 1 1.29497 1.78679 2.12149 3.00858 3.13692 2.98625 2.72687 -1 -1 -1
5 2 1.25105 1.56032 1.84162 2.77874 2.79656 2.76813 2.66263 -1 -1 -1
5 3 0.94614 1.34315 1.56676 2.38646 2.31832 2.30043 2.42343 2.35623 -1 -1
5 4 0.741759 1.0388 1.07383 1.90662 1.96185 2.01906 2.07822 1.96383 1.80946 -1
5 5 0.209582 0.584107 1.35315 1.62007 1.67202 1.5184 1.65513 1.75204 1.73498 0.0705536
5 6 0.00672864 0.283137 0.732447 0.975083 0.989387 1.1191 1.20202 1.28654 1.29285 0.0166296
5 7 0.00855759 0.0115377 0.0436487 0.701738 0.770179 0.725179 0.886329 0.962474 0.996055 0.842665
5 8 0.00100598 0.000470089 0.00868583 0.0340855 0.510691 0.493157 0.542228 0.565772 0.628198 0.616466
5 9 -1 0.00878607 0.0359882 0.0456727 0.0991529 0.047824 0.134223 0.147103 0.271966 0.268279
6 0 2.44249 2.78846 3.64396 3.65007 0.606276 -1 -1 -1 -1 -1
6 1 1.31351 2.06817 3.04567 3.08889 3.02894 -1 -1 -1 -1 -1
6 2 1.42129 1.92013 2.68422 2.74689 2.73507 2.67426 -1 -1 -1 -1
6 3 1.02254 1.50707 2.35721 2.42984 2.38173 2.39395 2.24545 -1 -1 -1
6 4 1.01954 1.31633 1.96457 1.99909 2.02731 1.99007 2.10906 1.83655 -1 -1
6 5 0.68783 0.762238 1.54814 1.63974 1.53358 1.65797 1.69387 1.65783 1.63243 -1
6 6 0.198993 0.67836 0.738505 1.05821 1.23056 1.21714 1.30883 1.19597 1.22745 1.02455
6 7 0.00213576 0.216467 0.845736 0.826434 0.80986 0.790686 0.927145 0.953438 0.966811 0.937624
6 8 0.000438624 0.0182139 0.38876 0.422123 0.521403 0.282841 0.573102 0.546428 0.621853 0.606678
6 9 -1 0.0181813 0.0264849 0.181522 0.178674 0.108274 0.135618 0.173987 0.184835 0.278241
7 0 3.15734 3.6639 3.65714 0.341232 -1 -1 -1 -1 -1 -1
7 1 2.20331 2.75127 2.89567 2.7679 0.384802 -1 -1 -1 -1 -1
7 2 1.52569 2.57511 2.67251 2.57453 2.49916 -1 -1 -1 -1 -1
7 3 1.42741 2.23956 2.28158 2.29904 2.20643 2.21916 -1 -1 -1 -1
7 4 1.01399 1.98064 2.02271 1.95422 1.90039 1.99407 1.92743 -1 -1 -1
7 5 1.06725 1.66628 1.70329 1.6618 1.69753 1.71294 1.66763 1.60587 -0.000112702 -1
7 6 0.639905 1.25898 1.24079 1.28854 1.27207 1.34746 1.36894 1.29064 1.27378 -1
7 7 0.290036 0.868491 0.888336 0.7999 0.923931 0.850204 0.820244 0.982493 0.958954 0.0137419
7 8 0.218206 0.360538 0.484054 0.374557 0.547844 0.511875 0.317993 0.558893 0.545049 0.632218
7 9 0.027579 0.104243 0.159642 0.161689 0.233911 0.218121 0.23902 0.157991 0.280312 0.28244
8 0 3.6567 3.62301 -1 -1 -1 -1 -1 -1 -1 -1
8 1 1.68648 2.40345 1.33897 -1 -1 -1 -1 -1 -1 -1
8 2 1.59633 2.34384 2.20345 0.00849603 -1 -1 -1 -1 -1 -1
8 3 1.90151 2.12927 2.02278 1.88765 2.05824 -1 -1 -1 -1 -1
8 4 1.63024 1.93259 1.66625 1.81895 1.87047 1.81875 -1 -1 -1 -1
8 5 1.45288 1.67981 1.53632 1.5808 1.55497 1.48343 1.38749 -1 -1 -1
8 6 1.18313 1.29388 1.19931 1.2632 1.26505 1.2937 1.31784 1.29015 -1 -1
8 7 0.866123 0.958626 0.937741 0.943988 0.954599 0.958204 0.988796 1.02008 0.845313 -1
8 8 0.562342 0.410834 0.592151 0.625471 0.598281 0.572722 0.616873 0.634811 0.615832 0.535416
8 9 0.165896 0.154366 0.192839 0.16997 0.223344 0.209048 0.227381 0.261151 0.273975 0.26827
9 0 1.5772 -1 -1 -1 -1 -1 -1 -1 -1 -1
9 1 1.44708 0.00955912 -1 -1 -1 -1 -1 -1 -1 -1
9 2 0.747107 0.0121272 0.00666892 -1 -1 -1 -1 -1 -1 -1
9 3 0.493591 0.0132518 0.021765 0.0125228 -1 -1 -1 -1 -1 -1
9 4 0.192745 0.0143801 0.0143964 0.00561576 0.00627946 -1 -1 -1 -1 -1
9 5 0.901803 0.296102 0.630321 0.189461 0.123006 0.0793197 -1 -1 -1 -1
9 6 1.03424 0.868466 0.794823 1.03456 1.00785 0.560408 0.504115 -1 -1 -1
9 7 0.850505 0.85239 0.880638 0.906471 0.896758 0.861272 0.883787 0.861592 0.662036 -1
9 8 0.548293 0.564294 0.586195 0.609488 0.622815 0.604387 0.589079 0.593648 0.57366 0.296869
9 9 0.223236 0.226136 0.282668 0.240101 0.255072 0.279276 0.283781 0.283856 0.253309 0.229863

20000 809 3.77509 1 0 7 -1 0 0 0
0 0 0.485844 0.938751 1.36512 1.85937 2.16814 2.56174 3.02326 3.55589 3.74287 3.24235
0 1 0.0583393 0.316029 0.751585 1.12322 1.40544 1.57601 1.5995 1.68438 1.69113 0.448104
0 2 0.00147124 0.0169652 0.309845 0.771694 1.08741 1.29095 1.326 1.79959 1.75311 0.133354
0 3 -1 0.000443742 0.0084528 0.30301 0.7278 1.07859 1.28253 1.59553 1.65249 0.126465
0 4 -1 0.000418883 0.00156895 0.0161927 0.238254 0.616234 1.04162 1.27339 1.57656 0.268691
0 5 -0.000918505 0.000276818 0.00350898 0.00660942 0.00822507 0.342063 0.655524 0.84486 1.52502 1.079
0 6 -1 0.000697504 0.00140299 0.00113682 0.001431 0.00838331 0.163647 0.446095 1.1942 1.18821
0 7 -1 -1 -1 0.00016057 0.000400437 0.000942905 0.219032 0.0551883 0.838924 0.887922
0 8 -1 -1 -1 -1 0.000662208 0.00168607 0.00246417 0.00917026 0.200463 0.575499
0 9 -1 -1 -1 -1 -1 0.0276708 0.000478963 0.0181802 0.0301129 0.218963
1 0 0.734165 1.2561 1.51909 1.92302 2.4773 2.95193 3.4907 3.77509 3.76625 -1
1 1 0.329865 0.713669 1.09756 1.49868 1.78102 2.19119 2.52442 2.8961 2.39628 0.00874539
1 2 0.0104393 0.218545 0.813489 1.04418 1.43238 1.87445 2.09983 2.74382 2.41218 0.0109882
1 3 0.000553659 0.0848268 0.190773 0.334843 0.757336 1.29196 1.7808 2.32599 2.20502 0.0680768
1 4 0.000475746 0.00128739 0.00194156 0.277083 0.568198 0.699961 1.39381 2.08618 2.0216 0.286081
1 5 -0.000757305 0.000953404 0.00211538 0.0260909 0.196582 0.462262 0.697232 1.66636 1.72475 1.19986
1 6 -0.000641483 0.00148812 0.00891842 0.00920879 0.0293057 0.0360316 0.384795 0.996143 1.24617 0.987045
1 7 -0.00081968 0.000688053 0.000282638 0.000600407 0.0514925 0.00855913 0.200705 0.702316 0.903431 0.907623
1 8 -1 -1 -0.000559165 0.000345937 0.000191761 0.000799806 0.00854301 0.0375388 0.3624 0.581049
1 9 -1 -1 -1 -1 -1 0.00857631 0.172035 0.0707863 0.167297 0.237523
2 0 1.30377 1.31919 1.80052 2.44596 2.763 3.44352 3.75021 3.7199 -1 -1
2 1 0.71469 1.0929 1.22911 1.66412 2.15848 2.44125 3.12636 3.20173 0.0105665 -1
2 2 0.454236 0.619638 0.856616 1.10676 1.41794 2.18582 2.77942 2.86644 0.033707 0.0053929
2 3 0.00905182 0.274538 0.564397 0.548039 1.22618 1.80781 2.41819 2.40742 2.38626 0.036823
2 4 0.000492475 0.00117518 0.214865 0.37116 0.505918 0.805217 1.94186 2.06013 1.90728 0.0701892
2 5 -0.000185156 0.00144531 0.10321 0.215427 0.219437 0.517422 1.59408 1.68068 1.59573 0.0274302
2 6 -1 0.00146239 0.00562905 0.142726 0.0265837 0.49175 0.950423 1.12681 1.33249 0.0748729
2 7 -1 0.00142329 0.00159289 0.000731807 0.00867034 0.00832676 0.241602 0.77519 0.92644 0.917679
2 8 -1 -1 -1 -0.000274011 0.00123701 0.0122115 0.0977904 0.301719 0.560665 0.584169
2 9 -1 -1 -1 -1 0.00865157 0.152124 0.117441 0.0969952 0.142606 0.247615
3 0 1.35245 1.81231 2.22897 2.58017 3.07787 3.74249 3.72582 0.261516 -1 -1
3 1 0.811836 1.1404 1.5325 2.0147 2.57169 3.24891 3.124 2.81603 -1 -1
3 2 0.759525 1.0189 1.50362 1.53091 1.84742 2.55571 2.82603 2.8278 0.0103269 -1
3 3 0.345697 0.612002 1.28389 1.03939 1.53857 1.93096 2.38713 2.39514 0.123795 0.0102092
3 4 0.037124 0.180357 0.487999 0.953408 1.20005 1.74184 2.00206 2.00083 1.97442 0.00882203
3 5 0.00829741 0.00522615 0.177323 0.359094 0.731444 1.02684 1.50798 1.61854 1.53306 0.358855
3 6 0.00145125 0.00238143 0.0173942 0.124955 0.22302 1.04546 1.06096 1.29045 1.37545 1.11552
3 7 -4.64429e-05 0.00132724 0.00854541 0.0277632 0.373166 0.825357 0.831731 0.853871 0.99271 0.910916
3 8 -1 -1 0.000622833 0.421014 0.0180543 0.0336694 0.487669 0.317356 0.560956 0.651672
3 9 -1 -1 0.0129482 0.00882281 0.0278467 0.0642654 0.0980261 0.162009 0.245284 0.258651
4 0 1.61769 2.35826 2.50311 2.96456 3.74405 3.7347 3.00559 -1 -1 -1
4 1 1.17487 1.63787 1.8204 1.9795 3.14379 3.13761 3.08557 -1 -1 -1
4 2 0.842838 1.37005 1.32395 1.81849 2.75848 2.80827 2.87516 2.74577 -1 -1
4 3 0.777882 0.937536 1.37286 1.63631 2.29397 2.25294 2.4317 2.41572 1.92538 -1
4 4 0.409495 0.568485 0.912043 1.13599 0.887974 1.87839 1.95667 2.09726 1.77091 0.0112231
4 5 0.00876175 0.210304 0.328403 0.911573 1.47681 1.39121 1.65867 1.7902 1.54185 0.0119385
4 6 0.000582238 0.027912 0.177467 0.275529 1.03497 1.04487 1.23032 1.33991 1.36092 0.0140812
4 7 0.000233464 0.00861355 0.00862333 0.68986 0.584668 0.68315 0.822708 0.840189 0.933801 0.903827
4 8 -0.000558663 0.000406631 0.00853824 0.00944139 0.205503 0.612753 0.347509 0.574844 0.512746 0.584176
4 9 -1 -1 0.0186837 0.056582 0.0264881 0.137714 0.0814875 0.0891505 0.215307 0.288468
5 0 2.17476 2.39767 2.97052 3.72586 3.67212 2.60295 -1 -1 -1 -1
5 1 1.29497 1.78679 2.1281 3.06055 3.13692 3.06178 2.72687 -1 -1 -1
5 2 1.25105 1.56032 1.84162 2.77874 2.79656 2.76813 2.66263 -1 -1 -1
5 3 0.94614 1.34315 1.56676 2.38646 2.41519 2.30043 2.43579 2.43173 -1 -1
5 4 0.741759 1.0388 1.07383 1.97936 1.96185 2.01906 2.07822 1.96383 1.80946 -1
5 5 0.277386 0.584107 1.35315 1.62007 1.67202 1.5786 1.65513 1.75204 1.73498 0.0705536
5 6 0.00672864 0.283137 0.732447 0.975083 1.207 1.1191 1.20202 1.28654 1.3403 0.0166296
5 7 0.00855759 0.0115377 0.0436487 0.701738 0.770179 0.725179 0.886329 0.962474 0.996055 0.842665
5 8 0.00100598 0.000601441 0.018655 0.0820789 0.510691 0.493157 0.565196 0.63273 0.628198 0.616466
5 9 -1 0.00878607 0.0359882 0.0638824 0.0991529 0.0664138 0.141733 0.147103 0.271966 0.278305
6 0 2.44249 3.10386 3.70873 3.73213 0.606276 -1 -1 -1 -1 -1
6 1 1.51939 2.06817 3.04567 3.08889 3.02894 2.87587 -1 -1 -1 -1
6 2 1.42129 1.92013 2.68611 2.74689 2.75613 2.76553 -1 -1 -1 -1
6 3 1.31772 1.78892 2.35721 2.42984 2.38173 2.43928 2.42086 -1 -1 -1
6 4 1.01954 1.40512 1.98276 1.99909 2.02731 2.07382 2.10906 1.83655 -1 -1
6 5 0.68783 0.762238 1.54814 1.63974 1.53358 1.65797 1.69387 1.65783 1.68344 -1
6 6 0.198993 0.67836 1.10118 1.22424 1.23056 1.21714 1.30883 1.34636 1.3615 1.02455
6 7 0.00213576 0.216467 0.845736 0.826434 0.80986 0.790686 0.927145 0.953438 0.966811 0.945979
6 8 0.507384 0.0182139 0.38876 0.422123 0.521403 0.504228 0.573102 0.626725 0.621853 0.606678
6 9 -1 0.0181813 0.0264849 0.181522 0.178674 0.158322 0.143443 0.228871 0.19961 0.278241
7 0 3.15734 3.72472 3.69061 0.341232 -1 -1 -1 -1 -1 -1
7 1 2.20331 2.84539 2.89567 2.7679 2.52589 -1 -1 -1 -1 -1
7 2 1.52569 2.57511 2.67251 2.57453 2.49916 -1 -1 -1 -1 -1
7 3 1.50805 2.23956 2.32076 2.29904 2.32202 2.21916 -1 -1 -1 -1
7 4 1.01399 1.98064 2.02271 1.96496 2.02695 2.05039 1.92743 1.67507 -1 -1
7 5 1.06725 1.66628 1.70329 1.68695 1.69753 1.71294 1.66763 1.6567 -0.000112702 -1
7 6 0.648865 1.25898 1.31862 1.28854 1.34915 1.38431 1.36894 1.35209 1.31372 -1
7 7 0.290036 0.868491 0.888336 0.830056 0.923931 0.850204 0.820244 0.982493 0.996787 0.6711
7 8 0.218206 0.360538 0.484054 0.397595 0.597083 0.511875 0.337029 0.558893 0.574871 0.651471
7 9 0.027579 0.104243 0.159642 0.161689 0.233911 0.218121 0.23902 0.253434 0.280312 0.28244
8 0 3.69921 3.73187 -1 -1 -1 -1 -1 -1 -1 -1
8 1 1.78807 2.40345 1.33897 -1 -1 -1 -1 -1 -1 -1
8 2 1.59633 2.34384 2.20345 1.1639 -1 -1 -1 -1 -1 -1
8 3 1.90151 2.12927 2.02278 1.90332 2.05824 -1 -1 -1 -1 -1
8 4 1.75924 1.93259 1.7684 1.84057 1.87047 1.81875 -1 -1 -1 -1
8 5 1.47161 1.67981 1.547 1.5808 1.55497 1.51628 1.44616 -1 -1 -1
8 6 1.20532 1.29388 1.24981 1.2632 1.27519 1.30208 1.31784 1.29015 0.988601 -1
8 7 0.898821 0.958626 0.94043 0.943988 0.954599 0.96885 0.988796 1.02008 0.896663 -1
8 8 0.562342 0.56061 0.592151 0.625471 0.598281 0.632796 0.625592 0.634811 0.615832 0.535416
8 9 0.165896 0.154366 0.192839 0.16997 0.223344 0.209048 0.27776 0.263926 0.273975 0.26827
9 0 1.65687 -1 -1 -1 -1 -1 -1 -1 -1 -1
9 1 1.74609 0.00955912 -1 -1 -1 -1 -1 -1 -1 -1
9 2 0.747107 0.0121272 0.00666892 -1 -1 -1 -1 -1 -1 -1
9 3 0.493591 0.0132518 0.021765 0.0125228 -1 -1 -1 -1 -1 -1
9 4 0.621787 0.0629737 0.067447 0.00561576 0.00627946 -1 -1 -1 -1 -1
9 5 0.901803 0.905326 0.630321 0.189461 0.123006 0.0793197 -1 -1 -1 -1
9 6 1.05108 0.975621 0.794823 1.11186 1.00785 1.10272 0.504115 -1 -1 -1
9 7 0.863414 0.85239 0.880638 0.906471 0.896758 0.861272 0.883787 0.861592 0.662036 -1
9 8 0.56858 0.564294 0.619094 0.609488 0.623472 0.604387 0.589079 0.593648 0.57366 0.309263
9 9 0.224802 0.226136 0.282668 0.273259 0.278857 0.279696 0.283781 0.283856 0.269191 0.229863

