0 21 0.0277012 3 6 6 -1 0 0 0
0 0 -1 -1 -1 -1 -1 -1 -1 -1 -1 -1
0 1 -1 -1 -1 -1 -1 -1 -1 -1 -1 -1
0 2 -1 -1 -1 -1 -1 -1 -1 -1 -1 -1
0 3 -1 -1 -1 -1 -1 -1 -1 -1 -1 -1
0 4 -1 -1 -1 -1 -1 -1 -1 -1 -1 -1
0 5 -1 -1 -1 -1 -1 -1 -1 -1 -1 -1
0 6 -1 -1 -1 -1 -1 -1 -1 -1 -1 -1
0 7 -1 -1 -1 -1 -1 -1 -1 -1 -1 -1
0 8 -1 -1 -1 -1 -1 -1 -1 -1 -1 0.00485923
0 9 -1 -1 -1 -1 -1 -1 -1 -1 -1 0.00414756
1 0 -1 -1 -1 -1 -1 -1 -1 -1 -1 -1
1 1 -1 -1 -1 -1 -1 -1 -1 -1 -1 -1
1 2 -1 -1 -1 -1 -1 -1 -1 -1 -1 -1
1 3 -1 -1 -1 -1 -1 -1 -1 -1 -1 -1
1 4 -1 -1 -1 -1 -1 -1 -1 -1 -1 -1
1 5 -1 -1 -1 -1 -1 -1 -1 -1 -1 -1
1 6 -1 -1 -1 -1 -1 -1 -1 -1 -1 -1
1 7 -1 -1 -1 -1 -1 -1 -1 -1 -1 -1
1 8 -1 -1 -1 -1 -1 -1 -1 -1 -1 -1
1 9 -1 -1 -1 -1 -1 -1 -1 -1 -1 0.011143
2 0 -1 -1 -1 -1 -1 -1 -1 -1 -1 -1
2 1 -1 -1 -1 -1 -1 -1 -1 -1 -1 -1
2 2 -1 -1 -1 -1 -1 -1 -1 -1 -1 -1
2 3 -1 -1 -1 -1 -1 -1 -1 -1 -1 -1
2 4 -1 -1 -1 -1 -1 -4.11578e-05 -1 -1 -1 -1
2 5 -1 -1 -1 -1 -1 -1 -1 -1 -1 -1
2 6 -1 -1 -1 -1 -1 -1 -1 -1 -1 -1
2 7 -1 -1 -1 -1 -1 -1 -1 -1 -1 -1
2 8 -1 -1 -1 -1 -1 -1 -1 -1 -1 -1
2 9 -1 -1 -1 -1 -1 -1 -1 -1 -1 -1
3 0 -1 -1 -1 -1 -1 -1 -1 -1 -1 -1
3 1 -1 -1 -1 -1 -1 -1 -1 -1 -1 -1
3 2 -1 -1 -1 -1 -1 -1 -1 -1 -1 -1
3 3 -1 -1 -1 -1 -1 -1 -1 -1 -1 -1
3 4 -1 -1 -1 -0.00230927 -1 -1 -1 -1 -1 -1
3 5 -1 -1 -1 -1 -1 -1 -1 -1 -1 -1
3 6 -1 -1 -1 -1 -1 -1 0.0277012 -1 -1 -1
3 7 -1 -1 -1 -1 -1 -1 -1 -1 -1 -1
3 8 -1 -1 -1 -1 -1 -1 -1 -1 -1 -1
3 9 -1 -1 -1 -1 -1 -1 -1 -1 -1 -1
4 0 -1 -1 -1 -1 -1 -1 -1 -1 -1 -1
4 1 -1 -1 -1 -1 -1 -1 -1 -1 -1 -1
4 2 -1 -1 -1 -1 -1 -1 -1 -1 -1 -1
4 3 -1 -1 0.000496252 -1 -1 -1 -1 -1 -1 -1
4 4 -1 -1 -1 -1 0.000905535 -1 -1 -1 -1 -1
4 5 -1 -1 -1 -1 -1 0.000978392 -1 -1 -1 -1
4 6 -1 -1 -1 -1 -1 -1 -1 -1 -1 -1
4 7 -1 -1 -1 -1 -1 -1 -1 -1 -1 -1
4 8 -1 -1 -1 -1 -1 -1 -1 -1 -1 -1
4 9 -1 -1 -1 -1 -1 -1 -1 -1 -1 -1
5 0 -1 -1 -1 -1 -1 -1 -1 -1 -1 -1
5 1 -1 -1 -1 -1 -1 -1 -1 -1 -1 -1
5 2 -1 -1 -1 -1 -1 -1 -1 -1 -1 -1
5 3 -1 -1 -1 -1 -1 -1 -1 -1 -1 -1
5 4 -1 -1 -1 -1 -1 -1 -1 -1 -1 -1
5 5 -1 -1 -1 -1 -1 -1 -1 -1 -1 -1
5 6 -1 -1 -1 -1 -1 7.91762e-05 -1 -1 -1 -1
5 7 -1 -1 -1 -1 -1 -1 -1 -1 -1 -1
5 8 -1 -1 -1 -1 -1 -1 -1 -1 -1 -1
5 9 -1 -1 -1 -1 -1 -1 -1 -1 -1 -1
6 0 -1 -1 -1 -1 -1 -1 -1 -1 -1 -1
6 1 -1 -1 -1 -1 -1 -1 -1 -1 -1 -1
6 2 -1 -1 -1 -1 -1 -1 -1 -1 -1 -1
6 3 -1 -1 -1 -1 -1 -1 -1 -1 -1 -1
6 4 -1 -1 -1 -1 -1 -1 -1 -1 -1 -1
6 5 -1 -1 -1 -1 -0.000383948 -1 -1 -1 -1 -1
6 6 -1 -1 -1 -1 -1 -1 -1 -1 -1 -1
6 7 -1 -1 -1 -1 -1 -1 -1 -1 -1 -1
6 8 -1 -1 -1 -1 -1 -1 -1 -1 -1 -1
6 9 -1 -1 -1 -1 -1 -1 -1 -1 -1 -1
7 0 -1 -1 -1 -1 -1 -1 -1 -1 -1 -1
7 1 0.00549293 -1 -1 -1 -1 -1 -1 -1 -1 -1
7 2 -1 -1 -1 -1 -1 -1 -1 -1 -1 -1
7 3 -1 -1 -1 -1 -1 -1 -1 -1 -1 -1
7 4 -1 -1 -1 -1 -1 -1 -1 -1 -1 -1
7 5 -1 -1 -1 0.00171487 -1 -1 -1 -1 -1 -1
7 6 -1 -1 0.00593347 -1 -1 -1 -1 -1 -1 -1
7 7 -1 -1 -1 -1 -1 -0.000684218 -1 -1 -1 -1
7 8 -1 -1 -1 -1 -1 -1 -1 -1 -1 -1
7 9 -1 -1 -1 -1 -1 -1 -1 -1 0.00325722 -1
8 0 -1 -1 -1 -1 -1 -1 -1 -1 -1 -1
8 1 -1 -1 -1 -1 -1 -1 -1 -1 -1 -1
8 2 -1 -1 -1 -1 -1 -1 -1 -1 -1 -1
8 3 -1 -1 -1 -1 -1 -1 -1 -1 -1 -1
8 4 -1 -1 -1 -1 -1 -1 -1 -1 -1 -1
8 5 -1 -1 -1 -1 -1 -1 -1 -1 -1 -1
8 6 -1 -1 -1 -1 -1 -1 -1 -1 -1 -1
8 7 -1 -1 0.0145865 -1 -1 -1 -1 -1 -1 -1
8 8 -1 -1 -1 -1 -1 -1 -1 -1 -1 -1
8 9 -1 -1 -1 -1 -1 -1 -1 -1 -1 -1
9 0 -1 -1 -1 -1 -1 -1 -1 -1 -1 -1
9 1 -1 -1 -1 -1 -1 -1 -1 -1 -1 -1
9 2 -1 -1 -1 -1 -1 -1 -1 -1 -1 -1
9 3 -1 -1 -1 -1 -1 -1 -1 -1 -1 -1
9 4 -1 -1 -1 -1 -1 -1 -1 -1 -1 -1
9 5 -1 -1 -1 -1 -1 -1 -1 -1 -1 -1
9 6 -1 -1 -1 -1 -1 -1 -1 -1 -1 -1
9 7 0.0157574 -1 -1 -1 -1 -1 -1 -1 -1 -1
9 8 -1 -1 -1 -1 -1 -1 -1 -1 -1 -1
9 9 0.00221158 0.00579304 -1 -1 0.00529046 -1 -1 -1 -1 -1

5000 783 3.761 1 0 8 -1 0 0 0
0 0 0.379427 0.760514 1.14456 1.52044 1.52578 1.85869 2.44941 3.44335 3.7212 0.653366
0 1 0.0186277 0.119801 0.239974 1.08179 1.25132 1.57435 1.81362 2.40082 2.01228 0.180498
0 2 -1 0.111843 0.136515 0.51413 0.821188 1.27955 1.75002 2.27024 2.08771 0.287068
0 3 -1 0.000243565 0.0276763 0.115256 0.226586 0.27204 1.07023 1.28112 2.07042 0.4458
0 4 -1 -1 0.152553 0.00103737 0.0394791 0.32757 0.285356 0.284916 1.49057 0.25045
0 5 -1 -1 0.000724439 0.0276286 0.0016847 0.0780815 0.0456583 0.81981 1.34719 0.565939
0 6 -1 -0.000475556 0.00109363 0.00173325 0.00779475 0.0013005 0.180433 0.131474 1.04897 1.08917
0 7 -1 -1 0.000344911 0.000704242 -0.000787315 0.0568076 0.122549 0.0651569 0.185435 0.743152
0 8 -1 -1 -1 -1 -1 0.000795967 0.000617242 0.257643 0.366455 0.42019
0 9 -1 -1 -1 -1 -1 -1 0.00770263 0.0469387 0.114154 0.196886
1 0 0.519565 0.79362 1.52401 1.92006 2.0047 2.34803 3.21765 3.75808 3.761 -1
1 1 0.392143 0.578559 0.529558 1.36854 1.55331 1.9407 2.1922 3.20794 2.77926 0.0759617
1 2 0.0310764 0.35312 0.406492 0.496589 1.0778 1.55804 2.1928 2.6526 2.61211 0.00872772
1 3 -1 0.000382403 0.0926384 0.385852 0.513687 0.266199 1.9226 2.22435 2.38579 0.00881213
1 4 -1 3.57989e-05 0.378561 0.254612 0.195945 0.640025 0.980909 1.92297 1.92445 0.134045
1 5 -1 0.000786073 0.076169 0.105754 0.0576955 0.0848124 0.935543 0.691697 1.63133 1.3538
1 6 -1 0.000526431 0.442891 0.0680692 0.00863644 0.174148 0.49636 1.05293 1.05559 0.90396
1 7 -1 0.000235275 0.000243869 0.00120979 0.0182995 0.458608 0.11651 0.199585 0.429442 0.661397
1 8 -1 -1 -1 -1 -4.51535e-05 0.00854402 0.296151 0.0912081 0.274463 0.46544
1 9 -1 -1 -1 -1 0.0182472 0.0469836 0.0946733 0.0663166 0.123896 0.160212
2 0 0.887702 1.21767 1.30955 1.52042 2.57959 2.83281 3.69318 3.66665 -1 -1
2 1 0.491094 0.880445 0.973121 1.05883 1.44136 2.31273 2.79932 3.02139 0.00469806 -1
2 2 0.274715 0.298231 0.630815 1.65953 0.97472 1.4329 2.74908 2.73817 2.36259 0.0123633
2 3 -1 0.123779 0.467375 1.15272 0.898131 1.17745 2.09483 2.01827 2.02802 0.0125257
2 4 -1 0.00718922 0.405958 0.603801 1.16145 0.677329 1.33364 1.9261 1.78014 0.0218307
2 5 -1 0.000889575 0.253871 0.592856 0.533675 1.30906 0.765824 1.22157 1.60465 0.046244
2 6 -1 0.00096633 0.0139196 0.289163 0.227816 0.44724 0.840757 1.02302 1.23638 1.08211
2 7 -1 0.00308519 0.000482778 0.0172122 0.170134 0.639874 0.150509 0.860775 0.509238 0.835766
2 8 -1 -1 0.00281855 -1 0.0565598 0.315411 0.2453 0.133175 0.425555 0.31704
2 9 -1 -1 -1 -1 0.00895023 0.0874709 0.0232999 0.0683807 0.0722367 0.160324
3 0 1.2446 1.6142 1.98368 2.31565 2.66239 3.67613 3.66809 -1 -1 -1
3 1 0.940896 1.10288 1.56809 1.84929 2.18461 3.15935 2.64421 0.0011407 -1 -1
3 2 0.603544 0.820699 1.08283 1.5739 2.20488 2.84318 2.51601 2.56249 2.40692 -1
3 3 0.125099 0.476833 1.05832 1.46121 1.75068 1.81619 2.16425 2.26453 2.04525 0.00139618
3 4 0.00857129 0.504317 0.637139 1.33423 0.93151 1.30022 1.63707 1.8076 1.74535 0.0447157
3 5 -1 0.285742 0.296475 0.570651 1.10299 0.906968 1.20912 1.45851 1.64337 0.0422722
3 6 -0.000811716 0.0539852 0.0998215 0.156906 0.395311 0.558916 1.01741 0.892759 1.24414 1.00336
3 7 -0.000636315 0.0744506 0.0497981 0.103941 0.412389 0.352461 0.443172 0.822939 0.721377 0.821794
3 8 -1 -1 -1 0.037458 0.123436 0.247638 0.114527 0.311709 0.555428 0.547426
3 9 -1 -1 0.0186907 -1 0.0278337 0.0945543 0.111518 0.135796 0.180737 0.208392
4 0 1.49393 1.85982 2.06013 2.72631 3.62871 3.66914 -1 -1 -1 -1
4 1 0.983508 1.53477 1.80391 2.42857 2.75869 3.16266 2.90114 -1 -1 -1
4 2 0.871349 1.58246 1.94283 2.00424 2.76949 2.64042 2.58768 1.35314 -1 -1
4 3 0.513745 0.93151 1.34692 1.39389 1.90025 2.45193 2.14345 2.15808 2.08016 -1
4 4 0.173054 0.310378 0.997526 1.34324 1.68479 1.66102 1.59431 2.05571 0.0130554 0.000666605
4 5 0.0751749 0.159343 0.796167 0.853143 1.27471 1.55224 1.43343 1.46863 1.40685 0.000398727
4 6 -0.000318794 0.00598859 0.342434 0.841052 0.396489 0.906346 1.07639 1.07058 0.988058 0.0060483
4 7 -5.78053e-05 0.208712 0.0569714 0.30056 0.783591 0.774024 0.75186 0.757392 0.797023 0.842864
4 8 0.00818891 0.0176167 0.257687 0.095124 0.352957 0.370656 0.320708 0.490204 0.443245 0.507723
4 9 -1 -1 -1 0.0125282 0.0172824 0.185078 0.175567 0.222729 0.239249 0.185461
5 0 1.45797 2.19363 2.46699 3.69572 3.69326 0.701236 -1 -1 -1 -1
5 1 1.21142 1.5172 2.28753 2.80303 3.22988 2.87565 -1 -1 -1 -1
5 2 1.11977 1.53982 2.01848 2.75278 2.81906 2.63408 2.67327 2.55056 -1 -1
5 3 0.775299 1.24242 1.6312 2.40353 2.29899 2.35947 2.35596 2.12539 -1 -1
5 4 0.667097 0.374699 1.29822 2.06355 1.54716 1.89708 1.95545 1.97128 1.68671 -1
5 5 0.161335 0.361463 0.66247 1.19132 1.4281 1.35451 1.60197 1.58593 0.900528 0.0268405
5 6 0.000369644 0.379948 0.881896 0.795921 0.823205 1.34819 0.997688 1.16082 1.23659 0.0209175
5 7 0.0542104 0.0462719 0.310605 0.617817 0.350433 0.632045 0.758123 0.835199 0.87324 0.662826
5 8 -0.00114315 0.0285715 0.21951 0.315193 0.544214 0.450407 0.293277 0.450522 0.503238 0.534687
5 9 -1 0.00868326 0.0183049 0.113812 0.0867822 0.085219 0.0567598 0.181083 0.150447 0.166296
6 0 1.78683 2.93575 3.69052 3.68044 -1 -1 -1 -1 -1 -1
6 1 1.48089 2.4108 2.88699 3.03266 2.87515 -1 -1 -1 -1 -1
6 2 0.978394 1.81755 2.41915 2.67603 2.49311 2.49546 -1 -1 -1 -1
6 3 1.23359 1.80901 2.37225 2.42668 2.34306 2.38489 2.22447 -1 -1 -1
6 4 1.05934 1.48478 1.9913 2.05397 1.96262 1.92226 1.9734 0.8407 -1 -1
6 5 0.737716 0.579491 1.61394 1.5708 1.47736 1.75184 1.62654 1.4496 0.808419 -1
6 6 0.304035 0.409088 0.831176 0.907438 0.835145 0.944849 1.20653 0.968539 0.60868 0.0211068
6 7 0.544585 0.489589 0.454678 0.761892 0.849184 0.796047 0.885238 0.783689 0.8986 0.00894987
6 8 0.180396 0.0984429 0.525603 0.308178 0.277043 0.558979 0.415845 0.535797 0.522824 0.456904
6 9 0.0181963 0.0566708 0.13361 0.0253186 0.063799 0.150386 0.181396 0.169691 0.181051 0.203918
7 0 2.80256 3.68314 3.73932 -1 -1 -1 -1 -1 -1 -1
7 1 1.61618 2.90598 2.80057 2.18502 -1 -1 -1 -1 -1 -1
7 2 1.48648 2.43065 2.63363 2.56965 2.14549 1.89328 -1 -1 -1 -1
7 3 1.43632 2.11055 2.23423 2.27525 2.14228 2.00723 -1 -1 -1 -1
7 4 1.29022 1.70481 1.94427 1.86567 2.04379 2.01223 1.83682 -1 -1 -1
7 5 1.08608 1.46134 1.68731 1.57527 1.57917 1.71629 1.50001 1.45872 -1 -1
7 6 0.592819 1.35092 1.25698 1.17242 1.03314 1.21973 1.3288 1.24704 0.0131899 -1
7 7 0.209822 0.748853 0.515997 0.912273 0.771795 0.891251 0.960268 0.972976 0.661696 0.0332032
7 8 0.0750781 0.276705 0.296376 0.240371 0.229296 0.469935 0.325498 0.577391 0.523145 0.448196
7 9 0.0278612 0.0252777 0.142698 0.123942 0.089206 0.13849 0.133048 0.171426 0.210401 0.158357
8 0 3.68085 3.55102 -1 -1 -1 -1 -1 -1 -1 -1
8 1 2.24395 2.30966 0.549806 -1 -1 -1 -1 -1 -1 -1
8 2 1.90581 2.26971 2.34122 0.487379 -1 -1 -1 -1 -1 -1
8 3 1.78206 2.19894 2.13437 2.04256 2.00227 -1 -1 -1 -1 -1
8 4 1.72347 1.84183 1.7865 1.79788 1.74953 1.52824 -1 -1 -1 -1
8 5 1.47113 1.43711 1.29197 1.59945 1.64091 1.34455 1.20983 -1 -1 -1
8 6 1.17795 1.21223 1.14489 1.1703 1.2542 1.3401 1.35517 1.06351 -1 -1
8 7 0.827078 0.866019 0.959103 0.82922 0.898149 0.947447 0.906267 0.882385 0.717923 -1
8 8 0.355089 0.480293 0.457414 0.49737 0.356659 0.585667 0.562305 0.596506 0.5789 0.443343
8 9 0.0985809 0.0259421 0.130121 0.230577 0.123638 0.13982 0.191113 0.193725 0.200427 0.125324
9 0 3.38245 -1 -1 -1 -1 -1 -1 -1 -1 -1
9 1 0.521801 0.0157957 -1 -1 -1 -1 -1 -1 -1 -1
9 2 0.196957 0.143008 0.152703 -1 -1 -1 -1 -1 -1 -1
9 3 0.311091 0.15476 0.171362 0.14838 -1 -1 -1 -1 -1 -1
9 4 1.32525 0.145972 0.143589 0.162394 -0.000209602 -1 -1 -1 -1 -1
9 5 0.910094 0.207437 0.176303 0.16195 0.196639 0.232558 -1 -1 -1 -1
9 6 1.07265 0.207382 1.0116 0.919098 0.213857 0.999912 1.05046 -1 -1 -1
9 7 0.825863 0.806402 0.7972 0.829951 0.878366 0.881692 0.726953 0.6575 0.567672 -1
9 8 0.516355 0.487109 0.519699 0.544112 0.583329 0.577464 0.539903 0.588549 0.488655 -1
9 9 0.199251 0.184946 0.215198 0.245924 0.251144 0.240374 0.234977 0.22923 0.26612 0.251033

10000 809 3.77044 1 0 8 -1 0 0 0
0 0 0.491067 0.837801 1.27976 1.5609 1.92441 2.52958 2.86673 3.44335 3.76292 3.51457
0 1 0.0186277 0.352246 0.724875 1.08179 1.40303 1.57435 1.81362 2.40082 2.89941 0.434363
0 2 9.45374e-05 0.135825 0.175585 0.739552 1.20427 1.27955 1.75002 2.43571 2.58781 0.710127
0 3 -1 0.0880289 0.0276763 0.115256 0.533908 1.10249 1.8486 2.23266 2.28869 1.8286
0 4 -1 0.0134753 0.152553 0.00531574 0.108935 0.601096 0.832536 1.75799 1.85713 0.351467
0 5 -1 -1 0.00144976 0.0276286 0.00249917 0.105317 0.231179 1.49188 1.61265 0.565939
0 6 -1 -0.000475556 0.00133876 0.00173325 0.0128497 0.00202396 0.216421 0.930044 1.19321 1.22521
0 7 -1 -1 0.000344911 0.000704242 0.000114599 0.256968 0.275625 0.113712 0.215226 0.743152
0 8 -1 -1 -1 -1 -1 0.0561882 0.0280169 0.257643 0.407458 0.509889
0 9 -1 -1 -1 -1 -1 0.0181297 0.037287 0.0568268 0.162396 0.196886
1 0 0.629021 0.957757 1.52401 1.92006 2.23866 2.74014 3.36498 3.76927 3.77044 -1
1 1 0.392143 0.578559 0.656839 1.71986 1.62824 1.9407 2.62134 3.20794 2.9515 0.0759617
1 2 0.066051 0.35312 0.585158 0.710436 1.52815 2.32257 2.21277 2.75416 2.61211 0.0271133
1 3 -1 0.189525 0.482594 0.418494 0.513687 1.37965 1.9226 2.22435 2.39025 0.0348885
1 4 0.000421929 0.000659861 0.378561 0.43058 0.61264 1.71536 1.32286 1.92297 1.92487 0.134045
1 5 -1 0.000786073 0.317084 0.345337 0.352598 0.172686 0.935543 1.27261 1.63719 1.3538
1 6 -1 0.00132511 0.442891 0.314855 0.0328601 0.619044 0.572329 1.05293 1.18916 1.2255
1 7 -0.000299523 0.000235275 0.00347432 0.00120979 0.199685 0.458608 0.871437 0.890816 0.919804 0.855532
1 8 -1 -1 -1 -8.99514e-05 0.0757525 0.025685 0.456739 0.523161 0.274463 0.592927
1 9 -1 -1 -1 -1 0.0374051 0.0469836 0.219319 0.143228 0.123896 0.203974
2 0 0.887702 1.23401 1.74688 1.86386 2.81313 3.13617 3.7379 3.70345 -1 -1
2 1 0.610229 1.01733 1.24335 1.74965 2.04679 2.61868 3.16134 3.15053 0.00469806 -1
2 2 0.308805 0.500901 1.12601 1.65953 1.8181 1.79716 2.74908 2.79053 2.54116 0.0123633
2 3 0.000934632 0.248031 1.05177 1.21101 1.78382 1.60763 2.30934 2.41468 2.41561 0.0179209
2 4 0.000544468 0.137928 0.843332 0.706156 1.16145 1.92435 1.67062 1.9261 2.05136 0.0266121
2 5 -0.00025342 0.00897071 0.552691 0.592856 1.16149 1.30906 1.36576 1.51262 1.60465 1.59654
2 6 -0.000890198 0.00158104 0.281814 0.438195 0.505777 0.812452 0.989287 1.20155 1.23638 1.12432
2 7 -1 0.00308519 0.000899875 0.286399 0.448677 0.850585 0.679627 0.860775 0.939049 0.907538
2 8 -1 -1 0.00281855 0.11897 0.238627 0.488245 0.450336 0.373369 0.527707 0.559843
2 9 -1 -1 -1 0.0183761 0.104365 0.0874709 0.104656 0.0758531 0.0905265 0.201589
3 0 1.2446 1.6142 1.98368 2.70228 2.86008 3.67617 3.71133 -1 -1 -1
3 1 0.940896 1.15848 1.56809 2.13835 2.61703 3.19347 3.2028 2.88566 -1 -1
3 2 0.603544 1.13306 1.3183 2.26261 2.20488 2.84318 2.54312 2.56249 2.40692 -1
3 3 0.360773 0.78533 1.65853 1.56061 1.98477 1.93447 2.16425 2.26453 2.4159 0.00696244
3 4 0.00867955 0.610688 0.892006 1.33423 1.70449 1.76001 2.10188 1.87118 1.87309 0.0447157
3 5 0.000668942 0.285742 0.707349 0.66864 1.42438 1.01053 1.47215 1.50481 1.64337 0.0454056
3 6 -0.000587737 0.162795 0.21287 0.373379 0.821361 0.72071 1.25661 1.18914 1.26186 1.15797
3 7 -0.000636315 0.0744506 0.593036 0.449695 0.412389 0.814327 0.744611 0.85062 0.893858 0.88402
3 8 0.113551 -1 0.132387 0.295531 0.459027 0.267451 0.411319 0.561688 0.555428 0.570851
3 9 -1 -1 0.0186907 0.0281024 0.0371619 0.0945543 0.111518 0.135796 0.180737 0.21139
4 0 1.49393 1.85982 2.23016 2.86854 3.63984 3.66914 3.17956 -1 -1 -1
4 1 1.03654 1.72586 1.80391 2.52619 3.13908 3.16443 2.90114 -1 -1 -1
4 2 0.998543 1.58246 1.94283 2.17095 2.76949 2.89274 2.58768 2.46248 -1 -1
4 3 0.723135 0.93151 1.34692 1.7071 2.46403 2.45193 2.21151 2.3852 2.08016 -1
4 4 0.324284 0.681004 1.53415 1.43642 1.68479 1.83938 1.98879 2.05571 1.00216 0.00312411
4 5 0.0751749 0.342687 0.802263 1.03107 1.27471 1.55224 1.49351 1.52643 1.64164 0.0264936
4 6 0.314461 0.210291 0.479002 0.841052 1.14845 1.04623 1.31171 1.08618 1.24508 1.09405
4 7 -5.78053e-05 0.208712 0.322512 0.524887 0.783591 0.774024 0.827405 0.846806 0.868533 0.87045
4 8 0.00818891 0.324283 0.257687 0.305873 0.352957 0.370656 0.416163 0.490204 0.567726 0.544905
4 9 -1 0.018316 0.0089092 0.113975 0.0853605 0.185078 0.186299 0.222729 0.239249 0.231388
5 0 1.6082 2.19363 2.56712 3.69572 3.69326 1.72765 -1 -1 -1 -1
5 1 1.21142 1.73806 2.28753 3.12441 3.22988 2.94181 -1 -1 -1 -1
5 2 1.28082 1.53982 2.01848 2.75278 2.81906 2.77211 2.7683 2.55056 -1 -1
5 3 1.04484 1.41951 1.6312 2.46396 2.43653 2.39961 2.47519 2.3988 -1 -1
5 4 0.667097 0.824716 1.45197 2.09887 1.85038 2.05608 1.95545 1.97128 1.84964 -1
5 5 0.286932 0.458466 1.01283 1.19132 1.4281 1.46844 1.61146 1.67641 1.50584 0.0268405
5 6 0.0277414 0.449785 0.881896 0.795921 1.08494 1.34819 1.227 1.20878 1.25269 0.0336562
5 7 0.0542104 0.324591 0.554417 0.617817 0.525261 0.720818 0.758123 0.855567 0.886015 0.662826
5 8 0.00029394 0.257987 0.344171 0.315193 0.544214 0.573868 0.427264 0.498726 0.527671 0.534687
5 9 0.00861436 0.114301 0.0950066 0.113812 0.134277 0.140747 0.21147 0.181083 0.19226 0.210685
6 0 1.84858 2.93575 3.69947 3.69832 2.85759 -1 -1 -1 -1 -1
6 1 1.6655 2.4108 3.06794 3.10825 2.87515 -1 -1 -1 -1 -1
6 2 1.40152 1.81755 2.66808 2.77965 2.73762 2.52606 2.40905 -1 -1 -1
6 3 1.23359 1.80901 2.37225 2.42668 2.34306 2.38489 2.29373 -1 -1 -1
6 4 1.05934 1.48478 1.9913 2.08306 2.00005 1.95265 1.9734 1.82991 -1 -1
6 5 0.737716 1.13065 1.61394 1.5708 1.47736 1.75184 1.66584 1.53856 0.808419 -1
6 6 0.304035 0.526896 0.947298 1.26861 1.00983 1.00253 1.29325 1.33037 1.04621 0.0211068
6 7 0.544585 0.489589 0.812908 0.761892 0.849184 0.796047 0.885238 0.877113 0.8986 0.0387663
6 8 0.180396 0.228721 0.525603 0.439675 0.340628 0.558979 0.445948 0.56283 0.559698 0.499036
6 9 0.0181963 0.0566708 0.181224 0.0856151 0.118277 0.25731 0.181396 0.169691 0.216477 0.234389
7 0 3.13177 3.7346 3.73932 -1 -1 -1 -1 -1 -1 -1
7 1 1.61638 2.90598 2.937 2.76985 -1 -1 -1 -1 -1 -1
7 2 1.48648 2.55103 2.78207 2.58353 2.55621 2.15248 -1 -1 -1 -1
7 3 1.43632 2.22398 2.37472 2.27525 2.40629 2.2401 1.88337 -1 -1 -1
7 4 1.29022 1.92561 2.00937 1.95475 2.04541 2.01223 1.83682 -1 -1 -1
7 5 1.08608 1.556 1.68731 1.69517 1.63933 1.72308 1.67349 1.6112 -1 -1
7 6 0.592819 1.35092 1.31387 1.29848 1.36858 1.27649 1.3288 1.33318 0.961479 -1
7 7 0.405537 0.748853 0.915901 0.912273 0.922338 0.891251 0.960268 0.972976 0.970406 0.470078
7 8 0.180232 0.348967 0.305243 0.560913 0.382114 0.544051 0.559771 0.577391 0.591445 0.448196
7 9 0.0755327 0.142953 0.142698 0.123942 0.18108 0.211365 0.208922 0.217872 0.230413 0.212899
8 0 3.74487 3.72199 -1 -1 -1 -1 -1 -1 -1 -1
8 1 2.24395 2.30966 0.549806 -1 -1 -1 -1 -1 -1 -1
8 2 1.90581 2.44625 2.48547 0.487379 -1 -1 -1 -1 -1 -1
8 3 1.91064 2.19894 2.14954 2.08504 2.0632 -1 -1 -1 -1 -1
8 4 1.76901 1.93672 1.80826 1.897 1.88113 1.8847 -1 -1 -1 -1
8 5 1.51008 1.62335 1.62308 1.59945 1.64091 1.60135 1.36507 1.25139 -1 -1
8 6 1.22544 1.28352 1.25032 1.28485 1.30095 1.3401 1.35517 1.32977 1.01693 -1
8 7 0.869275 0.906454 0.959103 0.925439 0.898149 0.974294 0.966385 0.914429 0.896317 -1
8 8 0.39255 0.584727 0.557055 0.591287 0.528591 0.635066 0.590187 0.618841 0.654797 0.443343
8 9 0.123759 0.143199 0.162149 0.230577 0.204845 0.198453 0.191113 0.234868 0.244488 0.226165
9 0 3.6421 -1 -1 -1 -1 -1 -1 -1 -1 -1
9 1 0.521801 0.0289364 -1 -1 -1 -1 -1 -1 -1 -1
9 2 0.335139 0.143008 0.152703 -1 -1 -1 -1 -1 -1 -1
9 3 1.74629 0.163261 0.171362 0.14838 -1 -1 -1 -1 -1 -1
9 4 1.32525 0.192149 0.189451 0.162394 0.107523 -1 -1 -1 -1 -1
9 5 0.910094 0.421896 0.243123 0.170714 0.196639 0.232558 -1 -1 -1 -1
9 6 1.09568 1.03004 1.0116 0.955675 1.04773 1.06353 1.05782 -1 -1 -1
9 7 0.85233 0.866197 0.807527 0.829951 0.878366 0.881692 0.894731 0.947222 0.567672 -1
9 8 0.532097 0.549235 0.536243 0.563471 0.583329 0.577464 0.573756 0.588549 0.539287 0.000272495
9 9 0.220289 0.198146 0.239699 0.254196 0.25382 0.26308 0.292336 0.312082 0.26612 0.251033

15000 815 3.77862 1 0 7 -1 0 0 0
0 0 0.491067 0.879724 1.27976 1.60478 1.92441 2.52958 2.86673 3.46334 3.76292 3.51457
0 1 0.219406 0.352246 0.724875 1.23087 1.40303 1.6274 1.81362 2.72292 2.96452 0.815521
0 2 9.45374e-05 0.135825 0.247033 0.739552 1.20427 1.27955 1.80207 2.59921 2.58781 1.469
0 3 -1 0.0880289 0.0305435 0.115256 0.533908 1.10249 2.25253 2.23266 2.32557 1.85977
0 4 -1 0.0134753 0.152553 0.0138866 0.108935 0.601096 1.91187 1.77969 2.02759 1.52978
0 5 -1 3.08426e-05 0.0629151 0.0276286 0.00249917 0.138754 0.408245 1.49188 1.61265 1.27045
0 6 -1 -0.000475556 0.00162107 0.00173325 0.0128497 0.00202396 0.216421 0.953659 1.19321 1.22521
0 7 -1 -1 0.000344911 0.000704242 0.00835722 0.256968 0.575199 0.228916 0.805761 0.900648
0 8 -1 -1 -1 -1 -1 0.0561882 0.0415639 0.334797 0.407458 0.509889
0 9 -1 -1 -1 -1 -1 0.023732 0.037287 0.132685 0.162396 0.196886
1 0 0.71231 0.957757 1.52401 1.92006 2.30376 2.74014 3.36498 3.77862 3.77044 -1
1 1 0.392143 0.578559 1.10208 1.71986 1.76589 1.95459 2.79761 3.20794 2.9515 0.0759617
1 2 0.066051 0.369342 0.737693 0.821792 1.52815 2.32257 2.61375 2.75832 2.63502 0.0271133
1 3 -1 0.189525 0.482594 0.418494 0.967332 1.8874 1.9939 2.38586 2.41953 0.0348885
1 4 0.000421929 0.00104337 0.433237 0.43058 0.66882 1.71536 1.83416 1.97632 2.08031 1.67292
1 5 -1 0.186996 0.444821 0.345337 0.985987 1.25894 1.21715 1.58907 1.63719 1.45404
1 6 -1 0.00132511 0.442891 0.314855 0.218016 0.619044 0.572329 1.17607 1.23725 1.2255
1 7 -0.000299523 0.000235275 0.00347432 0.00120979 0.199685 0.458608 0.871437 0.890816 0.919804 0.904965
1 8 -1 -1 -1 -8.99514e-05 0.0757525 0.305914 0.456739 0.523161 0.420111 0.592927
1 9 -1 -1 -1 -1 0.0374051 0.104681 0.219319 0.161941 0.123896 0.207965
2 0 1.01061 1.23401 1.74688 2.09073 2.81313 3.13617 3.77862 3.76147 -1 -1
2 1 0.610229 1.01733 1.24335 1.74965 2.04679 2.93919 3.16134 3.22044 2.83095 -1
2 2 0.43487 0.500901 1.12601 1.65953 1.8181 2.06932 2.83644 2.79053 2.69176 0.0291905
2 3 0.00830773 0.347869 1.05177 1.21101 1.78382 2.21004 2.30934 2.41468 2.41561 0.0179209
2 4 0.000544468 0.137928 0.843332 0.798311 1.16145 1.92435 1.8229 2.04264 2.05136 0.0266121
2 5 -0.000169068 0.0278758 0.552691 0.592856 1.3415 1.41467 1.49332 1.53216 1.71062 1.59654
2 6 -0.000890198 0.00184731 0.281814 0.438195 0.714139 0.812452 1.08338 1.20155 1.27391 1.16706
2 7 -0.000155841 0.00308519 0.00147259 0.286399 0.612456 0.850585 0.702387 0.860775 0.939049 0.9106
2 8 -1 -1 0.257855 0.11897 0.37342 0.488245 0.450336 0.470347 0.554676 0.561846
2 9 -1 -1 -1 0.0183761 0.104365 0.0988525 0.104656 0.179903 0.219689 0.225381
3 0 1.25708 1.6142 2.24219 2.70228 3.03008 3.70211 3.72092 -1 -1 -1
3 1 0.940896 1.33038 1.56809 2.13835 2.62616 3.22752 3.2028 3.17831 -1 -1
3 2 0.630937 1.25571 1.3183 2.26261 2.25372 2.84318 2.74544 2.74291 2.40692 -1
3 3 0.415166 0.78533 1.65853 1.66186 2.11442 2.0884 2.40313 2.30305 2.4159 0.00696244
3 4 0.0752778 0.610688 1.10226 1.38669 1.70449 1.91465 2.10188 1.92613 1.9198 0.0711724
3 5 0.00803515 0.315339 0.707349 0.704528 1.44302 1.24401 1.6828 1.51021 1.64337 1.28028
3 6 -0.000587737 0.162795 0.285421 0.517641 1.00821 0.735501 1.25661 1.21613 1.3426 1.15797
3 7 -0.000434318 0.0744506 0.593036 0.449695 0.689917 0.860726 0.89863 0.85062 0.919033 0.902902
3 8 0.113551 -1 0.132387 0.295531 0.50695 0.45929 0.411319 0.561688 0.555428 0.594109
3 9 -1 -1 0.04729 0.094649 0.132923 0.157583 0.133332 0.201043 0.229869 0.212012
4 0 1.55479 2.01362 2.23016 2.88906 3.66573 3.66914 3.17956 -1 -1 -1
4 1 1.03654 1.72586 2.07645 2.52619 3.22798 3.22546 3.00439 2.75959 -1 -1
4 2 1.03404 1.58246 1.94283 2.17095 2.80128 2.89274 2.82622 2.46248 -1 -1
4 3 0.723135 1.04207 1.41092 1.85253 2.46403 2.4812 2.40972 2.3852 2.08016 -1
4 4 0.324284 0.681004 1.53415 1.5416 2.02755 2.03341 1.98879 2.05571 1.90857 0.00312411
4 5 0.0751749 0.342687 0.832996 1.03107 1.27471 1.55224 1.58491 1.52643 1.64164 0.0400789
4 6 0.314461 0.620776 0.51602 0.841052 1.14845 1.04623 1.31171 1.14607 1.30168 1.09582
4 7 0.000369999 0.208891 0.382924 0.524887 0.783591 0.774024 0.827405 0.860236 0.92887 0.984446
4 8 0.00818891 0.324283 0.257687 0.453795 0.352957 0.388809 0.479189 0.544439 0.617525 0.570986
4 9 0.103348 0.018316 0.0277613 0.143245 0.0853605 0.185078 0.186299 0.222729 0.239249 0.248951
5 0 1.76048 2.19363 2.74326 3.69572 3.69326 1.72765 -1 -1 -1 -1
5 1 1.26582 1.89011 2.28753 3.12441 3.22988 3.01116 -1 -1 -1 -1
5 2 1.28082 1.53982 2.01848 2.75278 2.81906 2.83893 2.7683 2.55056 -1 -1
5 3 1.04484 1.43899 1.6312 2.46396 2.43653 2.48649 2.47519 2.3988 -1 -1
5 4 0.667097 0.965837 1.60587 2.09887 1.94554 2.05608 1.98226 2.07259 1.84964 -1
5 5 0.286932 0.58048 1.05191 1.19132 1.57038 1.46844 1.61146 1.67641 1.50584 0.0268405
5 6 0.0942349 0.449785 0.881896 1.18458 1.17741 1.34819 1.227 1.20878 1.25269 0.997767
5 7 0.07868 0.324591 0.603828 0.617817 0.66426 0.814576 0.91303 0.913913 0.923659 0.710735
5 8 0.0980331 0.258201 0.554744 0.315193 0.544214 0.573868 0.486731 0.498726 0.542411 0.534687
5 9 0.00861436 0.114301 0.152378 0.142786 0.152404 0.220354 0.21147 0.181083 0.226925 0.210685
6 0 2.59097 3.00496 3.70493 3.70633 2.85759 -1 -1 -1 -1 -1
6 1 1.73264 2.4108 3.06794 3.10825 2.92396 -1 -1 -1 -1 -1
6 2 1.40152 1.87384 2.66808 2.77965 2.74089 2.60047 2.40905 -1 -1 -1
6 3 1.23359 1.80901 2.37225 2.43523 2.42574 2.38489 2.35823 -1 -1 -1
6 4 1.05934 1.48478 2.01569 2.08306 2.03902 2.10146 2.11191 1.93343 -1 -1
6 5 0.747287 1.13065 1.69081 1.66138 1.53099 1.75184 1.67099 1.61721 0.808419 -1
6 6 0.304035 0.834635 1.0442 1.26861 1.09588 1.2473 1.29325 1.33037 1.04621 0.0211068
6 7 0.544585 0.489589 0.812908 0.761892 0.849184 0.796047 0.885238 0.877113 0.8986 0.643203
6 8 0.180396 0.37254 0.525603 0.439675 0.508179 0.558979 0.561327 0.56283 0.569262 0.499036
6 9 0.0371525 0.162069 0.181224 0.135145 0.201014 0.25731 0.181396 0.267031 0.216477 0.237171
7 0 3.13177 3.76481 3.73932 -1 -1 -1 -1 -1 -1 -1
7 1 1.61638 2.90598 2.96057 2.76985 -1 -1 -1 -1 -1 -1
7 2 1.58655 2.55103 2.78207 2.72052 2.55621 2.15248 -1 -1 -1 -1
7 3 1.63579 2.22398 2.45708 2.27525 2.40629 2.2401 1.88337 -1 -1 -1
7 4 1.31756 1.95172 2.04627 2.07893 2.04541 2.08438 1.93192 -1 -1 -1
7 5 1.08608 1.66698 1.69468 1.69517 1.65315 1.72308 1.67349 1.6112 -3.20673e-06 -1
7 6 0.592819 1.35092 1.32413 1.32707 1.36858 1.35204 1.4267 1.36 1.2737 -1
7 7 0.405537 0.748853 0.915901 0.912273 0.985921 0.892682 0.960268 0.972976 0.970406 0.638907
7 8 0.279618 0.348967 0.478414 0.560913 0.426284 0.544051 0.559771 0.62107 0.609966 0.599387
7 9 0.0755327 0.161814 0.142698 0.14891 0.18108 0.22939 0.208922 0.217872 0.242495 0.220578
8 0 3.74607 3.73972 -1 -1 -1 -1 -1 -1 -1 -1
8 1 2.41531 2.30966 0.549806 -1 -1 -1 -1 -1 -1 -1
8 2 2.26506 2.44625 2.50501 0.487379 -1 -1 -1 -1 -1 -1
8 3 1.95364 2.19894 2.14954 2.268 2.0632 -1 -1 -1 -1 -1
8 4 1.84141 1.93672 1.82827 1.93609 1.88113 1.8847 1.63523 -1 -1 -1
8 5 1.51008 1.62335 1.62308 1.59945 1.64091 1.66321 1.40162 1.25139 -1 -1
8 6 1.23161 1.28352 1.25956 1.28485 1.30095 1.3401 1.35517 1.35544 1.01693 -1
8 7 0.878221 0.906454 0.959103 1.00746 0.910861 0.974294 1.00985 0.914429 0.896317 -1
8 8 0.54235 0.589529 0.573577 0.591287 0.600128 0.635066 0.629977 0.641813 0.654797 0.443343
8 9 0.123759 0.152799 0.162149 0.230577 0.204845 0.198453 0.207909 0.234868 0.244488 0.226165
9 0 3.6579 -1 -1 -1 -1 -1 -1 -1 -1 -1
9 1 2.74135 0.0289364 -1 -1 -1 -1 -1 -1 -1 -1
9 2 1.81014 0.143008 0.152703 -1 -1 -1 -1 -1 -1 -1
9 3 1.74629 0.171531 0.171362 0.14838 -1 -1 -1 -1 -1 -1
9 4 1.32525 0.192149 0.189451 0.184564 1.29332 -1 -1 -1 -1 -1
9 5 1.1188 0.421896 0.277415 0.971177 1.223 0.922733 -1 -1 -1 -1
9 6 1.09568 1.04388 1.07628 1.12869 1.04773 1.20983 1.12752 -1 -1 -1
9 7 0.873166 0.888657 0.818454 0.930479 0.878366 0.881692 0.894731 0.947222 0.567672 -1
9 8 0.534729 0.549235 0.608774 0.625704 0.583329 0.577464 0.574486 0.592749 0.539287 0.000272495
9 9 0.220289 0.212766 0.245921 0.259383 0.264361 0.26308 0.292336 0.312082 0.26612 0.251033

20000 820 3.77862 1 0 7 -1 0 0 0
0 0 0.491067 0.907533 1.27976 1.82732 2.02446 2.52958 2.94381 3.50124 3.77823 3.51457
0 1 0.219406 0.352246 0.724875 1.23087 1.49984 1.76585 1.87642 2.84272 2.96452 0.815521
0 2 0.0207514 0.135825 0.247033 0.739552 1.20427 1.32644 1.80207 2.59921 2.74164 1.469
0 3 0.00321744 0.0880289 0.12547 0.210224 0.661455 1.98109 2.25253 2.23266 2.33928 1.85977
0 4 -1 0.0291397 0.152553 0.526227 0.131654 0.756893 1.91187 1.81252 2.02759 1.52978
0 5 -1 0.000539396 0.0629151 0.0276286 0.035391 0.341025 1.34486 1.52312 1.61265 1.52875
0 6 -1 -0.000475556 0.00162107 0.00173325 0.0128497 0.00202396 0.696738 0.953659 1.19321 1.23258
0 7 -1 -1 0.000344911 0.000704242 0.00835722 0.256968 0.575199 0.426255 0.805761 0.900648
0 8 -1 -1 -1 -1 -1 0.0561882 0.209691 0.372785 0.489599 0.509889
0 9 -1 -1 -1 -1 -1 0.023732 0.037287 0.13357 0.162396 0.212702
1 0 0.71231 1.26341 1.52401 1.92006 2.36408 2.74014 3.36498 3.77862 3.77632 -1
1 1 0.392143 0.578559 1.10208 1.71986 1.76589 1.95459 2.79761 3.20794 3.19069 0.0759617
1 2 0.142921 0.410702 0.737693 0.821792 1.52815 2.32257 2.61375 2.83314 2.85912 0.0271133
1 3 0.000571781 0.189525 0.665421 0.430568 0.967332 1.9724 2.13322 2.42171 2.49265 0.0348885
1 4 0.000421929 0.0188675 0.586386 0.56418 0.66882 1.71536 1.89071 1.98472 2.08031 1.67292
1 5 -1 0.186996 0.444821 0.345337 0.985987 1.41462 1.5435 1.64731 1.66136 1.67326
1 6 -1 0.00132511 0.442891 0.314855 0.250756 0.619044 1.01507 1.19791 1.24629 1.27517
1 7 -0.000299523 0.000235275 0.00347432 0.00891467 0.296357 0.717382 0.871437 0.892709 0.919804 0.904965
1 8 -1 -1 -1 0.00943442 0.0757525 0.305914 0.456739 0.523161 0.475445 0.592927
1 9 -1 -1 -1 -1 0.0374051 0.104681 0.220191 0.161941 0.133413 0.221361
2 0 1.01061 1.23401 1.74688 2.39352 2.81313 3.13617 3.77862 3.77089 -1 -1
2 1 0.630121 1.05309 1.24335 1.90154 2.06932 2.93919 3.19313 3.27276 2.88022 -1
2 2 0.43487 1.04771 1.12601 1.65953 1.90709 2.48931 2.83644 2.83125 2.69176 0.0291905
2 3 0.0750445 0.347869 1.05177 1.42442 1.78382 2.21004 2.30934 2.41987 2.41561 0.0216982
2 4 0.000544468 0.137928 0.843332 1.07958 1.16145 1.92435 1.8229 2.04264 2.05136 0.0266121
2 5 -0.000169068 0.0278758 0.552691 1.11054 1.3415 1.41467 1.49332 1.53216 1.71062 1.59654
2 6 -0.000327765 0.00184731 0.281814 0.438195 0.949016 1.11818 1.26148 1.20155 1.30709 1.23414
2 7 -0.000155841 0.00308519 0.00147259 0.286399 0.612456 0.903103 0.843331 0.860775 0.939049 0.971087
2 8 -1 -1 0.257855 0.11897 0.384933 0.488245 0.459876 0.470347 0.554676 0.561846
2 9 -1 -1 0.0182207 0.16183 0.181458 0.181447 0.168609 0.179903 0.219689 0.241916
3 0 1.25708 1.61873 2.24219 2.70228 3.03008 3.71771 3.73577 -1 -1 -1
3 1 0.940896 1.33038 1.56809 2.13835 2.62616 3.2583 3.2028 3.17831 -1 -1
3 2 0.631204 1.25571 1.48637 2.26261 2.25372 2.84318 2.74544 2.75507 2.40692 -1
3 3 0.415166 0.78533 1.65853 1.66186 2.11442 2.3316 2.40313 2.40766 2.4159 0.00696244
3 4 0.0754905 0.610688 1.10226 1.49405 1.70449 2.00766 2.10188 1.92613 2.04147 0.0711724
3 5 0.00803515 0.315339 0.707349 0.839864 1.4649 1.31981 1.6828 1.58925 1.64337 1.28028
3 6 0.000884057 0.162795 0.836447 0.517641 1.00821 1.18329 1.25661 1.33473 1.3426 1.15797
3 7 -0.000219023 0.0744506 0.957743 0.871068 0.689917 0.860726 0.89863 0.872879 0.919033 0.902902
3 8 0.113551 -1 0.324551 0.382183 0.50695 0.45929 0.502161 0.561688 0.555428 0.594109
3 9 -1 0.0182624 0.104823 0.094649 0.190753 0.157583 0.133332 0.201043 0.229869 0.246379
4 0 1.55479 2.37802 2.23016 2.88906 3.70674 3.68941 3.21614 -1 -1 -1
4 1 1.15249 1.72586 2.07645 2.60631 3.22798 3.27761 3.13338 2.75959 -1 -1
4 2 1.03404 1.58246 1.94283 2.19925 2.87331 2.89274 2.82622 2.66407 -1 -1
4 3 0.847131 1.05254 1.87492 1.85253 2.46403 2.4812 2.40972 2.3852 2.08016 -1
4 4 0.324284 0.681004 1.53415 1.5416 2.11864 2.03341 2.0568 2.05571 1.90857 0.00607823
4 5 0.220203 0.372109 0.840216 1.446 1.51506 1.59002 1.61542 1.5979 1.64164 0.0400789
4 6 0.314461 0.620776 0.51602 0.841052 1.14845 1.22385 1.31171 1.2914 1.30168 1.17513
4 7 0.00762616 0.313775 0.382924 0.688226 0.783591 0.774024 0.885966 0.889093 0.946767 0.984446
4 8 0.00818891 0.324283 0.257687 0.453795 0.410942 0.388809 0.479189 0.544439 0.617525 0.570986
4 9 0.103348 0.0948986 0.152838 0.200709 0.0853605 0.185078 0.186299 0.222729 0.239249 0.248951
5 0 1.76048 2.4467 2.74326 3.70923 3.69326 1.72765 -1 -1 -1 -1
5 1 1.28806 1.91651 2.44764 3.12441 3.22988 3.03418 -1 -1 -1 -1
5 2 1.29408 1.53982 2.01848 2.79352 2.83439 2.83893 2.7683 2.55056 -1 -1
5 3 1.04484 1.43899 1.75837 2.49614 2.43653 2.48649 2.47519 2.51745 -1 -1
5 4 0.667097 1.20278 1.60587 2.09887 1.95417 2.05608 2.16981 2.07259 1.84964 -1
5 5 0.286932 0.629408 1.05191 1.24715 1.57038 1.46844 1.61146 1.67641 1.59539 0.0268405
5 6 0.123115 0.449785 0.881896 1.18458 1.17741 1.34819 1.227 1.3298 1.25269 1.00607
5 7 0.0945595 0.536843 0.603828 0.617817 0.762531 0.871484 0.91303 0.913913 0.923659 0.789683
5 8 0.0980331 0.258201 0.554744 0.315193 0.551668 0.573868 0.486731 0.498726 0.55926 0.534687
5 9 0.00861436 0.114301 0.152378 0.190684 0.152404 0.220354 0.21147 0.186618 0.226925 0.243396
6 0 2.59097 3.00496 3.73394 3.74708 2.85759 -1 -1 -1 -1 -1
6 1 1.73264 2.4108 3.10393 3.10825 2.92396 -1 -1 -1 -1 -1
6 2 1.40152 1.87384 2.69465 2.77965 2.78374 2.70967 2.40905 -1 -1 -1
6 3 1.4732 1.80901 2.37225 2.43523 2.43411 2.44366 2.35823 -1 -1 -1
6 4 1.05934 1.48478 2.05739 2.08306 2.14918 2.10146 2.13835 1.96958 -1 -1
6 5 0.747287 1.13065 1.69081 1.66138 1.6569 1.75184 1.69509 1.72963 1.47684 -1
6 6 0.304035 0.834635 1.0442 1.26861 1.10902 1.2473 1.29325 1.33037 1.10634 0.0211068
6 7 0.544585 0.489589 0.812908 0.761892 0.849184 0.816646 0.885238 0.877113 0.8986 0.756689
6 8 0.190375 0.37254 0.525603 0.512847 0.508179 0.558979 0.561327 0.595033 0.569262 0.536269
6 9 0.0371525 0.162069 0.181224 0.135145 0.201014 0.25731 0.181396 0.267031 0.223682 0.237171
7 0 3.13177 3.76481 3.75912 -1 -1 -1 -1 -1 -1 -1
7 1 2.34634 2.90598 2.96057 2.7779 -1 -1 -1 -1 -1 -1
7 2 1.65657 2.55103 2.78207 2.72052 2.55621 2.15248 -1 -1 -1 -1
7 3 1.63579 2.34307 2.45708 2.27525 2.40629 2.2401 1.88337 -1 -1 -1
7 4 1.31756 1.95172 2.08549 2.07893 2.04541 2.12307 1.94275 -1 -1 -1
7 5 1.08608 1.66698 1.73025 1.69517 1.65315 1.75445 1.69869 1.6112 -3.20673e-06 -1
7 6 0.702761 1.35092 1.32413 1.32707 1.37752 1.35204 1.4267 1.37657 1.2737 0.927174
7 7 0.405537 0.783556 0.915901 0.996294 0.985921 0.970576 0.960268 0.972976 0.970406 0.843579
7 8 0.279618 0.348967 0.478414 0.560913 0.475249 0.544051 0.559771 0.62107 0.609966 0.599387
7 9 0.0755327 0.161814 0.142698 0.190749 0.18108 0.22939 0.208922 0.217872 0.250948 0.251749
8 0 3.75256 3.74956 -1 -1 -1 -1 -1 -1 -1 -1
8 1 2.69629 2.3907 0.549806 -1 -1 -1 -1 -1 -1 -1
8 2 2.26506 2.44625 2.50501 2.34898 -1 -1 -1 -1 -1 -1
8 3 2.077 2.19894 2.16436 2.268 2.0632 -1 -1 -1 -1 -1
8 4 1.84141 1.93672 1.82827 1.98519 1.88113 1.8847 1.63523 -1 -1 -1
8 5 1.51008 1.64167 1.62308 1.64166 1.64091 1.66352 1.56357 1.40228 -1 -1
8 6 1.25695 1.29283 1.25956 1.28485 1.31866 1.3401 1.36867 1.35544 1.01693 -1
8 7 0.878221 0.950628 0.959103 1.00746 0.981359 0.977177 1.00985 1.04854 0.896317 -1
8 8 0.54235 0.589529 0.590792 0.591287 0.600128 0.635066 0.635089 0.641813 0.654797 0.443343
8 9 0.123759 0.152799 0.162149 0.230577 0.204845 0.21765 0.207909 0.234868 0.244488 0.226165
9 0 3.67791 -1 -1 -1 -1 -1 -1 -1 -1 -1
9 1 2.74135 0.0289364 -1 -1 -1 -1 -1 -1 -1 -1
9 2 2.17553 0.143008 0.152703 -1 -1 -1 -1 -1 -1 -1
9 3 1.99469 0.171531 0.171362 0.14838 -1 -1 -1 -1 -1 -1
9 4 1.69884 0.207917 0.189451 0.184564 1.29332 -1 -1 -1 -1 -1
9 5 1.48661 0.421896 0.277415 0.971177 1.223 0.922733 -1 -1 -1 -1
9 6 1.09568 1.04388 1.19534 1.12869 1.04773 1.20983 1.12752 -1 -1 -1
9 7 0.873166 0.888657 0.891462 0.930479 0.90624 0.912055 0.894731 0.947222 0.567672 -1
9 8 0.53625 0.57405 0.608774 0.625704 0.60853 0.627677 0.640395 0.62673 0.581397 0.211194
9 9 0.220289 0.234804 0.258557 0.274031 0.264361 0.26308 0.292336 0.312082 0.26612 0.251033

