0 23 0.0250966 7 2 1 -1 0 0 0
0 0 -1 -1 -1 -1 -1 -1 -1 -1 -1 -1
0 1 -1 -1 -1 -1 -1 -1 -1 -1 -1 -1
0 2 -1 -1 -1 -1 -1 -1 -1 -1 -1 -1
0 3 -1 -1 -1 -1 -1 -1 -1 -1 -1 -1
0 4 -1 -1 -1 -1 -1 -1 -1 -1 -1 -1
0 5 -1 -1 -1 -1 -1 -1 -1 -1 0.0071926 -1
0 6 -1 -1 -1 -1 -1 -1 -1 -1 -1 -1
0 7 -1 -1 -1 -1 -1 -1 -1 -1 -1 -1
0 8 -1 -1 -1 -1 -1 -1 -1 -1 -1 -1
0 9 -1 -1 -1 -1 -1 -1 -1 -1 -1 0.00232772
1 0 -1 -1 -1 -1 -1 -1 -1 -1 -1 -1
1 1 -1 -1 -1 -1 -1 -1 -1 -1 -1 -1
1 2 -1 -1 -1 -1 -1 -1 -1 -1 -1 -1
1 3 -1 -1 -1 -1 -1 -1 -1 -1 -1 -1
1 4 -1 -1 -1 -1 -1 -1 -1 -1 -1 -1
1 5 -1 -1 -1 -1 -1 -1 -1 -1 -1 -1
1 6 -1 -1 -1 -1 -1 -1 -1 -1 -1 -1
1 7 -1 -1 -1 -1 -1 -1 -1 -1 -1 -1
1 8 -1 -1 -1 -1 -1 -1 -1 -1 -1 -1
1 9 -1 -1 -1 -1 -1 -1 -1 -1 -1 -1
2 0 -1 -1 -1 -1 -1 -1 -1 -1 -1 -1
2 1 -1 -1 -1 -1 -1 -1 -1 -1 -1 -1
2 2 -1 -1 -1 -1 -1 -1 -1 -1 -1 -1
2 3 -1 -1 -1 -1 -1 -1 -1 -1 -1 -1
2 4 -1 -1 -1 -1 -1 -1 -1 -1 -1 -1
2 5 -1 -1 -1 -1 -1 -1 -1 -1 -1 -1
2 6 -1 -1 -1 -1 -1 -1 -1 -1 -1 -1
2 7 -1 -1 -1 -1 -1 -1 -1 -1 -1 -1
2 8 -1 -1 -1 -1 -1 -1 -1 -1 -1 -1
2 9 -1 -1 -1 -1 -1 -1 -1 -1 -1 -1
3 0 -1 -1 -1 -1 -1 -1 -1 -1 -1 -1
3 1 -1 -1 -1 -1 -1 -1 -1 -1 -1 -1
3 2 -1 -1 -1 -1 -1 -1 -1 -1 -1 -1
3 3 -1 -1 -1 -1 -0.000612519 -1 -1 -1 -1 -1
3 4 -1 -1 -1 -1 -3.04877e-05 0.00145472 -1 -1 -1 -1
3 5 -1 -1 -1 -1 0.000852193 -1 -1 -1 -1 -1
3 6 -1 -1 -1 -1 -1 -1 -1 -1 -1 -1
3 7 -1 -1 -1 -1 -1 -1 -1 -1 -1 -1
3 8 -1 -1 -1 -1 -1 -1 -1 -1 -1 -1
3 9 -1 -1 -1 -1 -1 -1 -1 -1 -1 -1
4 0 -1 -1 -1 -1 -1 -1 -1 -1 -1 -1
4 1 -1 -1 -1 -1 -1 -1 -1 -1 -1 -1
4 2 -1 -1 -1 -1 -1 -1 -1 -1 -1 -1
4 3 -1 -1 0.00101148 -1 -1 -1 -1 -1 -1 -1
4 4 -1 -1 -1 4.70184e-06 -1 -1 -1 -1 -1 -1
4 5 -1 -1 -1 -1 -1 0.00155946 -1 -1 -1 -1
4 6 -1 -1 -1 -1 -1 -1 -1 -1 -1 -1
4 7 -1 -1 -1 -1 -1 -1 -1 -1 -1 -1
4 8 -1 -1 -1 -1 -1 -1 -1 -1 0.000940844 -1
4 9 -1 -1 -1 -1 -1 -1 -1 -1 -1 -1
5 0 -1 -1 -1 -1 -1 -1 -1 -1 -1 -1
5 1 -1 -1 -1 -1 -1 -1 -1 -1 -1 -1
5 2 -1 -1 -1 -1 -1 -1 -1 -1 -1 -1
5 3 -1 -1 -1 -1 -1 -1 -1 -1 -1 -1
5 4 -1 -1 -1 -1 0.000237812 -1 -1 -1 -1 -1
5 5 -1 -1 -1 -0.000457384 -0.000331044 -1 -1 -1 -1 -1
5 6 -1 -1 -1 -1 -1 -1 -1 -1 -1 -1
5 7 -1 -1 -1 -1 -1 -1 -1 -1 -1 -1
5 8 -1 -1 -1 -1 -1 -1 -1 -1 -1 -1
5 9 -1 -1 -1 -1 -1 -1 -1 -1 -1 -1
6 0 -1 -1 -1 -1 -1 -1 -1 -1 -1 -1
6 1 -1 -1 -1 -1 -1 -1 -1 -1 -1 -1
6 2 -1 -1 -1 -1 -1 -1 -1 -1 -1 -1
6 3 -1 -1 -1 -1 -1 -1 -1 -1 -1 -1
6 4 -1 -1 -1 -1 -1 -1 -1 -1 -1 -1
6 5 -1 -1 -1 -0.000685852 -1 -1 -1 -1 -1 -1
6 6 -1 -1 -1 -1 0.000814731 0.00166015 -1 -1 -1 -1
6 7 -1 -1 -1 -1 -1 -1 -1 -1 -1 -1
6 8 -1 -1 -1 -1 -1 -1 -1 -1 -1 -1
6 9 -1 -1 -1 -1 -1 -1 -1 -1 -1 -1
7 0 -1 -1 -1 -1 -1 -1 -1 -1 -1 -1
7 1 -1 -1 -1 -1 -1 -1 -1 -1 -1 -1
7 2 -1 0.0250966 -1 -1 -1 -1 -1 -1 -1 -1
7 3 -1 -1 -1 -1 -1 -1 -1 -1 -1 -1
7 4 -1 -1 -1 -1 -1 -1 -1 -1 -1 -1
7 5 -1 -1 -1 -1 -1 -1 -1 -1 -1 -1
7 6 -1 -1 -1 -1 -1 -1 -1 -1 -1 -1
7 7 -1 -1 -1 -1 -1 -1 -1 -1 -1 -1
7 8 -1 -1 -1 -1 -1 -1 -1 -1 -1 -1
7 9 -1 -1 -1 -1 -1 -1 -1 -1 -1 0.0013997
8 0 -1 -1 -1 -1 -1 -1 -1 -1 -1 -1
8 1 -1 -1 -1 -1 -1 -1 -1 -1 -1 -1
8 2 -1 -1 -1 -1 -1 -1 -1 -1 -1 -1
8 3 -1 -1 -1 -1 -1 -1 -1 -1 -1 -1
8 4 -1 -1 -1 -1 -1 -1 -1 -1 -1 -1
8 5 -1 -1 -1 -1 -1 -1 -1 -1 -1 -1
8 6 -1 -1 -1 -1 -1 -1 -1 -1 -1 -1
8 7 -1 -1 -1 -1 -1 -1 -1 -1 -1 -1
8 8 -1 -1 -1 -1 -1 -1 -1 -1 -1 -1
8 9 -1 -1 -1 -1 -1 -1 -1 -1 -1 0.0113094
9 0 -1 -1 -1 -1 -1 -1 -1 -1 -1 -1
9 1 -1 -1 -1 -1 -1 -1 -1 -1 -1 -1
9 2 -1 -1 -1 -1 -1 -1 -1 -1 -1 -1
9 3 0.0238753 -1 -1 -1 -1 -1 -1 -1 -1 -1
9 4 -1 -1 -1 -1 -1 -1 -1 -1 -1 -1
9 5 0.00312187 -1 -1 -1 -1 -1 -1 -1 -1 -1
9 6 -1 -1 -1 -1 -1 -1 -1 -1 -1 -1
9 7 0.00963455 -1 -1 -1 -1 -1 -1 -1 -1 -1
9 8 -1 -1 -1 -1 -1 -1 -1 -1 -1 -1
9 9 -1 -1 0.0033663 -1 -1 -1 -1 -1 -1 -1

5000 786 3.7719 1 0 8 -1 0 0 0
0 0 0.391639 0.834165 1.16688 1.52314 2.04354 2.28577 2.57037 3.44666 3.76251 2.18037
0 1 0.0143732 0.361832 0.651029 0.824338 0.699867 0.761878 1.828 1.489 2.95456 2.23646
0 2 9.50214e-05 0.00829053 0.376896 0.495834 0.914774 0.89363 1.00198 1.33237 2.23839 0.0350817
0 3 -1 0.000568845 0.00861217 0.149248 0.229927 0.61867 0.54334 0.766898 1.03007 0.64113
0 4 -1 -0.000742894 0.00133411 0.00146868 0.0171035 0.0886989 0.476029 0.547764 1.49587 0.172068
0 5 -1 0.000161724 0.000929466 0.00110213 0.000563966 0.0170904 0.0421683 0.258766 1.37131 0.257779
0 6 -1 -1 0.00124697 0.000513627 0.000339199 0.000979191 0.0122125 0.304547 0.46876 0.630919
0 7 -1 -1 0.000567783 -0.000132174 0.000227805 0.000407124 0.00145768 0.101477 0.318344 0.784497
0 8 -1 -1 -1 -1 -1 -0.000139467 0.000944454 0.00446373 0.142335 0.33514
0 9 -1 -1 -1 -1 -1 -1 0.0086143 0.0138218 0.0152553 0.172338
1 0 0.690327 0.953964 1.30082 1.58416 2.17312 2.55399 2.91709 3.77159 3.7719 -1
1 1 0.351573 0.57677 0.977305 1.59045 1.46501 1.67156 2.33775 2.52229 0.715113 0.0122916
1 2 0.0460646 0.068145 0.148375 0.981388 1.3402 1.83647 1.8052 2.26075 2.43104 0.0147889
1 3 0.000347948 0.000962729 0.00959805 0.189809 0.52992 1.02685 1.87456 1.9899 1.86267 0.010099
1 4 -1 0.000401074 0.00143748 0.0182496 0.788377 0.893672 0.604634 1.64073 0.382807 0.0398974
1 5 -1 0.000633073 0.00103768 0.00206191 0.00947583 0.309975 0.875489 0.815535 1.68134 0.23725
1 6 -1 0.000868331 0.00136028 0.00390925 0.000889277 0.0231928 0.0219173 0.563834 1.14346 0.115491
1 7 -1 -1 0.000650797 0.000224259 0.000244488 0.00862354 0.00865591 0.0240987 0.876709 0.72183
1 8 -1 -1 -1 -1 -0.00016398 0.000529904 0.0194256 0.0259664 0.543759 0.553081
1 9 -1 -1 -1 -1 -1 -1 0.00857309 0.0181613 0.0290814 0.237451
2 0 0.962154 1.143 1.39736 2.46803 2.21429 3.23101 3.7255 3.72414 -1 -1
2 1 0.540443 1.0232 1.13968 1.84518 2.06389 2.39554 3.2152 3.17281 0.00466174 -1
2 2 0.298959 0.69882 0.765749 1.06694 1.60515 2.26712 2.44723 2.47532 0.0154331 -1
2 3 0.00485892 0.010239 0.0590657 0.404922 0.932738 1.76856 2.23101 2.22116 0.172754 0.00891964
2 4 0.00033857 0.00104889 0.00118912 0.0204941 0.0331403 0.173114 1.6794 1.9973 1.44726 0.0162638
2 5 -0.00120283 0.000768081 0.00194178 0.00194134 0.0080578 0.246986 0.631521 1.25856 1.29342 0.084041
2 6 -1 0.000687839 0.00137777 0.00262523 0.0141973 0.015598 0.022518 1.31803 1.17489 0.0170491
2 7 -1 0.000290197 0.000587185 0.00859053 0.000484967 0.0093759 0.027816 0.204222 0.909031 0.778371
2 8 -1 -1 -1 -1 0.000413755 0.00860582 0.0268083 0.0368267 0.378747 0.552711
2 9 -1 -1 -1 0.00852492 0.00864577 0.0085617 0.010676 0.0233545 0.0237268 0.231503
3 0 1.25446 1.81196 2.25243 2.54174 2.91167 3.65168 3.66641 -1 -1 -1
3 1 0.749897 1.25396 1.60263 2.1597 2.54277 3.21347 3.17421 0.0108366 -1 -1
3 2 0.702231 0.985091 1.19323 1.35029 1.93016 2.72237 2.91991 2.59256 0.0195466 -1
3 3 0.212791 0.565248 0.612473 0.426096 0.812813 2.32097 2.28679 2.0694 0.0132017 0.0143232
3 4 0.00842171 0.0156007 0.0447724 0.0865948 0.299555 1.98026 2.10251 1.71441 1.81227 0.00879176
3 5 0.000963834 0.00140907 0.00972656 0.0129077 0.0170958 0.172596 1.1074 1.40585 1.56197 0.010152
3 6 -1 0.00158328 0.00173134 0.00918577 0.0383951 0.0275494 0.401365 1.12276 1.11157 0.238537
3 7 -0.000487953 0.00116657 0.000972882 0.00148509 0.0119652 0.0335219 0.0374971 0.188219 0.939581 0.7443
3 8 -1 -1 -1 0.00854801 0.0190228 0.0315865 0.0425923 0.0379464 0.279518 0.615641
3 9 -1 -1 -1 0.00905561 0.00859093 0.0180878 0.0246466 0.0311053 0.0246083 0.255445
4 0 1.73947 2.09593 2.57325 2.83601 3.6294 3.66197 -1 -1 -1 -1
4 1 1.34009 1.59022 1.9394 2.11333 3.08433 3.13983 2.89903 2.6433 -1 -1
4 2 0.840093 1.16908 1.65352 2.0887 2.78053 2.7842 2.67978 2.65678 -1 -1
4 3 0.564956 1.00371 1.05026 0.894094 2.24296 2.21841 2.4762 2.15385 0.000351851 -1
4 4 0.145806 0.33821 0.539226 0.279835 0.713382 0.909895 1.99629 1.25613 1.07838 0.00828254
4 5 0.000859601 0.0132715 0.0162807 0.0205344 0.351696 0.524965 0.794903 1.52347 1.4934 0.0138067
4 6 0.000553896 0.00246177 0.0015339 0.0141478 0.0260619 0.0764117 0.34263 0.650137 1.08834 0.021266
4 7 -0.000405055 0.0086 0.00866479 0.00540713 0.0225997 0.0333093 0.0310439 0.0271359 0.908978 0.825063
4 8 -1 0.0120481 -1 0.00883147 0.0338497 0.0353961 0.0338249 0.0282332 0.111627 0.545104
4 9 -1 -1 0.00866245 0.00858245 0.0241992 0.0260132 0.0242056 0.0208597 0.0200461 0.243885
5 0 1.54901 2.33235 2.69575 3.59372 3.60769 3.15026 -1 -1 -1 -1
5 1 1.02488 1.74117 2.24061 3.05855 3.17706 2.79397 2.75996 -1 -1 -1
5 2 0.911492 1.33353 1.88238 2.74641 2.77103 2.84199 2.66736 -1 -1 -1
5 3 0.880226 1.09607 1.51057 2.4248 2.45973 2.3499 2.45319 2.24067 -1 -1
5 4 0.623202 1.03447 1.12408 2.03076 2.0392 1.32737 2.07767 1.82768 1.59731 -1
5 5 0.117079 0.652519 0.378109 0.490806 0.583468 0.70258 1.0609 1.55337 1.52421 0.011487
5 6 -0.000484901 0.00852729 0.0638577 0.188915 0.0966285 0.125433 0.802403 0.694343 1.23877 0.022719
5 7 0.0004468 0.00120717 0.0127789 0.0257031 0.0595154 0.0218656 0.0290775 0.0240549 0.816364 0.925554
5 8 9.61797e-05 -0.000245098 0.00980303 0.0327429 0.0463786 0.039934 0.0286349 0.024725 0.560126 0.526458
5 9 -1 -1 0.027933 0.0226611 0.025111 0.0248646 0.0250427 0.03455 0.0230964 0.27865
6 0 2.15871 2.65378 3.55892 3.57413 2.76406 -1 -1 -1 -1 -1
6 1 1.44175 2.11863 2.80608 2.79479 2.65688 2.54027 -1 -1 -1 -1
6 2 1.18098 1.76127 2.5102 2.6769 2.52368 2.46822 2.3328 -1 -1 -1
6 3 1.05658 1.52219 2.22476 2.35742 2.31876 2.31047 2.28073 0.892267 -1 -1
6 4 1.00521 1.13902 1.9818 2.00241 1.36831 2.04543 1.88329 1.85048 -1 -1
6 5 0.681889 0.942226 1.54155 1.52113 1.68286 1.37778 1.56114 1.68998 -0.000183301 -1
6 6 0.173225 0.555507 0.604794 0.468733 0.237147 0.392417 0.712474 1.06867 1.161 1.03429
6 7 0.000356013 0.00171092 0.0607125 0.0436027 0.0588209 0.149557 0.129662 0.551455 0.893419 0.672627
6 8 -0.000524111 0.0183568 0.023048 0.0430245 0.026155 0.0195473 0.0221858 0.167603 0.329829 0.618903
6 9 -1 0.00852503 0.018967 0.0273501 0.0259308 0.0306389 0.0214178 0.0197132 0.0210705 0.257498
7 0 3.15688 3.50331 3.47456 -1 -1 -1 -1 -1 -1 -1
7 1 2.16485 2.76484 2.77426 2.55539 -1 -1 -1 -1 -1 -1
7 2 1.56756 2.41935 2.53845 2.31629 2.25932 -1 -1 -1 -1 -1
7 3 1.24883 2.19615 2.14146 2.06835 1.90261 1.98069 -1 -1 -1 -1
7 4 1.15115 1.88415 1.9296 1.77049 1.89073 1.83515 1.88561 -1 -1 -1
7 5 0.929864 1.61058 1.59089 1.55777 1.55237 1.64696 1.62601 1.5291 -1 -1
7 6 0.67587 1.20643 1.25847 1.22235 1.13925 1.29293 1.19517 1.24198 1.13972 -1
7 7 0.126153 0.666061 0.652932 0.187522 0.863679 0.453079 0.914673 0.710007 0.906764 0.578106
7 8 0.000724543 0.0285989 0.0431521 0.0467861 0.0386602 0.0185164 0.0306843 0.0844742 0.374933 0.498538
7 9 0.0291234 0.0126155 0.0268088 0.0472754 0.0249981 0.0212695 0.016228 0.0188209 0.014455 0.260112
8 0 2.97822 0.903797 -1 -1 -1 -1 -1 -1 -1 -1
8 1 1.94083 2.29509 0.0100632 -1 -1 -1 -1 -1 -1 -1
8 2 1.71599 2.2311 2.05346 0.00841261 -1 -1 -1 -1 -1 -1
8 3 1.81293 1.98967 1.99197 1.8948 1.99898 -1 -1 -1 -1 -1
8 4 1.61761 1.74503 1.68214 1.68513 1.81948 1.72326 1.54239 -1 -1 -1
8 5 1.40813 1.46242 1.21705 1.42531 1.39741 1.52506 1.46218 -1 -1 -1
8 6 1.14721 1.20813 1.25546 1.113 1.1563 1.25411 1.27289 1.23474 -1 -1
8 7 0.828354 0.881811 0.862336 0.901625 0.949867 0.92461 0.892921 0.907622 0.91628 -1
8 8 0.514798 0.561021 0.557388 0.405514 0.541365 0.624014 0.602868 0.593379 0.601065 0.338284
8 9 0.0281872 0.0256811 0.0308993 0.0306651 0.0285105 0.0189761 0.0718511 0.0513675 0.0869325 0.199412
9 0 1.7587 -1 -1 -1 -1 -1 -1 -1 -1 -1
9 1 1.69588 0.00394807 -1 -1 -1 -1 -1 -1 -1 -1
9 2 0.46835 0.0111299 0.00854231 -1 -1 -1 -1 -1 -1 -1
9 3 0.363101 0.00171558 0.00996178 0.00015172 -1 -1 -1 -1 -1 -1
9 4 0.728327 0.00990134 0.0135046 0.00550308 0.00325252 -1 -1 -1 -1 -1
9 5 1.00983 0.00975784 0.0146901 0.0131222 0.00656368 0.0086352 -1 -1 -1 -1
9 6 0.939799 0.0405696 1.00647 0.0119396 0.94019 0.880494 -1 -1 -1 -1
9 7 0.853849 0.849782 0.644848 0.593555 0.735941 0.861635 0.855532 0.800587 -1 -1
9 8 0.519888 0.549416 0.55612 0.518892 0.606592 0.542847 0.545359 0.583282 0.514937 0.365729
9 9 0.187683 0.205602 0.243109 0.206546 0.229447 0.255551 0.280815 0.248745 0.258577 0.233782

10000 802 3.78474 1 0 7 -1 0 0 0
0 0 0.484603 0.879695 1.23508 1.60178 2.06095 2.30099 2.57037 3.44666 3.77902 3.5046
0 1 0.020707 0.361832 0.696303 1.05835 1.2402 1.04376 1.828 2.10775 2.95456 2.3286
0 2 0.00011753 0.00829053 0.403095 0.831715 0.914774 1.44009 1.1442 1.61315 2.49303 0.111484
0 3 -1 0.000784281 0.00861217 0.204098 0.658974 0.805339 0.9725 1.19265 1.79876 2.06018
0 4 -1 0.000692357 0.00133411 0.00146868 0.0171035 0.512504 1.03712 0.909883 1.49587 1.64812
0 5 -1 0.000161724 0.00146578 0.00316144 0.00529019 0.0277365 0.402184 0.866522 1.37131 1.04427
0 6 -1 0.000121445 0.00124697 0.00374874 0.00113578 0.000979191 0.0253431 0.528797 1.01848 0.677532
0 7 -1 -7.92908e-05 0.000567783 0.000140822 0.000368695 0.00120995 0.00145768 0.101477 0.641249 0.784497
0 8 -1 -1 -1 -1 0.000348724 -0.000139467 0.00233177 0.00994485 0.17123 0.502632
0 9 -1 -1 -1 -1 -1 -1 0.0086143 0.0138218 0.0184629 0.200866
1 0 0.780013 1.17125 1.55011 1.88983 2.17312 2.72446 2.938 3.78474 3.77976 -1
1 1 0.393873 0.606435 1.25011 1.59045 1.86024 2.00959 2.33775 2.82754 3.0414 0.0122916
1 2 0.0460646 0.12727 0.579886 1.16643 1.62795 1.83647 1.93008 2.47549 2.43104 0.0147889
1 3 0.000347948 0.00106743 0.0652244 0.212809 0.969721 1.24331 1.87456 2.1476 1.86267 0.0141516
1 4 -1 0.000749343 0.00143748 0.0182496 0.788377 0.893672 1.3218 1.8076 1.79564 0.0888842
1 5 -0.00096159 0.000633073 0.00178579 0.00405515 0.00947583 0.370493 0.875489 1.19453 1.68134 0.23725
1 6 -1 0.000868331 0.00160709 0.0051803 0.0115946 0.113024 0.602432 0.766149 1.28944 0.115491
1 7 -1 -1 0.00138803 0.000310058 0.00404169 0.00862354 0.0132101 0.300453 0.931151 0.768074
1 8 -1 -1 -1 -1 5.08771e-05 0.000646666 0.0194256 0.0417714 0.543759 0.553081
1 9 -1 -1 -1 -1 0.018747 0.0085506 0.00857309 0.0232404 0.0291092 0.237451
2 0 1.24852 1.51107 1.77332 2.46803 2.68412 3.23101 3.7255 3.75526 -1 -1
2 1 0.554868 1.0232 1.5239 1.84518 2.31565 2.48828 3.2152 3.17281 0.00496499 -1
2 2 0.479374 0.69882 0.765749 1.70518 1.78693 2.26712 2.69042 2.69899 0.0214555 0.000251196
2 3 0.00977048 0.0489699 0.0649902 0.532203 1.14285 1.87532 2.3565 2.33016 2.07893 0.0336431
2 4 0.00033857 0.00124582 0.00128002 0.48297 0.34113 1.39991 2.04316 2.03907 1.93268 0.0162638
2 5 -0.000412329 0.000768081 0.00203471 0.571292 0.018149 0.503252 1.51749 1.60392 1.59881 0.084041
2 6 -1 0.00129916 0.00172736 0.00262523 0.0141973 0.113578 0.17188 1.31803 1.28536 0.982903
2 7 -1 0.00106486 0.000885883 0.00859053 0.000948443 0.0464728 0.0468142 0.334078 0.909031 0.778371
2 8 -1 -1 -1 0.000115678 0.000630805 0.00860582 0.0755744 0.170867 0.573443 0.552711
2 9 -1 -1 -1 0.00852492 0.00866091 0.00858482 0.010676 0.0373586 0.0299056 0.265717
3 0 1.37788 1.81196 2.25243 2.81505 2.91167 3.65168 3.6789 -1 -1 -1
3 1 0.877706 1.25396 1.65572 2.32757 2.65461 3.21347 3.19996 3.15259 -1 -1
3 2 0.702231 1.01551 1.30052 1.76787 2.21076 2.88669 2.91991 2.66582 0.0195466 -1
3 3 0.212791 0.565248 0.628883 0.687046 1.58148 2.32097 2.44211 2.42318 1.89599 0.0143232
3 4 0.0407886 0.033296 0.0447724 0.44572 0.609642 1.98026 2.10251 1.71441 1.85881 0.00879176
3 5 0.000963834 0.00140907 0.00972656 0.0129077 0.439895 0.345912 1.43062 1.5411 1.74707 0.0407989
3 6 -1 0.00158328 0.0749949 0.00918577 0.123106 0.252822 0.401365 1.23176 1.25858 0.238537
3 7 -0.000487953 0.00116657 0.000972882 0.00191627 0.0119652 0.0335219 0.152434 0.433952 0.939581 0.903958
3 8 -1 -1 -1 0.00854801 0.0190228 0.0562133 0.158854 0.133135 0.565418 0.615641
3 9 -1 -1 -1 0.00905561 0.0280138 0.0219696 0.0246466 0.0311053 0.0960793 0.274492
4 0 1.83267 2.09593 2.57325 3.00258 3.64714 3.66197 2.95529 -1 -1 -1
4 1 1.34009 1.59022 1.9394 2.52914 3.09002 3.20613 3.07792 2.6433 -1 -1
4 2 0.910126 1.16908 1.65352 2.0887 2.79274 2.83276 2.80484 2.70983 -1 -1
4 3 0.634566 1.00371 1.42679 1.25878 2.51817 2.44128 2.4762 2.30701 0.000351851 -1
4 4 0.508293 0.366496 0.539226 0.549893 0.733671 1.09844 2.03961 1.92447 1.90977 0.00828254
4 5 0.0271518 0.0132715 0.022167 0.0205344 0.526373 0.993213 1.49062 1.63435 1.66244 0.0138067
4 6 0.000553896 0.00246177 0.00865135 0.0147091 0.0260619 0.193889 0.972966 1.34702 1.25875 0.021266
4 7 -0.000405055 0.0086 0.0750486 0.0187417 0.266065 0.15009 0.0310439 0.257623 0.921605 0.944602
4 8 -1 0.0120481 0.00822416 0.00883147 0.13437 0.113746 0.199527 0.314436 0.638932 0.61622
4 9 -1 -1 0.00866245 0.0086914 0.0241992 0.035445 0.0850561 0.0367406 0.0708961 0.278987
5 0 2.1655 2.71607 3.18355 3.62825 3.61345 3.15026 -1 -1 -1 -1
5 1 1.06287 1.78039 2.25277 3.16726 3.17706 3.10663 2.75996 -1 -1 -1
5 2 1.12745 1.80558 1.88238 2.74641 2.78414 2.84199 2.66736 -1 -1 -1
5 3 0.928697 1.26415 1.71255 2.4248 2.45973 2.3499 2.46976 2.2476 -1 -1
5 4 0.623202 1.03447 1.33188 2.03601 2.12692 2.06127 2.14287 2.22587 2.13407 -1
5 5 0.258805 0.652519 0.598104 0.533339 0.689021 0.918728 1.14458 1.72945 1.54563 0.0196759
5 6 0.00205302 0.485887 0.0638577 0.371194 0.66841 0.232991 0.802403 1.18847 1.25901 0.022719
5 7 0.000971745 0.380964 0.0183349 0.0257031 0.229839 0.0218656 0.233483 0.59034 0.973509 0.925554
5 8 9.61797e-05 0.000529649 0.0201832 0.0327429 0.0675028 0.039934 0.031732 0.0494031 0.560126 0.551545
5 9 -1 -1 0.027933 0.0226611 0.0270751 0.0278268 0.0250427 0.03455 0.0588221 0.27865
6 0 2.23626 3.01062 3.56958 3.59965 2.76406 -1 -1 -1 -1 -1
6 1 1.44175 2.16151 2.86627 2.91526 2.85365 2.54027 -1 -1 -1 -1
6 2 1.33343 1.91159 2.5102 2.6769 2.5971 2.59116 2.3328 -1 -1 -1
6 3 1.19895 1.52219 2.29056 2.38521 2.31876 2.37766 2.32456 0.892267 -1 -1
6 4 1.00521 1.13902 1.9818 2.07696 1.97458 2.04543 1.95768 1.90386 -1 -1
6 5 0.70317 0.942226 1.54155 1.72479 1.69438 1.5826 1.66124 1.69945 1.57955 -1
6 6 0.20247 0.555507 1.31781 0.850956 0.64198 0.450251 1.3717 1.18982 1.21595 1.03429
6 7 0.000770251 0.0135338 0.324699 0.288524 0.0588209 0.304286 0.402601 0.922691 0.990089 0.858881
6 8 0.000306063 0.0183568 0.0247454 0.0430245 0.142445 0.160939 0.0758046 0.167603 0.580805 0.618903
6 9 -1 0.00971094 0.018967 0.0273501 0.0259308 0.0373753 0.0470083 0.0608261 0.104752 0.288038
7 0 3.32088 3.72007 3.65407 2.59424 -1 -1 -1 -1 -1 -1
7 1 2.67455 2.81649 2.82405 2.62608 -1 -1 -1 -1 -1 -1
7 2 1.56756 2.41935 2.53845 2.41133 2.25932 -1 -1 -1 -1 -1
7 3 1.29163 2.19615 2.14146 2.06835 1.99218 2.11338 -1 -1 -1 -1
7 4 1.15115 1.88415 1.9296 1.77049 1.89073 1.83515 1.88561 1.63521 -1 -1
7 5 0.929864 1.61058 1.64193 1.55777 1.65856 1.64696 1.62601 1.5291 -1 -1
7 6 0.67587 1.27723 1.25847 1.31643 1.31282 1.38099 1.37218 1.35231 1.27372 -1
7 7 0.126153 0.666061 0.652932 0.484522 0.863679 0.819234 0.914673 0.97518 1.00094 0.709811
7 8 0.00864192 0.0364683 0.0445131 0.247515 0.0560408 0.142877 0.267847 0.207795 0.411225 0.570224
7 9 0.0291234 0.0181347 0.0268088 0.0472754 0.0249981 0.0212695 0.0470228 0.0306909 0.160538 0.260112
8 0 3.58114 3.69697 -1 -1 -1 -1 -1 -1 -1 -1
8 1 2.27658 2.30601 0.0100632 -1 -1 -1 -1 -1 -1 -1
8 2 1.71599 2.29971 2.05346 1.15816 -1 -1 -1 -1 -1 -1
8 3 1.81293 2.05253 1.99197 1.8948 1.99898 1.8673 -1 -1 -1 -1
8 4 1.61761 1.84455 1.69288 1.79984 1.81948 1.77158 1.54239 -1 -1 -1
8 5 1.41387 1.49703 1.44658 1.42531 1.46436 1.52506 1.46218 -1 -1 -1
8 6 1.18189 1.25977 1.25546 1.19663 1.22913 1.25411 1.27289 1.23474 1.00478 -1
8 7 0.851192 0.9322 0.890014 0.901625 0.949867 0.963344 0.964152 1.00676 0.917931 -1
8 8 0.514798 0.561021 0.557388 0.584464 0.642577 0.624014 0.606307 0.617897 0.620919 0.507444
8 9 0.0281872 0.0256811 0.0308993 0.0316267 0.0285105 0.0966565 0.0718511 0.0783016 0.135358 0.239199
9 0 2.10196 -1 -1 -1 -1 -1 -1 -1 -1 -1
9 1 1.90748 0.0101109 -1 -1 -1 -1 -1 -1 -1 -1
9 2 0.815613 0.0111299 0.00854231 -1 -1 -1 -1 -1 -1 -1
9 3 0.363101 0.0131583 0.0129562 0.00187242 -1 -1 -1 -1 -1 -1
9 4 1.05059 0.0151401 0.0135046 0.00864994 0.0107445 -1 -1 -1 -1 -1
9 5 1.00983 0.0581693 0.17342 0.0131222 0.00832898 0.0108536 -0.000876317 -1 -1 -1
9 6 1.08939 0.369345 1.00647 0.52372 0.94019 0.889165 0.0111511 -1 -1 -1
9 7 0.853849 0.849782 0.775314 0.8412 0.879624 0.861635 0.855532 0.800587 -1 -1
9 8 0.548973 0.549416 0.55612 0.548539 0.606592 0.549635 0.56458 0.583282 0.514937 0.365729
9 9 0.231291 0.205602 0.248774 0.276998 0.250677 0.255551 0.280815 0.269374 0.307656 0.259712

15000 813 3.78875 1 0 7 -1 0 0 0
0 0 0.498627 0.879695 1.40958 1.74831 2.19738 2.39728 2.95157 3.47727 3.77982 3.52073
0 1 0.0301851 0.520384 0.752933 1.12295 1.35434 1.11183 1.828 2.26611 2.95456 2.7222
0 2 0.000299452 0.00850693 0.405479 0.831715 0.977842 1.44009 1.73661 1.61315 2.49303 1.02629
0 3 -1 0.000784281 0.00861217 0.222433 0.908929 0.805339 0.9725 1.19265 2.07606 2.06018
0 4 -1 0.000692357 0.00133411 0.00227838 0.186447 0.604182 1.03712 1.37272 1.7809 1.77251
0 5 -1 0.000161724 0.0019567 0.00500791 0.00531375 0.295735 0.402184 0.866522 1.53943 1.04427
0 6 -1 0.000121445 0.00145354 0.00374874 0.00501674 0.00274208 0.0253431 0.528797 1.24478 0.882936
0 7 -1 -7.92908e-05 0.000567783 0.000140822 0.00117708 0.00120995 0.00350598 0.20632 0.641249 0.915087
0 8 -1 -1 -1 -1 0.000348724 6.06243e-05 0.0659747 0.400432 0.225715 0.502632
0 9 -1 -1 -1 -1 -1 -1 0.0086143 0.0470478 0.0660095 0.235174
1 0 0.793088 1.24162 1.55011 1.88983 2.49482 2.72446 3.16647 3.78875 3.78173 -1
1 1 0.393873 0.76358 1.35502 1.59045 1.89425 2.00959 2.64646 3.03535 3.0414 0.0129721
1 2 0.143124 0.12727 0.667462 1.16643 1.62795 1.90575 2.04021 2.70443 2.43104 0.0147889
1 3 0.000347948 0.00106743 0.121599 0.521412 0.969721 1.50543 1.87456 2.33035 2.19755 0.0141516
1 4 -0.000515468 0.00110211 0.00173277 0.164195 0.788377 0.893672 1.3218 2.03724 2.00788 0.0888842
1 5 0.00831263 0.000633073 0.00205686 0.00431362 0.172422 0.374906 0.875489 1.19453 1.68134 0.434804
1 6 -1 0.000868331 0.00160709 0.0051803 0.0940079 0.179941 0.602432 0.766149 1.28944 1.09384
1 7 -1 -1 0.00188773 0.000310058 0.00863469 0.0849611 0.192023 0.300453 0.931151 0.939434
1 8 -1 -1 -1 6.66396e-05 5.08771e-05 0.0008622 0.123404 0.123248 0.543759 0.608442
1 9 -1 -1 -1 -1 0.0379763 0.0182461 0.0857916 0.0277313 0.0302705 0.237451
2 0 1.24852 1.51107 1.77332 2.46803 2.68412 3.23101 3.75175 3.75543 -1 -1
2 1 0.570718 1.0232 1.5877 1.94002 2.31565 2.86929 3.31141 3.17281 0.00496499 -1
2 2 0.479374 0.75401 1.08904 1.70518 1.90996 2.26712 2.70876 2.7238 2.34708 0.000490518
2 3 0.0332665 0.0543217 0.169847 0.819349 1.14285 1.87532 2.3565 2.35443 2.07893 0.0336431
2 4 0.00033857 0.00124582 0.0048857 0.48297 0.644638 1.39991 2.04316 2.04009 1.93268 0.0591761
2 5 6.91647e-05 0.000874719 0.00203471 0.571292 0.516567 0.503252 1.51749 1.60392 1.6149 0.0924384
2 6 -1 0.00129916 0.16856 0.00307401 0.112045 0.288186 0.620349 1.31803 1.33229 0.982903
2 7 -1 0.00106486 0.00098503 0.0372841 0.486056 0.105389 0.745304 0.462872 0.909031 0.778371
2 8 -1 -1 -1 0.000115678 0.0647901 0.086593 0.142177 0.270821 0.573443 0.585704
2 9 -1 -1 -1 0.00852492 0.0573018 0.0373452 0.0373702 0.0559688 0.0563681 0.265717
3 0 1.46536 1.87924 2.25243 2.81505 3.00357 3.66591 3.68721 -1 -1 -1
3 1 0.877706 1.25396 1.65572 2.32757 2.65461 3.2162 3.20051 3.15259 -1 -1
3 2 0.702231 1.01551 1.30052 1.76787 2.21076 2.90268 2.91991 2.66582 2.50286 -1
3 3 0.377739 0.577857 0.628883 0.803555 1.58148 2.32097 2.4677 2.42318 2.25459 0.0143232
3 4 0.0407886 0.033296 0.208094 0.44572 0.700185 1.98026 2.10251 1.99774 1.85881 0.0112305
3 5 0.000963834 0.0646736 0.0245491 0.349385 0.5919 0.649051 1.43062 1.5411 1.74707 0.149867
3 6 0.000167994 0.00158328 0.0749949 0.303876 0.460063 0.581243 0.801048 1.23176 1.27727 1.04016
3 7 -6.37174e-05 0.00133852 0.00101781 0.086408 0.0465224 0.341709 0.35793 0.547328 0.939581 0.917944
3 8 -1 0.0176816 0.00870553 0.161575 0.0190228 0.0562133 0.158854 0.334228 0.627697 0.637026
3 9 -1 -1 -1 0.0190354 0.0373222 0.0219696 0.0246466 0.0565307 0.0960793 0.276582
4 0 1.83267 2.27452 2.57325 3.07853 3.64714 3.66197 2.95529 -1 -1 -1
4 1 1.34009 1.59022 1.9394 2.62188 3.09002 3.20613 3.07792 2.81264 -1 -1
4 2 1.0115 1.28359 1.65352 2.0887 2.79741 2.86656 2.85683 2.70983 -1 -1
4 3 0.718836 1.09389 1.42679 1.8215 2.51817 2.44128 2.4762 2.35838 1.74467 -1
4 4 0.508293 0.586009 0.57078 0.938808 1.25951 1.6164 2.03961 2.00626 1.90977 0.0185082
4 5 0.0271518 0.0630945 0.566328 1.12773 0.849506 1.05263 1.49062 1.63435 1.66244 0.172455
4 6 0.000553896 0.00579101 0.171497 0.467245 0.721077 0.644161 0.972966 1.34702 1.28951 1.09456
4 7 -0.00022376 0.0086 0.143439 0.135885 0.414481 0.6218 0.468073 0.380098 0.94392 0.944602
4 8 -0.000944102 0.0120481 0.285988 0.104658 0.170793 0.125452 0.332523 0.314436 0.638932 0.61622
4 9 -1 -1 0.0183162 0.0183305 0.0306698 0.0634708 0.0850561 0.0564875 0.17166 0.281018
5 0 2.1655 2.71607 3.42905 3.6634 3.65317 3.15026 -1 -1 -1 -1
5 1 1.27802 1.7828 2.40626 3.16726 3.17706 3.10663 2.75996 -1 -1 -1
5 2 1.15527 1.80558 1.88238 2.74641 2.78414 2.84199 2.66736 -1 -1 -1
5 3 0.928697 1.26415 1.71255 2.44518 2.45973 2.42483 2.46976 2.29799 -1 -1
5 4 0.666527 1.13763 1.3545 2.05888 2.12692 2.14726 2.14692 2.22587 2.13407 -1
5 5 0.258805 0.652519 0.598104 1.06334 1.08115 1.22015 1.49257 1.72945 1.62321 0.0196759
5 6 0.0175191 0.485887 0.438609 0.802738 0.837613 1.1136 1.31924 1.29484 1.27114 0.022719
5 7 0.00782927 0.380964 0.131883 0.41884 0.423431 0.497018 0.477052 0.602317 0.980581 0.954054
5 8 0.0338671 0.000529649 0.181099 0.0702859 0.113795 0.113818 0.420629 0.365566 0.560126 0.637147
5 9 -1 0.142879 0.0282981 0.0542833 0.0270751 0.0278268 0.0758023 0.145096 0.124051 0.27865
6 0 2.46208 3.44676 3.68294 3.61301 2.76406 -1 -1 -1 -1 -1
6 1 1.44175 2.16151 2.86627 2.94273 2.96332 2.54027 -1 -1 -1 -1
6 2 1.33343 1.91957 2.5102 2.72348 2.5971 2.59116 2.38216 -1 -1 -1
6 3 1.19895 1.72213 2.29056 2.38521 2.31876 2.37766 2.32456 0.892267 -1 -1
6 4 1.00521 1.26354 1.9818 2.07696 2.05568 2.04543 2.10261 1.90386 -1 -1
6 5 0.70317 0.942226 1.73391 1.72479 1.69438 1.68342 1.6995 1.7637 1.57955 -1
6 6 0.228133 0.55831 1.31781 0.850956 1.23266 0.924579 1.3717 1.3592 1.27528 1.03429
6 7 0.0414002 0.281705 0.324699 0.34001 0.334025 0.536547 0.501274 0.922691 0.990089 0.858881
6 8 0.000997202 0.171928 0.266263 0.239455 0.314057 0.344122 0.397615 0.385728 0.580805 0.63276
6 9 -1 0.00971094 0.0202736 0.0273501 0.0565866 0.0373753 0.162214 0.147649 0.148148 0.288038
7 0 3.38246 3.72007 3.65407 2.59424 -1 -1 -1 -1 -1 -1
7 1 2.73312 2.81649 2.82405 2.62608 -1 -1 -1 -1 -1 -1
7 2 1.56756 2.41935 2.53845 2.41133 2.25932 -1 -1 -1 -1 -1
7 3 1.32427 2.19615 2.21601 2.08374 2.1486 2.14306 1.81831 -1 -1 -1
7 4 1.22368 1.88415 1.9296 1.77049 1.89073 1.96165 1.88561 1.63521 -1 -1
7 5 0.929864 1.61058 1.64193 1.55806 1.65856 1.69387 1.62601 1.56913 -1 -1
7 6 0.678227 1.27723 1.34076 1.3507 1.33179 1.38099 1.37218 1.35231 1.27372 -1
7 7 0.126153 0.666061 0.908 0.516577 0.863679 0.935505 0.914673 1.00782 1.00094 0.784116
7 8 0.113962 0.276114 0.255678 0.557197 0.442972 0.287071 0.47798 0.322743 0.594197 0.583416
7 9 0.0291234 0.0184868 0.0283945 0.0472754 0.0456262 0.0389325 0.167899 0.116399 0.160538 0.268809
8 0 3.71878 3.71846 -1 -1 -1 -1 -1 -1 -1 -1
8 1 2.52421 2.30601 0.922358 -1 -1 -1 -1 -1 -1 -1
8 2 1.71599 2.29971 2.05346 1.36165 -1 -1 -1 -1 -1 -1
8 3 1.81293 2.08806 1.99197 2.08727 1.99898 1.8673 -1 -1 -1 -1
8 4 1.6474 1.84455 1.69288 1.79984 1.81948 1.77158 1.54239 -1 -1 -1
8 5 1.48745 1.49703 1.44658 1.479 1.50713 1.52506 1.46218 1.30251 -1 -1
8 6 1.18189 1.25977 1.25546 1.19663 1.25911 1.25411 1.27289 1.23474 1.00478 -1
8 7 0.865628 0.9322 0.931323 0.954977 0.949867 0.963344 0.964152 1.00676 0.917931 -1
8 8 0.54184 0.56686 0.557388 0.614118 0.642577 0.65437 0.606307 0.622257 0.645199 0.582185
8 9 0.0281872 0.0335097 0.0791539 0.130601 0.085017 0.0966565 0.0770362 0.0992094 0.135358 0.27718
9 0 2.10196 -1 -1 -1 -1 -1 -1 -1 -1 -1
9 1 1.90748 0.0101109 -1 -1 -1 -1 -1 -1 -1 -1
9 2 1.05712 0.0158499 0.0115326 -1 -1 -1 -1 -1 -1 -1
9 3 0.381545 0.0131583 0.0129562 0.00628135 -1 -1 -1 -1 -1 -1
9 4 1.05059 0.0151401 0.0135046 0.0351348 0.011927 0.0903958 -1 -1 -1 -1
9 5 1.00983 0.0581693 0.17342 0.621864 0.65642 0.0877607 -0.000876317 -1 -1 -1
9 6 1.08939 0.884363 1.00647 0.919467 0.956638 0.889165 0.947806 0.909852 -1 -1
9 7 0.853849 0.849782 0.775314 0.8412 0.879624 0.861635 0.855532 0.800587 -1 -1
9 8 0.548973 0.549416 0.55612 0.548539 0.606592 0.561967 0.587053 0.583282 0.535972 0.365729
9 9 0.261491 0.205602 0.248774 0.276998 0.293299 0.277332 0.28491 0.289714 0.307656 0.259712

20000 817 3.79125 0 0 8 -1 0 0 0
0 0 0.498627 0.879695 1.40958 1.74831 2.19738 2.39728 3.02431 3.47727 3.79125 3.59241
0 1 0.0301851 0.520384 0.854536 1.12295 1.59825 1.47348 1.84676 2.50272 2.95456 2.7222
0 2 0.000877682 0.0268506 0.405479 0.85661 0.977842 1.44009 1.73661 1.94382 2.65614 1.02629
0 3 -1 0.000784281 0.00861217 0.381095 0.908929 1.00893 0.9725 1.30919 2.07606 2.06018
0 4 -1 0.000692357 0.00133411 0.0159494 0.289543 0.604182 1.03712 1.37272 1.83641 1.83883
0 5 -1 0.000441919 0.0019567 0.00500791 0.00862423 0.295735 0.626506 0.866522 1.60811 1.18088
0 6 -1 0.000121445 0.00255295 0.00440617 0.00501674 0.056677 0.144166 0.567273 1.24478 1.03612
0 7 -1 -7.92908e-05 0.000567783 0.000670545 0.00117708 0.00152199 0.00861965 0.20632 0.641249 0.915087
0 8 -1 -1 -1 -1 0.000348724 0.000512774 0.0659747 0.400432 0.225715 0.502632
0 9 -1 -1 -1 -1 -1 -1 0.0288612 0.0470478 0.0660095 0.235174
1 0 0.793088 1.24162 1.55011 2.1083 2.49482 2.72446 3.24056 3.78875 3.78344 -1
1 1 0.393873 0.76358 1.35502 1.59045 2.01433 2.13625 2.64646 3.05349 3.0414 0.0129721
1 2 0.143124 0.12727 0.667462 1.22227 1.62795 1.90575 2.04021 2.74575 2.46036 0.0147889
1 3 0.000347948 0.0181121 0.121599 0.573542 1.12426 1.50543 1.87456 2.33035 2.40073 0.135252
1 4 -0.000515468 0.00110211 0.00878168 0.164195 0.788377 0.893672 1.3218 2.03724 2.021 0.152244
1 5 0.00831263 0.000939138 0.00205686 0.00470479 0.189451 0.374906 0.875489 1.19453 1.68134 0.434804
1 6 -0.000962982 0.000911143 0.0028022 0.132251 0.0940079 0.179941 0.602432 1.09224 1.28944 1.11395
1 7 -1 -1 0.00188773 0.000626945 0.00863469 0.151634 0.209269 0.300453 0.931151 0.987281
1 8 -1 -1 -1 6.66396e-05 0.077043 0.00597378 0.134501 0.153297 0.544609 0.608442
1 9 -1 -1 -1 -1 0.0379763 0.0471665 0.0857916 0.0284106 0.068801 0.245242
2 0 1.24852 1.51107 1.77332 2.46803 2.68412 3.23101 3.75175 3.75543 -1 -1
2 1 0.699156 1.0232 1.5877 1.94002 2.31565 2.86929 3.31141 3.21322 0.067537 -1
2 2 0.479374 0.794774 1.08904 1.70518 1.97602 2.26712 2.73429 2.7238 2.34708 0.000490518
2 3 0.0332665 0.0543217 0.273908 0.819349 1.64912 1.87532 2.3565 2.40124 2.17572 0.124704
2 4 0.00033857 0.0930965 0.0219424 0.495866 0.859232 1.39991 2.04316 2.0437 2.03752 0.0966368
2 5 6.91647e-05 0.00183189 0.189634 0.571292 0.516567 0.554552 1.51749 1.64315 1.6149 0.47628
2 6 0.000550526 0.00129916 0.16856 0.424795 0.325978 0.288186 0.620349 1.31803 1.33229 1.34386
2 7 -1 0.00106486 0.00098503 0.323856 0.486056 0.645736 0.745304 0.555277 0.909031 0.98719
2 8 -1 -1 -1 0.00132056 0.0647901 0.086593 0.155683 0.477289 0.582761 0.585704
2 9 -1 -1 -1 0.104203 0.085296 0.0373452 0.0468057 0.174885 0.088532 0.265717
3 0 1.46536 1.87924 2.25243 2.88429 3.00357 3.69443 3.71391 -1 -1 -1
3 1 0.877706 1.25396 1.80313 2.39072 2.65461 3.2162 3.20051 3.15259 -1 -1
3 2 0.702231 1.01551 1.30052 1.76787 2.21479 2.90268 2.91991 2.68982 2.50286 -1
3 3 0.377739 0.794414 0.910009 0.935225 1.61401 2.32097 2.4677 2.47844 2.25459 0.0143232
3 4 0.0407886 0.447773 0.622992 0.792248 1.36275 1.98026 2.10251 2.03132 1.85881 0.0539685
3 5 0.000963834 0.0646736 0.0245491 0.504955 0.938911 0.650276 1.43062 1.5411 1.74707 0.149867
3 6 0.000167994 0.00158328 0.142134 0.397494 0.460063 0.659529 0.964243 1.23176 1.37398 1.04016
3 7 -6.37174e-05 0.00133852 0.0607959 0.106359 0.120787 0.341709 0.746688 0.80653 1.00979 0.917944
3 8 -1 0.0176816 0.00870553 0.161575 0.0777831 0.200283 0.298763 0.503045 0.627697 0.637026
3 9 -1 -1 -1 0.0862516 0.152591 0.152013 0.142826 0.12974 0.166357 0.276582
4 0 1.83267 2.27452 2.71354 3.07853 3.68321 3.66197 2.95529 -1 -1 -1
4 1 1.34009 1.70665 1.94273 2.73965 3.091 3.20613 3.07792 2.81264 -1 -1
4 2 1.0115 1.32525 1.65352 2.0887 2.79746 2.86656 2.85683 2.70983 -1 -1
4 3 0.718836 1.09389 1.42679 1.8215 2.51817 2.44128 2.4762 2.35838 1.74467 -1
4 4 0.508293 0.586009 1.12767 1.29283 1.40549 1.63134 2.03961 2.04449 1.90977 0.0435596
4 5 0.0271518 0.0669412 0.566328 1.12773 1.55824 1.351 1.59076 1.63435 1.66244 0.172455
4 6 0.000553896 0.00579101 0.56733 0.467245 0.721077 1.09673 1.09941 1.34702 1.28951 1.09827
4 7 -0.00022376 0.0179629 0.218098 0.239845 0.428988 0.693961 0.651545 0.795032 0.953944 0.944602
4 8 -0.000944102 0.0278045 0.285988 0.208066 0.170793 0.475099 0.471449 0.416103 0.638932 0.61622
4 9 -1 -1 0.0183162 0.0947091 0.0756453 0.114424 0.16353 0.217199 0.178861 0.281018
5 0 2.1655 2.71607 3.42905 3.67411 3.65317 3.15026 -1 -1 -1 -1
5 1 1.27802 2.0184 2.4361 3.19244 3.18176 3.10663 2.75996 -1 -1 -1
5 2 1.15527 1.80558 1.90275 2.74641 2.78945 2.84199 2.66736 -1 -1 -1
5 3 0.928697 1.26415 1.71255 2.44518 2.45973 2.45292 2.46976 2.43073 -1 -1
5 4 0.666527 1.2016 1.3545 2.05888 2.12692 2.14726 2.14692 2.22587 2.13407 -1
5 5 0.258805 0.820536 0.965626 1.06334 1.1025 1.33358 1.49257 1.84016 1.82659 0.0332891
5 6 0.131992 0.485887 0.640233 0.802738 1.11942 1.1136 1.31924 1.29484 1.31988 0.269156
5 7 0.00782927 0.380964 0.218448 0.41884 0.570937 0.756858 0.8212 0.732685 0.980581 0.954054
5 8 0.0338671 0.190602 0.181099 0.377165 0.350856 0.349793 0.420629 0.492268 0.560126 0.637147
5 9 -1 0.142879 0.0282981 0.0542833 0.0468699 0.0553912 0.190699 0.145096 0.141739 0.27865
6 0 2.46208 3.44676 3.7083 3.70276 2.76406 -1 -1 -1 -1 -1
6 1 1.44175 2.16151 2.88226 3.21746 2.96332 2.54027 -1 -1 -1 -1
6 2 1.33343 1.91957 2.56166 2.72348 2.64455 2.59116 2.39774 -1 -1 -1
6 3 1.19895 1.72213 2.29056 2.38521 2.31876 2.37766 2.32456 0.892267 -1 -1
6 4 1.00521 1.31732 1.9818 2.07696 2.05568 2.07645 2.10261 1.9109 -1 -1
6 5 0.873756 1.19025 1.73391 1.73506 1.69807 1.68342 1.6995 1.7637 1.57955 -1
6 6 0.228133 0.55831 1.31781 1.10536 1.23266 1.03165 1.3717 1.3592 1.28119 1.03429
6 7 0.0414002 0.42513 0.334987 0.547951 0.702351 0.584014 0.586434 0.941489 0.990089 0.911126
6 8 0.000997202 0.171928 0.266263 0.260289 0.500838 0.516361 0.489812 0.385728 0.580805 0.641049
6 9 0.0086805 0.0566819 0.0280825 0.101645 0.12077 0.0935274 0.162214 0.194364 0.148148 0.288038
7 0 3.61438 3.72297 3.68255 2.64271 -1 -1 -1 -1 -1 -1
7 1 2.81528 2.81649 2.82405 2.62608 -1 -1 -1 -1 -1 -1
7 2 1.56756 2.422 2.53845 2.44638 2.47755 -1 -1 -1 -1 -1
7 3 1.32427 2.19615 2.21601 2.18999 2.1486 2.14306 1.81831 -1 -1 -1
7 4 1.22368 1.88415 1.9296 1.7763 1.98402 1.96165 1.88561 1.63521 -1 -1
7 5 0.929864 1.61058 1.64759 1.61729 1.70865 1.69387 1.65543 1.5785 -1 -1
7 6 0.678227 1.27723 1.36379 1.3507 1.33179 1.38099 1.37218 1.35709 1.27372 -1
7 7 0.173245 0.914759 0.908 1.02057 1.00642 0.941463 0.914673 1.0268 1.00094 0.805719
7 8 0.113962 0.276114 0.255678 0.557197 0.442972 0.388173 0.47798 0.39022 0.594197 0.616948
7 9 0.0291234 0.0184868 0.180937 0.114635 0.151036 0.181628 0.213281 0.21252 0.199188 0.273734
8 0 3.7376 3.72344 -1 -1 -1 -1 -1 -1 -1 -1
8 1 2.77973 2.30601 0.922358 -1 -1 -1 -1 -1 -1 -1
8 2 1.71599 2.29971 2.05346 1.36707 -1 -1 -1 -1 -1 -1
8 3 1.95196 2.08806 1.99197 2.08727 1.99898 1.8673 -1 -1 -1 -1
8 4 1.6474 1.84455 1.72803 1.8645 1.81948 1.77158 1.54239 -1 -1 -1
8 5 1.48745 1.49703 1.44658 1.479 1.50713 1.52506 1.48398 1.30251 -1 -1
8 6 1.18189 1.25977 1.25546 1.19663 1.25911 1.25924 1.27289 1.23474 1.00478 -1
8 7 0.910322 0.9322 0.931323 0.954977 0.949867 0.963344 0.980167 1.00676 0.917931 -1
8 8 0.570494 0.59065 0.557388 0.614118 0.651651 0.65437 0.656494 0.622257 0.659463 0.582185
8 9 0.0281872 0.109876 0.149303 0.130601 0.137425 0.152712 0.103009 0.1816 0.190881 0.27718
9 0 2.10196 -1 -1 -1 -1 -1 -1 -1 -1 -1
9 1 1.98926 0.0101109 -1 -1 -1 -1 -1 -1 -1 -1
9 2 1.05712 0.0158499 0.0115326 -1 -1 -1 -1 -1 -1 -1
9 3 0.603019 0.0131583 0.0129562 0.00749536 -1 -1 -1 -1 -1 -1
9 4 1.05059 0.0151401 0.0428238 0.0351348 0.011927 0.0903958 -1 -1 -1 -1
9 5 1.03671 0.0581693 0.179343 0.621864 0.65642 0.0877607 -0.000876317 -1 -1 -1
9 6 1.08939 0.957659 1.00647 0.919467 0.956638 0.889165 0.947806 0.909852 -1 -1
9 7 0.853849 0.849782 0.825438 0.8412 0.879624 0.861635 0.855532 0.800587 0.603554 -1
9 8 0.548973 0.549416 0.55612 0.578023 0.606592 0.583305 0.587053 0.583282 0.554651 0.365729
9 9 0.261491 0.205602 0.248774 0.276998 0.293299 0.277332 0.28491 0.299732 0.307656 0.259712

