0 22 0.0245853 4 8 5 -1 0 0 0
0 0 -1 -1 -1 -1 -1 -1 -1 -1 -1 -1
0 1 -1 -1 -1 -1 -1 -1 -1 -1 -1 -1
0 2 -1 -1 -1 -1 -1 -1 -1 -1 -1 -1
0 3 -1 -1 -1 -1 -1 -1 -1 -1 -1 -1
0 4 -1 -1 -1 -1 -1 -1 -1 -1 -1 -1
0 5 -1 -1 -1 -1 -1 -1 -1 -1 -1 0.00815916
0 6 -1 -1 -1 -1 -1 -1 -1 -1 -1 -1
0 7 -1 -1 -1 -1 -1 -1 -1 -1 -1 -1
0 8 -1 -1 -1 -1 -1 -1 -1 -1 -1 0.010031
0 9 -1 -1 -1 -1 -1 -1 -1 -1 -1 -1
1 0 -1 -1 -1 -1 -1 -1 -1 -1 -1 -1
1 1 -1 -1 -1 -1 -1 -1 -1 -1 -1 -1
1 2 -1 -1 -1 -1 -1 -1 -1 -1 -1 -1
1 3 -1 -1 -1 -1 -1 -1 -1 -1 -1 -1
1 4 -1 -1 -1 -1 -1 -1 -1 -1 -1 -1
1 5 -1 -1 -1 -1 -1 -1 -1 -1 -1 -1
1 6 -1 -1 -1 -1 -1 -1 -1 -1 -1 -1
1 7 -1 -1 -1 -1 -1 -1 -1 -1 0.00763311 -1
1 8 -1 -1 -1 -1 -1 -1 -1 -1 -1 -1
1 9 -1 -1 -1 -1 -1 -1 -1 -1 -1 -1
2 0 -1 -1 -1 -1 -1 -1 -1 -1 -1 -1
2 1 -1 -1 -1 -1 -1 -1 -1 -1 -1 -1
2 2 -1 -1 -1 -1 -1 -1 -1 -1 -1 -1
2 3 -1 -1 -1 -1 -1 -1 -1 -1 -1 -1
2 4 -1 -1 -1 -1 -5.41124e-05 -0.00020877 -1 -1 -1 -1
2 5 -1 -1 -1 -1 -1 -1 -1 -1 -1 -1
2 6 -1 -1 -1 -1 -1 -1 -1 -1 -1 -1
2 7 -1 -1 -1 -1 -1 -1 -1 -1 -1 -1
2 8 -1 -1 -1 -1 -1 -1 -1 -1 -1 -1
2 9 -1 -1 -1 -1 -1 -1 -1 -1 -1 -1
3 0 -1 -1 -1 -1 -1 -1 -1 -1 -1 -1
3 1 -1 -1 -1 -1 -1 -1 -1 -1 -1 -1
3 2 -1 -1 -1 -1 -1 -1 -1 -1 -1 -1
3 3 -1 -1 -1 -1 0.000530256 -1 -1 -1 -1 -1
3 4 -1 -1 -1 -1 -1 -1 -1 -1 -1 -1
3 5 -1 -1 -1 -1 -1 -1 -1 -1 -1 -1
3 6 -1 -1 -1 -1 -1 -1 -1 -1 -1 -1
3 7 -1 -1 -1 -1 -1 -1 -1 -1 -1 -1
3 8 -1 -1 -1 -1 -1 -1 0.0214048 -1 -1 -1
3 9 -1 -1 -1 -1 -1 -1 -1 -1 -1 -1
4 0 -1 -1 -1 -1 -1 -1 -1 -1 -1 -1
4 1 -1 -1 -1 -1 -1 -1 -1 -1 -1 -1
4 2 -1 -1 -1 -1 -1 -1 -1 -1 -1 -1
4 3 -1 -1 -1 -1 -1 -1 -1 -1 -1 -1
4 4 -1 -1 -1 -0.000891475 -0.000197588 -1 -1 -1 -1 -1
4 5 -1 -1 -1 -1 0.000829804 -1 -1 -1 -1 -1
4 6 -1 -1 -1 -1 -1 -1 -1 -1 -1 -1
4 7 -1 -1 -1 -1 -1 -1 -1 -1 -1 -1
4 8 -1 -1 -1 -1 -1 0.0245853 -1 -1 -1 -1
4 9 -1 -1 -1 -1 -1 -1 -1 -1 -1 -1
5 0 -1 -1 -1 -1 -1 -1 -1 -1 -1 -1
5 1 -1 -1 -1 -1 -1 -1 -1 -1 -1 -1
5 2 -1 -1 -1 -1 -1 -1 -1 -1 -1 -1
5 3 -1 -1 -1 -1 -1 -1 -1 -1 -1 -1
5 4 -1 -1 -1 -1 -1 -1 -1 -1 -1 -1
5 5 -1 -1 -1 -0.000464275 -1 -1 -1 -1 -1 -1
5 6 -1 -1 -1 -1 -1 0.00285375 -1 -1 -1 -1
5 7 -1 -1 -1 -1 -1 -1 -1 -1 -1 -1
5 8 -1 -1 -1 -1 -1 -1 -1 -1 -1 -1
5 9 -1 -1 -1 -1 -1 -1 -1 -1 -1 0.00467626
6 0 -1 -1 -1 -1 -1 -1 -1 -1 -1 -1
6 1 -1 -1 -1 -1 -1 -1 -1 -1 -1 -1
6 2 -1 -1 -1 -1 -1 -1 -1 -1 -1 -1
6 3 -1 -1 -1 -1 -1 -1 -1 -1 -1 -1
6 4 -1 -1 -1 -1 -1 -1 -1 -1 -1 -1
6 5 -1 -1 -1 0.00151163 -1 -1 -1 -1 -1 -1
6 6 -1 -1 -1 -1 -1 -0.00174922 0.00179757 -1 -1 -1
6 7 -1 -1 -1 -1 -1 -1 -1 -1 -1 -1
6 8 -1 -1 -1 -1 -1 -1 -1 -1 -1 -1
6 9 -1 -1 -1 -1 -1 -1 -1 0.00276294 -1 -1
7 0 -1 -1 -1 -1 -1 -1 -1 -1 -1 -1
7 1 -1 -1 -1 -1 -1 -1 -1 -1 -1 -1
7 2 -1 -1 -1 -1 -1 -1 -1 -1 -1 -1
7 3 -1 -1 -1 -1 -1 -1 -1 -1 -1 -1
7 4 -1 -1 -1 -1 -1 -1 -1 -1 -1 -1
7 5 -1 -1 -1 -1 -1 -1 -1 -1 -1 -1
7 6 -1 -1 -1 -1 -1 -1 -1 -1 -1 -1
7 7 -1 -1 -1 -1 -1 -1 -1 -1 -1 -1
7 8 -1 0.00780587 -1 -1 -1 -1 -1 -1 -1 -1
7 9 -1 -1 -1 -1 -1 -1 -1 -1 -1 -1
8 0 -1 -1 -1 -1 -1 -1 -1 -1 -1 -1
8 1 -1 -1 -1 -1 -1 -1 -1 -1 -1 -1
8 2 -1 -1 -1 -1 -1 -1 -1 -1 -1 -1
8 3 -1 -1 -1 -1 -1 -1 -1 -1 -1 -1
8 4 -1 -1 -1 -1 -1 -1 -1 -1 -1 -1
8 5 -1 -1 -1 -1 -1 -1 -1 -1 -1 -1
8 6 -1 -1 -1 -1 -1 -1 -1 -1 -1 -1
8 7 -1 -1 -1 -1 -1 -1 -1 -1 -1 -1
8 8 -1 -1 -1 -1 -1 -1 -1 -1 -1 -1
8 9 -1 -1 -1 -1 -1 -1 -1 -1 -1 -1
9 0 -1 -1 -1 -1 -1 -1 -1 -1 -1 -1
9 1 -1 -1 -1 -1 -1 -1 -1 -1 -1 -1
9 2 -1 -1 -1 -1 -1 -1 -1 -1 -1 -1
9 3 -1 -1 -1 -1 -1 -1 -1 -1 -1 -1
9 4 -1 -1 -1 -1 -1 -1 -1 -1 -1 -1
9 5 -1 -1 -1 -1 -1 -1 -1 -1 -1 -1
9 6 -1 -1 -1 -1 -1 -1 -1 -1 -1 -1
9 7 0.00234097 -1 -1 -1 -1 -1 -1 -1 -1 -1
9 8 0.00308068 -1 -1 -1 -1 -1 -1 -1 -1 -1
9 9 0.00215323 -1 -1 -1 -1 -1 -1 -1 -1 -1

5000 779 3.74433 6 0 2 -1 0 0 0
0 0 0.330748 0.715769 1.04866 1.37884 1.91893 1.68006 2.05468 3.41457 3.53921 2.84063
0 1 0.00800644 0.37206 0.702291 1.08811 1.28774 1.3547 1.58961 1.77454 2.06333 0.0930835
0 2 0.000649867 0.0201268 0.264307 0.733637 1.02641 1.31071 1.7017 1.46445 1.59332 0.0730326
0 3 -1 0.00090924 0.00186484 0.0315093 0.341643 0.807514 1.31388 1.49171 1.79449 0.124963
0 4 -1 0.000169579 0.00166429 0.00147682 0.190765 0.467786 0.625718 1.06102 1.52221 0.0922547
0 5 -1 0.000338342 0.00164175 0.00163169 0.00106865 0.0182128 0.039879 0.400175 1.36155 0.148932
0 6 -1 -1 0.000602919 0.000492735 0.0012207 0.00780643 0.236383 0.172565 1.08856 0.113602
0 7 -1 -1 -1 -1 -0.00010335 0.00104937 0.000889301 0.0164656 0.506443 0.470146
0 8 -1 -1 -1 -1 -1 0.000614844 0.000618606 0.00113717 0.038127 0.50666
0 9 -1 -1 -1 -1 -1 -1 -1 -1 0.0158653 0.193075
1 0 0.555032 0.933486 1.41809 1.62263 2.0297 2.27655 2.60207 3.64735 2.66249 -1
1 1 0.257503 0.385915 0.757499 1.292 1.83129 2.16301 2.48325 2.76727 0.0127482 0.0159505
1 2 0.0107857 0.0324084 0.20309 0.786103 1.12067 1.54338 1.87613 2.71471 0.0681646 0.00999893
1 3 0.000702451 0.0179508 0.0175205 0.0686869 0.947902 1.01253 1.54696 1.98362 2.14466 0.0363774
1 4 0.000267607 0.000810319 0.00161843 0.00843933 0.0729678 0.226126 1.02861 1.63141 1.70714 0.0143827
1 5 -1 0.000623338 0.00176719 0.00145454 0.016548 0.0514878 0.284879 1.49392 1.4877 0.136941
1 6 -0.000150633 0.00147512 0.00115899 0.0176473 0.00164986 0.0538358 0.0620912 0.442247 1.17835 0.0223558
1 7 -1 -1 0.000767913 0.00103378 0.00108207 0.00257561 0.0190267 0.0910607 0.81041 0.71087
1 8 -1 -1 -1 -1 -1 0.000590377 0.000411115 0.0224311 0.176283 0.325435
1 9 -1 -1 -1 -1 -1 -1 0.0278887 0.0180208 0.0354688 0.240873
2 0 0.86093 1.09282 1.54543 2.32318 2.68523 2.77887 3.64835 3.66888 -1 -1
2 1 0.468943 0.679769 0.986283 1.15638 2.11213 2.35053 2.98609 2.63961 0.32042 -1
2 2 0.169541 0.293023 0.359961 0.56765 1.7737 1.59547 2.75622 2.55937 0.0154711 0.00899778
2 3 0.000420178 0.0181131 0.183347 0.363436 0.818377 1.00126 2.24401 2.20913 1.72462 0.0954811
2 4 -0.00071089 0.000942503 0.0813189 0.017866 0.0369496 1.16332 0.818863 1.94699 1.42506 0.15292
2 5 -1 0.0015169 0.00157642 0.00839451 0.0173078 0.572251 1.38764 1.47189 1.38686 0.0179676
2 6 -1 0.00107783 0.00573638 0.00193638 0.00840166 0.0387248 0.531077 1.22142 1.11974 0.908831
2 7 -1 0.0010203 0.000996005 0.000441332 0.00685561 0.085629 0.041964 0.784099 0.896553 0.934295
2 8 -1 -1 -1 0.000329214 0.00900885 0.00868952 0.0762142 0.174137 0.256675 0.441058
2 9 -1 -1 -1 -1 0.0085473 0.00870459 0.0185369 0.0307014 0.0242801 0.206004
3 0 1.17417 1.62309 1.5099 2.22476 2.78927 3.66567 3.6783 -1 -1 -1
3 1 0.79864 1.14219 1.22302 1.79315 1.97842 3.20154 3.07746 -1 -1 -1
3 2 0.669506 0.845197 1.15657 1.12665 1.56163 2.59253 2.61594 2.65271 0.00160152 -1
3 3 0.547079 0.350242 0.364156 0.620116 1.26019 0.970247 2.38563 2.25764 0.00348 0.00363098
3 4 0.00672104 0.00563896 0.0388469 0.0833122 0.375332 1.85054 1.79059 1.59758 0.0430224 0.00719412
3 5 0.000332657 0.00142624 0.00159416 0.0363654 0.236724 0.102381 1.57711 1.36969 1.41796 0.00735364
3 6 -0.000722195 0.00152354 0.00207707 0.0388712 0.0163594 0.161847 0.271155 1.03768 1.21571 0.0115628
3 7 -1 0.00106733 0.000793978 0.00106394 0.01064 0.547153 0.0761519 0.345571 0.753939 0.946415
3 8 -1 -1 -0.000292879 -0.000535789 0.0181402 0.0298491 0.0328692 0.421025 0.295545 0.477446
3 9 -1 -1 -1 0.00868821 0.00865257 0.0241473 0.0279466 0.044415 0.0257033 0.191814
4 0 1.71452 2.03215 2.16319 2.40266 3.65011 3.6786 -1 -1 -1 -1
4 1 0.719771 1.3897 1.61398 2.22007 3.01876 2.84412 2.68322 -1 -1 -1
4 2 0.93426 1.29968 1.32972 1.71443 1.51209 2.48713 2.62132 2.28653 -1 -1
4 3 0.689914 0.778734 1.03788 0.957862 2.09962 2.13301 1.88088 2.10556 0.0532838 -1
4 4 0.165376 0.315319 0.833719 0.376371 0.732734 1.89201 1.87934 1.8257 0.0390783 0.00212127
4 5 0.000121992 0.0261606 0.0173885 0.0265909 0.111554 0.577749 0.888221 1.3391 1.20542 0.0103271
4 6 0.000156579 0.00205174 0.0621642 0.153576 0.166048 0.0343553 0.311348 1.18597 1.10226 0.00696638
4 7 -0.000104114 0.00109076 0.0177432 0.00862661 0.0316523 0.0364675 0.0267707 0.920555 0.784445 0.799763
4 8 -0.000850721 0.000159175 -1 0.0182378 0.0311208 0.0910633 0.0327387 0.599823 0.514608 0.516722
4 9 -1 -1 -1 0.0279547 0.030673 0.0240963 0.0681891 0.212121 0.0235509 0.179816
5 0 2.04369 2.29643 2.63028 3.70323 3.66753 -1 -1 -1 -1 -1
5 1 1.0654 1.64918 2.2052 3.06758 3.08492 0.000188591 -1 -1 -1 -1
5 2 1.0829 1.33518 1.91862 2.44394 2.80597 2.52464 2.30347 0.000438717 -1 -1
5 3 0.906568 1.22202 1.49667 2.37379 1.27237 2.44857 2.03845 1.92596 -1 -1
5 4 0.653162 1.04163 1.37408 1.08663 1.82045 1.19787 1.62964 1.85893 0.521818 -1
5 5 0.0133826 0.602486 0.149895 0.248972 0.677937 1.15674 1.50013 1.00305 0.0624172 0.00231782
5 6 0.000396455 0.00139893 0.0107574 0.049167 0.0693351 0.369143 1.0933 1.1694 0.974959 0.00714685
5 7 0.00081648 0.00100559 0.0272978 0.0257513 0.0694008 0.0170379 0.809231 0.867634 0.812671 0.0136098
5 8 0.00022531 0.00039017 0.00969828 0.296008 0.225943 0.0247947 0.0232733 0.555613 0.603256 0.497161
5 9 -1 -1 0.0121336 0.0265397 0.143309 0.0325629 0.0271922 0.0209216 0.0594075 0.200895
6 0 2.50739 2.73158 3.74433 3.69005 -1 -1 -1 -1 -1 -1
6 1 1.28275 1.90888 3.01803 3.0743 2.5651 -1 -1 -1 -1 -1
6 2 1.25199 1.5124 2.58451 2.61652 2.67305 2.35647 -1 -1 -1 -1
6 3 1.44544 1.04826 2.32302 2.39083 2.38657 2.2154 1.76662 -1 -1 -1
6 4 0.82306 0.820369 2.05371 1.98982 2.02222 2.07367 1.78287 1.53667 -1 -1
6 5 0.628864 0.318804 0.342392 0.253649 0.801927 1.5023 1.2506 1.56155 0.00409459 -1
6 6 0.0267868 0.361227 0.0822116 0.315698 0.566818 0.883049 0.741805 1.18193 1.20116 0.0121412
6 7 0.00861218 0.00217946 0.765868 0.87764 0.0185906 0.0316788 0.178815 0.584807 0.796034 0.00702975
6 8 7.18504e-06 0.00865142 0.0374773 0.0381848 0.0354072 0.234038 0.196632 0.623239 0.324932 0.377305
6 9 -1 0.0119654 0.0301652 0.028336 0.0314865 0.0250952 0.0159341 0.219953 0.248833 0.224784
7 0 3.43768 3.69445 3.6936 -1 -1 -1 -1 -1 -1 -1
7 1 1.38745 2.899 2.85173 2.49688 -1 -1 -1 -1 -1 -1
7 2 1.30323 2.46277 2.5187 2.49202 2.44162 -1 -1 -1 -1 -1
7 3 0.734518 2.19101 2.29988 2.30213 2.28461 2.23416 -1 -1 -1 -1
7 4 0.903368 1.9413 2.01394 1.95354 1.96559 1.94092 1.73503 -1 -1 -1
7 5 0.778447 1.58145 1.66174 1.38297 1.48001 1.57009 1.60004 1.60281 -1 -1
7 6 0.4367 1.11182 0.804203 0.856368 0.864728 1.18461 1.01259 1.27528 1.10903 -1
7 7 0.0189516 0.191158 0.164226 0.287351 0.598859 0.269537 0.646073 0.640213 0.828065 0.0135561
7 8 0.000733969 0.0617812 0.0448104 0.0498902 0.0424007 0.0215152 0.381856 0.516453 0.351077 0.477997
7 9 0.0105404 0.0168591 0.0918499 0.0297374 0.0299572 0.0226883 0.0351971 0.185529 0.248062 0.214783
8 0 3.69913 3.52247 -1 -1 -1 -1 -1 -1 -1 -1
8 1 0.790922 0.0129279 0.00304331 -1 -1 -1 -1 -1 -1 -1
8 2 0.999672 2.32279 0.00455317 -0.000594975 -1 -1 -1 -1 -1 -1
8 3 1.34172 2.00312 1.94803 0.00262543 0.0077663 -1 -1 -1 -1 -1
8 4 1.60601 1.82716 1.67627 1.85506 1.71433 1.72638 -1 -1 -1 -1
8 5 1.40494 1.55522 1.44753 1.61998 1.50962 1.51671 1.64766 -0.000112864 -1 -1
8 6 1.15475 1.29166 1.2302 1.14814 1.244 1.27132 1.22726 0.995673 1.03248 -1
8 7 0.864738 0.924309 0.945901 0.840866 0.890896 0.928736 0.955929 0.926366 0.85295 -1
8 8 0.0315901 0.250518 0.52085 0.497447 0.585325 0.557917 0.56638 0.361511 0.493009 0.0167756
8 9 0.0268854 0.0299239 0.0249279 0.0237324 0.0273931 0.0408791 0.0243809 0.0307242 0.225732 0.173105
9 0 1.38467 -1 -1 -1 -1 -1 -1 -1 -1 -1
9 1 1.49443 0.00765433 -1 -1 -1 -1 -1 -1 -1 -1
9 2 0.1226 0.0105956 -1 -1 -1 -1 -1 -1 -1 -1
9 3 0.0751045 0.00972792 0.00925913 0.0090735 -1 -1 -1 -1 -1 -1
9 4 0.0901685 0.0455697 0.0323773 0.00586503 0.000394233 -1 -1 -1 -1 -1
9 5 0.39945 0.105007 0.16641 0.130209 -8.26992e-06 0.000887221 -1 -1 -1 -1
9 6 0.931276 0.889996 0.461603 0.668012 0.886523 0.00622555 0.00568378 -1 -1 -1
9 7 0.764007 0.828545 0.743299 0.908497 0.754511 0.671278 0.825436 0.744245 0.000182718 -1
9 8 0.583125 0.477512 0.532855 0.55262 0.590032 0.581123 0.550492 0.606661 0.55787 0.371251
9 9 0.184007 0.227086 0.239909 0.213306 0.225838 0.239854 0.286651 0.257997 0.255157 0.20464

10000 798 3.78534 8 0 1 -1 0 0 0
0 0 0.340695 0.737763 1.17463 1.48111 1.91893 2.21009 2.05468 3.41457 3.72334 2.84063
0 1 0.0147295 0.37206 0.702291 1.08811 1.45478 1.72276 1.82681 1.77454 2.41957 0.10548
0 2 0.000649867 0.0201268 0.345998 0.733637 1.02641 1.47739 1.81971 2.08356 1.74762 0.0971545
0 3 -7.94774e-05 0.00090924 0.00844324 0.0747774 0.746712 1.09092 1.31388 1.69101 2.09101 0.133063
0 4 -1 0.000418247 0.00166429 0.00147682 0.266836 0.467786 0.810308 1.42343 1.59104 0.0922547
0 5 -1 0.000338342 0.00164175 0.00163169 0.00856625 0.134145 0.300048 0.764984 1.46487 0.148932
0 6 -1 0.000255516 0.00122245 0.000492735 0.00135456 0.00780643 0.236383 0.429381 1.21959 0.996264
0 7 -1 -1 -0.000369296 -1 0.000399078 0.00104937 0.000889301 0.133704 0.933779 0.723798
0 8 -1 -1 -1 -1 0.000411389 0.000614844 0.000843301 0.0377618 0.243565 0.50666
0 9 -1 -1 -1 -1 -1 -1 -1 0.00890115 0.0181187 0.193075
1 0 0.679589 0.933486 1.44078 1.95996 2.2207 2.4662 3.15927 3.76317 3.44873 -1
1 1 0.257503 0.495815 0.861921 1.48269 1.83129 2.16301 2.48325 3.17722 0.470693 0.0159505
1 2 0.0107857 0.0733788 0.249436 0.83105 1.47635 1.80436 2.07043 2.73756 2.15906 0.0108283
1 3 0.000702451 0.0179508 0.113474 0.178694 0.947902 1.1362 1.67375 2.28492 2.21062 0.0806389
1 4 0.000267607 0.00102056 0.00225449 0.273638 0.111278 0.891075 1.02861 1.93834 1.87501 0.124153
1 5 -1 0.000918942 0.00176719 0.00163946 0.0369315 0.293831 0.818244 1.49392 1.64485 0.930166
1 6 -0.000150633 0.00147512 0.00173047 0.0176473 0.00164986 0.0538358 0.261134 1.23837 1.26038 0.191833
1 7 -1 -1 0.00113924 0.00103378 0.00816081 0.00858662 0.0380024 0.158327 0.890944 0.71087
1 8 -1 -1 -1 -1 -1 0.0186632 0.00866396 0.066458 0.610871 0.483832
1 9 -1 -1 -1 -1 -1 -1 0.123675 0.0182419 0.0354688 0.240873
2 0 0.880191 1.37328 1.71441 2.32318 2.68523 2.94613 3.70277 3.7431 -1 -1
2 1 0.552253 1.06624 1.04252 1.8041 2.11213 2.53035 3.08828 3.26214 0.32042 -1
2 2 0.200897 0.36508 0.644004 1.04117 1.7737 1.89375 2.75622 2.79879 0.827151 0.078416
2 3 0.0332285 0.0522609 0.183347 0.363436 0.818377 1.17428 2.26257 2.32967 2.13294 0.0954811
2 4 0.000729939 0.000977356 0.105803 0.017866 0.351497 1.16332 1.60057 2.05062 1.86463 0.15292
2 5 -0.00074205 0.00929156 0.00196628 0.0166767 0.151428 0.572251 1.38764 1.65675 1.53386 0.171834
2 6 -1 0.00107783 0.00573638 0.114511 0.0555528 0.190544 0.547376 1.25764 1.19722 0.908831
2 7 -0.000707816 0.0010203 0.00109962 0.00105699 0.0175545 0.305253 0.670319 0.784099 0.925428 0.934295
2 8 -1 -1 -1 0.000329214 0.0379718 0.0955768 0.1237 0.174137 0.46958 0.601319
2 9 -1 -1 -1 -1 0.00887376 0.104596 0.0379431 0.0484092 0.108071 0.211485
3 0 1.19417 1.62309 1.64729 2.22476 2.86216 3.69724 3.70932 0.136258 -1 -1
3 1 0.79864 1.14219 1.38453 2.01264 2.08626 3.24421 3.14178 0.00822273 -1 -1
3 2 0.680772 1.02213 1.15657 1.36449 1.69754 2.59253 2.6854 2.65271 0.00160152 -1
3 3 0.547079 0.501298 0.555421 0.620116 1.26019 1.91285 2.43926 2.25764 0.00679269 0.00937216
3 4 0.00672104 0.011815 0.287573 0.123996 0.375332 1.85054 1.85386 1.7185 1.55595 0.0891105
3 5 0.000332657 0.00191428 0.00766826 0.372596 0.295472 0.328339 1.57711 1.49573 1.48299 0.133959
3 6 -0.000353791 0.00152354 0.0367657 0.0388712 0.151556 0.863367 0.693205 1.2109 1.25546 0.916873
3 7 -0.000846988 0.00106733 0.000793978 0.113973 0.0567436 0.864034 0.499629 0.345571 0.874668 0.946415
3 8 -1 -1 -0.000292879 -0.000485285 0.0948912 0.0661424 0.0608222 0.421025 0.509413 0.545702
3 9 -1 -1 0.00886755 0.0186946 0.00865257 0.171167 0.095494 0.0952825 0.0315528 0.236731
4 0 1.71452 2.03215 2.22941 2.68163 3.66955 3.69942 3.01791 -1 -1 -1
4 1 0.938312 1.56332 1.94747 2.22007 3.1187 3.14037 2.8744 -1 -1 -1
4 2 0.93426 1.32323 1.55427 1.71443 2.67732 2.75523 2.62132 2.28653 -1 -1
4 3 0.689914 0.867662 1.0976 0.957862 2.33621 2.13301 2.34097 2.13462 0.0532838 -1
4 4 0.165376 0.3365 0.833719 0.402688 1.34741 1.95547 1.9935 1.84592 1.70442 0.0097146
4 5 0.000753219 0.0266843 0.10878 0.573492 0.234196 0.577749 1.54352 1.48149 1.59066 0.0157324
4 6 0.000156579 0.0645968 0.0803987 0.153576 0.166048 0.123265 1.16327 1.18597 1.22785 0.361702
4 7 0.00852029 0.00109076 0.0177432 0.0950344 0.713711 0.0431679 0.697136 0.920555 0.877247 0.858164
4 8 -0.000850721 0.000159175 0.00830377 0.0182378 0.191959 0.134211 0.189053 0.599823 0.635942 0.546574
4 9 -1 -1 -1 0.0279547 0.030673 0.0490278 0.0681891 0.212121 0.0476262 0.254772
5 0 2.05692 2.33509 2.63028 3.71908 3.69738 3.10116 -1 -1 -1 -1
5 1 1.0654 1.91061 2.21059 3.06758 3.19844 3.16775 -1 -1 -1 -1
5 2 1.10239 1.48362 1.91862 2.73584 2.85626 2.69971 2.41749 0.000438717 -1 -1
5 3 0.938973 1.22202 1.49667 2.37379 2.22484 2.44857 2.48674 1.92596 -1 -1
5 4 0.698444 1.04163 1.37408 1.08663 1.82045 1.92294 1.72165 2.13782 1.57925 -1
5 5 0.304891 0.602486 0.250834 0.346648 0.687552 1.44576 1.67422 1.60993 1.5247 0.0229626
5 6 0.037512 0.00867818 0.0463195 0.763085 0.555479 0.369143 1.30219 1.28056 1.11813 0.447679
5 7 0.00081648 0.0462857 0.0581388 0.0641189 0.711477 0.736196 0.890565 0.879963 0.890873 0.775673
5 8 0.00022531 0.0086661 0.257676 0.296008 0.275769 0.0661969 0.525142 0.555613 0.603256 0.509384
5 9 -1 -1 0.0121336 0.0265397 0.143309 0.0325629 0.166499 0.219997 0.22392 0.242737
6 0 2.50739 2.73158 3.76063 3.7225 -1 -1 -1 -1 -1 -1
6 1 1.28275 2.08014 3.12864 3.0743 2.81492 2.84461 -1 -1 -1 -1
6 2 1.25199 1.82032 2.58451 2.68649 2.67305 2.73116 2.43366 -1 -1 -1
6 3 1.44544 1.44279 2.32302 2.39083 2.38657 2.31072 1.96064 -1 -1 -1
6 4 0.82306 1.43629 2.05371 2.0235 2.02222 2.07367 2.07605 1.64228 -1 -1
6 5 0.728143 1.11573 1.64779 1.05354 0.899857 1.75746 1.61212 1.58366 1.36415 -1
6 6 0.501154 0.411283 0.253334 1.00939 0.913509 1.18082 1.26663 1.28379 1.22864 0.0134046
6 7 0.00861218 0.113815 0.765868 0.87764 0.0429531 0.462693 0.992789 1.01214 0.878484 0.546516
6 8 0.000384279 0.0104664 0.0374773 0.381114 0.40219 0.450194 0.575577 0.623239 0.584716 0.597312
6 9 0.00881945 0.0140025 0.0301652 0.028336 0.0455799 0.0282384 0.0381903 0.219953 0.249323 0.248687
7 0 3.43768 3.78011 3.7353 -1 -1 -1 -1 -1 -1 -1
7 1 1.71115 2.899 2.90145 2.56982 -1 -1 -1 -1 -1 -1
7 2 1.54799 2.46516 2.5187 2.50031 2.50554 2.28906 -1 -1 -1 -1
7 3 1.49607 2.20036 2.31276 2.30213 2.32757 2.23416 -1 -1 -1 -1
7 4 1.15101 1.9413 2.04753 1.95354 2.03652 2.0308 1.86532 -1 -1 -1
7 5 0.884654 1.5875 1.69154 1.68185 1.66221 1.61989 1.60004 1.60281 -1 -1
7 6 0.563842 1.27347 0.835455 1.04588 0.864728 1.30438 1.31802 1.31827 1.26727 -1
7 7 0.181156 0.32576 0.179498 0.287351 0.598859 0.765725 0.712859 0.917733 0.828065 0.0183371
7 8 0.000744004 0.0617812 0.411412 0.0498902 0.389112 0.20347 0.427117 0.578037 0.45597 0.604787
7 9 0.0138842 0.0469982 0.0918499 0.176416 0.0299572 0.0718905 0.194271 0.185529 0.26273 0.220583
8 0 3.77887 3.78534 -1 -1 -1 -1 -1 -1 -1 -1
8 1 2.65931 1.87589 0.00304331 -1 -1 -1 -1 -1 -1 -1
8 2 1.80953 2.32793 0.019497 0.00868145 -1 -1 -1 -1 -1 -1
8 3 1.67081 2.06208 2.05467 2.10953 1.97873 -1 -1 -1 -1 -1
8 4 1.60601 1.85713 1.67627 1.88799 1.74673 1.76113 -1 -1 -1 -1
8 5 1.43352 1.58156 1.53116 1.61998 1.54624 1.53231 1.64766 1.33349 -1 -1
8 6 1.24195 1.29166 1.2302 1.28614 1.3103 1.29748 1.37091 1.18143 1.03248 -1
8 7 0.86709 0.931872 0.963002 0.943461 0.965534 0.947083 0.977153 0.936454 0.991544 -1
8 8 0.181477 0.621715 0.52085 0.497447 0.585325 0.633286 0.56638 0.60685 0.609303 0.625556
8 9 0.0377302 0.133464 0.19583 0.230164 0.208059 0.193799 0.133839 0.0317061 0.242791 0.19415
9 0 3.70711 -1 -1 -1 -1 -1 -1 -1 -1 -1
9 1 1.51454 0.00765433 -1 -1 -1 -1 -1 -1 -1 -1
9 2 0.144412 0.0105956 0.000474482 -1 -1 -1 -1 -1 -1 -1
9 3 0.0751045 0.00972792 0.0113409 0.0153237 -1 -1 -1 -1 -1 -1
9 4 0.191962 0.0639141 0.0323773 0.00941936 0.00335985 -1 -1 -1 -1 -1
9 5 1.09522 0.105007 0.205551 0.383116 0.891962 0.00503356 -1 -1 -1 -1
9 6 0.96159 0.889996 0.964454 0.871994 0.942914 0.990085 0.0131743 -1 -1 -1
9 7 0.860303 0.842637 0.819144 0.908497 0.845382 0.867377 0.827582 0.744245 0.603137 -1
9 8 0.583125 0.497689 0.568836 0.573922 0.590032 0.623033 0.550492 0.607695 0.586674 0.371251
9 9 0.193976 0.281903 0.239909 0.234908 0.253069 0.268846 0.286651 0.279053 0.284324 0.20464

15000 813 3.78793 7 0 1 -1 0 0 0
0 0 0.422587 0.941083 1.36108 1.59563 1.93309 2.25323 2.69545 3.41457 3.76661 2.84063
0 1 0.0326154 0.37206 0.735027 1.08811 1.45478 1.83348 1.94866 1.77454 2.41957 0.10548
0 2 0.000649867 0.0201268 0.345998 0.733637 1.08378 1.47739 1.82107 2.08356 1.82102 0.134126
0 3 -7.94774e-05 0.00090924 0.00844324 0.258865 0.746712 1.16278 1.4182 1.69101 2.09101 0.133063
0 4 -1 0.000616332 0.00166429 0.00147682 0.266836 0.48144 1.00172 1.42343 1.74727 0.239519
0 5 -1 0.00112278 0.00164175 0.00163169 0.00856625 0.134145 0.307884 0.937535 1.46487 0.172295
0 6 -1 0.000255516 0.00122245 0.00104258 0.00135456 0.00780643 0.236383 0.60866 1.24154 1.02858
0 7 -1 -1 -0.000369296 0.000613977 0.000399078 0.00104937 0.152032 0.133704 0.933779 0.874236
0 8 -1 -1 -1 -1 0.000411389 0.000614844 0.000843301 0.0377618 0.243565 0.518853
0 9 -1 -1 -1 -1 -1 -1 0.00922226 0.00890115 0.0181187 0.257991
1 0 0.679589 1.00318 1.44078 1.95996 2.37458 2.81085 3.15927 3.78146 3.76291 -1
1 1 0.257503 0.495815 0.861921 1.48269 1.83129 2.16301 2.48325 3.17722 3.01229 0.0166278
1 2 0.0296106 0.123253 0.378065 0.833273 1.47635 1.80436 2.09951 2.73756 2.15906 0.0487767
1 3 0.000702451 0.0179508 0.113474 0.251787 0.947902 1.18222 1.71499 2.28492 2.21062 0.12224
1 4 0.000267607 0.0011427 0.00810342 0.273638 0.526133 0.891075 1.17668 2.05133 1.93302 0.164429
1 5 -6.22249e-05 0.000918942 0.00176861 0.00164491 0.161692 0.302903 0.818244 1.52852 1.64485 0.930166
1 6 -0.000150633 0.00147512 0.00173047 0.0176473 0.00856029 0.0538358 0.261134 1.23837 1.27699 0.894719
1 7 -1 0.0010392 0.00113924 0.00103378 0.00816081 0.0378501 0.0954179 0.301698 0.966426 0.862138
1 8 -1 -1 -1 -1 0.0478152 0.0186632 0.095391 0.105351 0.610871 0.557182
1 9 -1 -1 -1 -1 -1 0.0281362 0.123675 0.0190933 0.0910637 0.240873
2 0 0.880191 1.37328 1.71441 2.32318 2.68523 3.03118 3.7737 3.77492 -1 -1
2 1 0.566761 1.06624 1.08224 1.8041 2.11213 2.53035 3.12551 3.26214 0.32042 -1
2 2 0.241922 0.483052 0.644004 1.04117 1.7737 2.03104 2.75622 2.79879 0.827151 0.078416
2 3 0.0332285 0.162135 0.261337 0.363436 1.1991 1.50618 2.39841 2.32967 2.13294 0.0954811
2 4 0.000729939 0.00109951 0.105803 0.0461757 0.351497 1.16332 1.61514 2.05062 1.87613 0.15292
2 5 -0.000271956 0.00929156 0.00196628 0.0166767 0.623469 0.572251 1.44596 1.65675 1.61716 0.171834
2 6 -0.000160383 0.00204072 0.00573638 0.114511 0.0852404 0.190544 0.563826 1.25764 1.29411 0.937862
2 7 -0.000707816 0.0010203 0.00109962 0.00105699 0.0175545 0.305253 0.717854 0.784099 0.965967 0.934295
2 8 -1 -1 -1 0.000329214 0.0379718 0.0955768 0.1237 0.174137 0.47945 0.601319
2 9 -1 -1 -1 -1 0.00899663 0.104596 0.0379431 0.18185 0.163748 0.221953
3 0 1.36188 1.62309 1.80268 2.30645 2.86216 3.69724 3.72122 0.136258 -1 -1
3 1 0.79864 1.41237 1.39731 2.01264 2.08626 3.24421 3.19398 1.68452 -1 -1
3 2 0.680772 1.02213 1.15657 1.36449 1.92257 2.59253 2.77864 2.70431 0.0131884 -1
3 3 0.547079 0.501298 0.557424 0.700178 1.26019 2.0844 2.43926 2.25764 0.0128535 0.0623174
3 4 0.00814865 0.0271124 0.287573 0.213756 0.555763 1.85054 1.85386 2.00478 1.6778 0.0891105
3 5 0.000332657 0.00191428 0.0372674 0.372596 0.490256 0.583379 1.57711 1.57249 1.56045 0.135517
3 6 0.000532906 0.055893 0.0367657 0.0822643 0.151556 0.863367 0.693205 1.21501 1.27254 0.916873
3 7 0.000156078 0.00106733 0.0174929 0.114729 0.0567436 0.864034 0.499629 0.851816 0.924693 0.946415
3 8 -1 -1 0.00833893 0.12366 0.0948912 0.0661424 0.0664347 0.538322 0.576929 0.545702
3 9 -1 -1 0.00886755 0.0186946 0.0373169 0.171167 0.095494 0.0952825 0.223355 0.243805
4 0 1.71452 2.03215 2.30648 2.79805 3.69372 3.69942 3.01791 -1 -1 -1
4 1 0.938312 1.56332 1.94747 2.22007 3.1187 3.14037 2.8744 0.386236 -1 -1
4 2 0.93426 1.32323 1.55427 1.71443 2.77225 2.75523 2.62132 2.28653 -1 -1
4 3 0.689914 1.15463 1.0976 1.31429 2.33621 2.26003 2.34097 2.24172 0.0532838 -1
4 4 0.325356 0.3365 0.833719 0.906106 1.34741 1.95547 2.00299 1.87421 1.70442 0.0097146
4 5 0.000753219 0.0266843 0.10878 1.37903 1.02525 0.579441 1.54352 1.58529 1.59066 0.0233371
4 6 0.000156579 0.0645968 0.0803987 0.292446 0.746016 1.11221 1.17651 1.26743 1.22785 1.03929
4 7 0.00852029 0.0186136 0.0177432 0.0950344 0.713711 0.109623 0.697136 0.951077 0.988132 0.858164
4 8 -0.000830041 0.000159175 0.00830377 0.286379 0.543972 0.26008 0.255391 0.599823 0.635942 0.546574
4 9 -1 0.00921241 0.046993 0.0279547 0.030673 0.0490278 0.169615 0.212121 0.239792 0.254772
5 0 2.05692 2.33509 2.65376 3.7212 3.69937 3.10116 -1 -1 -1 -1
5 1 1.42066 1.91061 2.25542 3.14224 3.19844 3.17469 2.71973 -1 -1 -1
5 2 1.10239 1.52773 1.91862 2.83762 2.86704 2.72335 2.53593 0.000438717 -1 -1
5 3 0.938973 1.24613 1.66209 2.37379 2.33987 2.44857 2.48674 2.04276 -1 -1
5 4 0.711145 1.04163 1.37408 1.08663 1.88721 1.92294 1.90847 2.13782 1.66437 -1
5 5 0.31607 0.602486 0.391152 0.631122 1.25987 1.47313 1.68725 1.71109 1.57958 0.0262665
5 6 0.037512 0.0183912 0.664943 0.809464 0.964483 1.16123 1.30219 1.28056 1.11813 0.447679
5 7 0.00081648 0.0462857 0.219549 0.871231 0.711477 0.86244 0.890565 0.960669 0.951565 0.832362
5 8 0.00022531 0.0568534 0.257676 0.296008 0.275769 0.0661969 0.525142 0.555613 0.603256 0.564766
5 9 -1 0.0664423 0.0121336 0.0721273 0.143309 0.0325629 0.166499 0.219997 0.232821 0.258993
6 0 2.50739 2.74862 3.76063 3.7225 -1 -1 -1 -1 -1 -1
6 1 1.52204 2.17479 3.12864 3.0743 2.92754 2.84461 -1 -1 -1 -1
6 2 1.35546 1.82032 2.67155 2.73905 2.76457 2.73116 2.43366 -1 -1 -1
6 3 1.44544 1.63021 2.32302 2.45734 2.39154 2.45119 2.20031 -1 -1 -1
6 4 0.82306 1.43629 2.05371 2.04771 2.06738 2.08172 2.07605 1.90206 -1 -1
6 5 0.728143 1.11573 1.64779 1.05354 1.63719 1.75746 1.70112 1.58366 1.36415 -1
6 6 0.501154 0.514418 0.471104 1.00939 0.913509 1.18082 1.3442 1.28379 1.22864 0.0134046
6 7 0.00861218 0.113815 0.765868 0.87764 0.742349 0.494061 0.992789 1.01214 0.878484 0.56472
6 8 0.000599077 0.0104664 0.0374773 0.381114 0.47282 0.450194 0.575577 0.623239 0.584716 0.597312
6 9 0.00881945 0.0140025 0.0301652 0.028336 0.0455799 0.176431 0.0800389 0.219953 0.249323 0.258156
7 0 3.43768 3.78793 3.7353 -1 -1 -1 -1 -1 -1 -1
7 1 2.13478 2.899 2.90145 2.7326 2.65926 -1 -1 -1 -1 -1
7 2 1.54799 2.52326 2.61011 2.61543 2.50554 2.2906 -1 -1 -1 -1
7 3 1.49607 2.20036 2.32283 2.30213 2.41618 2.23416 -1 -1 -1 -1
7 4 1.15101 1.95417 2.04753 2.01165 2.06643 2.03583 1.9768 -1 -1 -1
7 5 0.920509 1.66278 1.69154 1.68185 1.7058 1.71965 1.68962 1.60281 -1 -1
7 6 0.56428 1.27347 1.35367 1.04588 1.34131 1.35961 1.36847 1.3512 1.26727 0.000946659
7 7 0.181156 0.376036 0.594456 0.439977 0.636428 0.839024 0.762985 0.949547 0.828065 0.799162
7 8 0.000744004 0.302508 0.564555 0.473121 0.389112 0.460697 0.427117 0.593518 0.45597 0.604787
7 9 0.0138842 0.0469982 0.136494 0.184724 0.109237 0.15885 0.233401 0.185529 0.278359 0.28047
8 0 3.77887 3.78534 -1 -1 -1 -1 -1 -1 -1 -1
8 1 2.65931 2.08607 0.00304331 -1 -1 -1 -1 -1 -1 -1
8 2 1.80953 2.32793 0.019497 0.00868145 -1 -1 -1 -1 -1 -1
8 3 1.87649 2.23899 2.05467 2.10953 1.97873 -1 -1 -1 -1 -1
8 4 1.7382 1.85713 1.84479 1.88799 1.80659 1.76113 -1 -1 -1 -1
8 5 1.45478 1.58156 1.53116 1.61998 1.62 1.61102 1.64766 1.33349 -1 -1
8 6 1.24195 1.29166 1.25904 1.28614 1.3103 1.31525 1.37091 1.32519 1.06831 -1
8 7 0.883409 0.971249 0.963002 0.943461 0.965534 0.959942 0.982122 0.980822 0.991544 -0.000108979
8 8 0.505033 0.621715 0.52085 0.555806 0.585325 0.633286 0.61808 0.661857 0.636564 0.625556
8 9 0.0857283 0.133464 0.19583 0.230164 0.208059 0.193799 0.190069 0.248402 0.242791 0.210624
9 0 3.70914 -1 -1 -1 -1 -1 -1 -1 -1 -1
9 1 1.51454 0.00765433 -1 -1 -1 -1 -1 -1 -1 -1
9 2 0.144412 0.0105956 0.0101035 -1 -1 -1 -1 -1 -1 -1
9 3 0.728775 0.00972792 0.0113409 0.0153237 -1 -1 -1 -1 -1 -1
9 4 0.191962 0.175465 0.130463 0.0134509 0.00721911 -1 -1 -1 -1 -1
9 5 1.09522 0.536996 0.29784 0.383116 0.891962 0.018277 -1 -1 -1 -1
9 6 0.96159 1.01231 0.964454 1.02537 0.942914 0.990085 0.890254 -1 -1 -1
9 7 0.860303 0.842637 0.824231 0.908497 0.845382 0.867377 0.835702 0.752737 0.603137 -1
9 8 0.583125 0.570502 0.568836 0.573922 0.61783 0.623033 0.622773 0.607695 0.586674 0.371251
9 9 0.193976 0.281903 0.243523 0.26312 0.265603 0.268846 0.291043 0.279053 0.284324 0.20464

20000 818 3.78839 8 0 1 -1 0 0 0
0 0 0.422587 0.941083 1.36108 1.59563 1.93309 2.34095 2.69545 3.52907 3.77019 3.65305
0 1 0.0326154 0.37206 0.735027 1.08811 1.45478 1.83348 1.94866 2.08827 2.41957 0.10548
0 2 0.000718704 0.132918 0.345998 0.81244 1.11953 1.54225 1.82107 2.08356 2.14686 0.135286
0 3 -7.94774e-05 0.00124104 0.00844324 0.301757 0.800135 1.16278 1.4182 1.69101 2.09101 0.133063
0 4 -1 0.000616332 0.00166429 0.0072402 0.266836 0.599 1.00172 1.42343 1.74727 0.239519
0 5 -1 0.00112278 0.00164175 0.00163169 0.00856625 0.134145 0.692918 0.937535 1.46487 1.05986
0 6 -1 0.00031908 0.00122245 0.00104258 0.00135456 0.00780643 0.236383 0.60866 1.24154 1.02858
0 7 -1 -1 -0.000369296 0.000613977 0.00121263 0.00764817 0.152032 0.133704 0.933779 0.874236
0 8 -1 -1 -1 -1 0.000411389 0.0079735 0.00966315 0.114287 0.243565 0.518853
0 9 -1 -1 -1 -1 -1 -1 0.00922226 0.00890115 0.02763 0.257991
1 0 0.835832 1.07948 1.44078 1.95996 2.37458 2.81085 3.15927 3.78238 3.78419 -1
1 1 0.478224 0.495815 1.03493 1.48269 1.83129 2.38917 2.58989 3.17722 3.01229 0.0243399
1 2 0.0296106 0.123253 0.378065 0.833273 1.52572 1.80436 2.1681 2.73927 2.48825 0.0837477
1 3 0.000702451 0.0179508 0.113474 0.251787 0.947902 1.39582 1.71499 2.35027 2.4617 0.12224
1 4 0.000267607 0.0011427 0.00810342 0.273638 0.526133 0.891075 1.24587 2.05133 1.9853 0.193618
1 5 -6.22249e-05 0.000918942 0.0310945 0.00164491 0.239965 0.302903 0.818244 1.61725 1.64485 0.930166
1 6 -0.000150633 0.00147512 0.00173047 0.0176473 0.0269041 0.123655 0.342457 1.23837 1.27699 0.894719
1 7 -1 0.0010392 0.00113924 0.00103378 0.0278798 0.0378501 0.25817 0.301698 0.966426 0.862138
1 8 -1 -1 -1 0.0950468 0.0478152 0.066662 0.095391 0.105351 0.610999 0.61002
1 9 -1 -1 -1 -1 -1 0.0281362 0.123675 0.0253267 0.0910637 0.240873
2 0 0.880191 1.59007 1.71441 2.32318 2.76192 3.07246 3.7737 3.77492 -1 -1
2 1 0.566761 1.06624 1.08224 1.82236 2.11213 2.53035 3.12551 3.26214 0.32042 -1
2 2 0.545295 0.483052 0.644004 1.04117 1.7737 2.03104 2.75622 2.79879 0.827151 0.078416
2 3 0.0568669 0.162135 0.261337 0.612482 1.1991 1.50618 2.44308 2.48656 2.13294 0.0954811
2 4 0.000729939 0.00109951 0.105803 0.343388 0.351497 1.16332 1.90883 2.05062 1.87613 0.1579
2 5 -0.000143766 0.00929156 0.00196628 0.046047 0.623469 0.572251 1.44596 1.68115 1.61716 0.171834
2 6 -0.000160383 0.00204072 0.00573638 0.114511 0.151649 0.267486 0.563826 1.25764 1.29411 0.937862
2 7 -0.000287132 0.0010203 0.00109962 0.00913216 0.046699 0.334595 0.717854 0.784099 0.965967 0.934295
2 8 -1 -1 -1 0.037828 0.095572 0.0955768 0.518244 0.457433 0.510642 0.601319
2 9 -1 -1 -1 0.0282502 0.00924394 0.104596 0.0379431 0.18185 0.163748 0.256106
3 0 1.36188 1.65796 1.89098 2.62252 2.86216 3.7196 3.72122 0.136258 -1 -1
3 1 0.79864 1.41237 1.41405 2.01264 2.6729 3.24421 3.21246 1.68452 -1 -1
3 2 0.680772 1.02213 1.15657 1.36449 1.92257 2.59253 2.81208 2.70431 0.0131884 -1
3 3 0.547079 0.501298 0.557424 0.796236 1.26019 2.0844 2.43926 2.48388 0.157391 0.0623174
3 4 0.00814865 0.0271124 0.287573 0.713546 0.555763 1.93965 1.85386 2.00478 1.75984 0.0891105
3 5 0.000332657 0.00191428 0.247177 0.517842 0.490256 0.583379 1.5828 1.6958 1.64806 0.334656
3 6 0.000575054 0.055893 0.0367657 0.229863 0.151556 1.17912 0.693205 1.26764 1.27254 0.916873
3 7 0.000156078 0.0368989 0.0187683 0.114729 0.0955982 0.864034 0.499629 0.861754 0.924693 0.946415
3 8 -0.000618007 -1 0.00833893 0.12366 0.0948912 0.0661424 0.546759 0.538322 0.576929 0.577303
3 9 -1 -1 0.0185071 0.0186946 0.0373169 0.171167 0.095494 0.134657 0.223355 0.255515
4 0 1.71452 2.03215 2.30648 2.79805 3.70806 3.69942 3.01791 -1 -1 -1
4 1 0.938312 1.56332 1.94747 2.22063 3.1187 3.19652 2.88455 0.386236 -1 -1
4 2 0.93426 1.37252 1.58146 2.05406 2.77225 2.75523 2.63417 2.59859 -1 -1
4 3 0.689914 1.15463 1.0976 1.39269 2.33621 2.26003 2.34097 2.42342 0.0532838 -1
4 4 0.370152 0.412377 0.833719 0.906106 1.34741 1.95547 2.00299 1.87421 1.74337 0.0097146
4 5 0.0085319 0.19942 0.18078 1.37903 1.02525 0.579441 1.54352 1.69455 1.59066 0.0785315
4 6 0.000274507 0.0645968 0.198032 0.292446 1.25444 1.28348 1.17651 1.32446 1.22785 1.03929
4 7 0.00852029 0.0368338 0.0177432 0.0950344 0.713711 0.569567 0.697136 0.951077 0.988132 0.858164
4 8 -0.000830041 0.000159175 0.181335 0.286379 0.543972 0.26008 0.255391 0.599823 0.635942 0.613465
4 9 0.0375147 0.00921241 0.046993 0.0280811 0.030673 0.0490278 0.169615 0.212121 0.239792 0.272531
5 0 2.05692 2.36805 2.65376 3.7212 3.69937 3.10116 -1 -1 -1 -1
5 1 1.53239 1.91061 2.33029 3.14224 3.19844 3.17469 2.77847 -1 -1 -1
5 2 1.10239 1.63302 1.91862 2.83762 2.86704 2.75051 2.86326 2.28033 -1 -1
5 3 0.938973 1.24613 1.66209 2.37379 2.43138 2.44857 2.48674 2.04998 -1 -1
5 4 0.711145 1.04163 1.37408 1.08663 1.88721 1.92294 2.08577 2.13782 1.66437 -1
5 5 0.31607 1.57136 0.391152 1.39548 1.53577 1.47313 1.68725 1.71109 1.57958 0.158506
5 6 0.037512 0.0183912 0.664943 0.890232 1.12703 1.2047 1.30219 1.29545 1.21933 0.958017
5 7 0.00081648 0.0462857 0.305696 0.871231 0.711477 0.86244 0.890565 0.960669 0.951565 0.832362
5 8 0.00022531 0.0568534 0.257676 0.392024 0.406852 0.336606 0.525142 0.601576 0.603256 0.600142
5 9 -1 0.0664423 0.0661508 0.0721273 0.143309 0.0325629 0.166499 0.219997 0.232821 0.258993
6 0 2.50739 2.86381 3.76063 3.74604 -1 -1 -1 -1 -1 -1
6 1 1.52204 2.17479 3.12864 3.0743 2.92754 2.89541 -1 -1 -1 -1
6 2 1.35546 1.90139 2.67155 2.77287 2.78438 2.73116 2.43366 -1 -1 -1
6 3 1.44544 1.63021 2.32302 2.45734 2.44615 2.46388 2.31543 -1 -1 -1
6 4 0.84378 1.43629 2.05371 2.06255 2.06738 2.08172 2.07605 1.91044 -1 -1
6 5 0.728143 1.11573 1.64779 1.05354 1.63719 1.75746 1.70112 1.66073 1.36415 -1
6 6 0.501154 0.514418 0.936739 1.00939 0.913509 1.18082 1.3442 1.28379 1.31047 0.0134046
6 7 0.00861218 0.584486 0.765868 0.87764 0.742349 0.494061 0.992789 1.01214 0.878484 0.802186
6 8 0.018027 0.0104664 0.0374773 0.381114 0.479405 0.450194 0.575577 0.623239 0.607827 0.597312
6 9 0.0279565 0.0757212 0.0301652 0.081396 0.17475 0.179953 0.0800389 0.219953 0.249323 0.267983
7 0 3.43768 3.78793 3.75367 -1 -1 -1 -1 -1 -1 -1
7 1 2.13478 2.899 2.9489 2.9208 2.65926 -1 -1 -1 -1 -1
7 2 1.54799 2.52326 2.61011 2.61543 2.62603 2.2906 -1 -1 -1 -1
7 3 1.49607 2.20036 2.39415 2.34165 2.41618 2.30947 -1 -1 -1 -1
7 4 1.15101 1.95417 2.04753 2.01165 2.06643 2.06743 1.9768 0.956881 -1 -1
7 5 0.920509 1.66278 1.69154 1.68185 1.7058 1.75385 1.7273 1.60281 -1 -1
7 6 0.56428 1.27347 1.35367 1.27627 1.34131 1.35961 1.36847 1.39238 1.26727 0.000946659
7 7 0.181156 0.376036 0.865987 0.479867 0.78728 0.839024 0.988714 0.99722 0.922702 0.799162
7 8 0.286421 0.302508 0.564555 0.473121 0.389112 0.519381 0.555591 0.593518 0.546374 0.604787
7 9 0.106649 0.0563308 0.136494 0.184724 0.177429 0.187202 0.233401 0.26469 0.278359 0.28047
8 0 3.77887 3.78839 -1 -1 -1 -1 -1 -1 -1 -1
8 1 2.65931 2.2452 0.00304331 -1 -1 -1 -1 -1 -1 -1
8 2 1.80953 2.39054 0.019497 0.00868145 -1 -1 -1 -1 -1 -1
8 3 1.87649 2.23899 2.05467 2.11948 1.97873 -1 -1 -1 -1 -1
8 4 1.7382 1.8873 1.88042 1.88799 1.81783 1.76113 -1 -1 -1 -1
8 5 1.45478 1.58156 1.53116 1.61998 1.62 1.61102 1.64766 1.33349 -1 -1
8 6 1.24195 1.30189 1.25904 1.30398 1.31056 1.35449 1.37091 1.32519 1.12629 -1
8 7 0.883409 0.991894 0.963002 0.944138 0.965534 0.985964 1.00793 0.980822 1.01662 0.000465218
8 8 0.505033 0.621715 0.52085 0.604393 0.620516 0.633286 0.644642 0.661857 0.636564 0.625556
8 9 0.193036 0.133464 0.19583 0.230164 0.208059 0.193799 0.215504 0.257173 0.242791 0.277469
9 0 3.70914 -1 -1 -1 -1 -1 -1 -1 -1 -1
9 1 1.51454 0.00862157 -1 -1 -1 -1 -1 -1 -1 -1
9 2 0.169099 0.0114297 0.0101035 -1 -1 -1 -1 -1 -1 -1
9 3 0.728775 0.0133258 0.0113409 0.0153237 -1 -1 -1 -1 -1 -1
9 4 0.850107 0.175465 0.130463 0.0156559 0.00721911 -1 -1 -1 -1 -1
9 5 1.09522 0.536996 0.306928 0.450812 0.891962 0.018277 -1 -1 -1 -1
9 6 1.04683 1.01231 0.964454 1.02537 0.987808 0.990085 0.916705 -1 -1 -1
9 7 0.860303 0.855716 0.850081 0.908497 0.870989 0.924605 0.923172 0.752737 0.603137 -1
9 8 0.583125 0.597522 0.568932 0.597963 0.61783 0.623033 0.622773 0.607695 0.586674 0.371251
9 9 0.231321 0.281903 0.255046 0.26312 0.273835 0.287707 0.291043 0.279053 0.284324 0.20464

