0 20 0.0185462 6 7 3 -1 0 0 0
0 0 -1 -1 -1 -1 -1 -1 -1 -1 -1 -1
0 1 -1 -1 -1 -1 -1 -1 -1 -1 -1 -1
0 2 -1 -1 -1 -1 -1 -1 -1 -1 -1 -1
0 3 -1 -1 -1 -1 -1 -1 -1 -1 -1 -1
0 4 -1 -1 -1 -1 -1 -1 -1 -1 -1 -1
0 5 -1 -1 -1 -1 -1 -1 -1 -1 -1 -1
0 6 -1 -1 -1 -1 -1 -1 -1 -1 -1 -1
0 7 -1 -1 -1 -1 -1 -1 -1 -1 -1 -1
0 8 -1 -1 -1 -1 -1 -1 -1 -1 -1 -1
0 9 -1 -1 -1 -1 -1 -1 -1 -1 -1 -1
1 0 -1 -1 -1 -1 -1 -1 -1 -1 -1 -1
1 1 -1 -1 -1 -1 -1 -1 -1 -1 -1 -1
1 2 -1 -1 -1 -1 -1 -1 -1 -1 -1 -1
1 3 -1 -1 -1 -1 0.000775409 -1 -1 -1 -1 -1
1 4 -1 -1 -1 -1 -1 -1 -4.00078e-05 -1 -1 -1
1 5 -1 -1 -1 -1 -1 -1 -1 -1 -1 -1
1 6 -1 -1 -1 -1 -1 -1 -1 -1 -1 -1
1 7 -1 -1 -1 -1 -1 -1 -1 -1 -1 -1
1 8 -1 -1 -1 -1 -1 -1 -1 -1 -1 -1
1 9 -1 -1 -1 -1 -1 -1 -1 -1 -1 -1
2 0 -1 -1 -1 -1 -1 -1 -1 -1 -1 -1
2 1 -1 -1 -1 -1 -1 -1 -1 -1 -1 -1
2 2 -1 -1 -1 -1 -1 -1 -1 -1 -1 -1
2 3 -1 -1 -1 -1 -1 -1 -1 -1 -1 -1
2 4 -1 -1 -1 -1 -1 0.000697274 -1 -1 -1 -1
2 5 -1 -1 -1 -1 -1 -1 -1 -1 -1 -1
2 6 -1 -1 -1 -1 -1 -1 -1 -1 -1 -1
2 7 -1 -1 -1 -1 -1 -1 -1 -1 -1 -1
2 8 -1 -1 -1 -1 -1 -1 -1 -1 -1 -1
2 9 -1 -1 -1 -1 -1 -1 -1 -1 -1 -1
3 0 -1 -1 -1 -1 -1 -1 -1 -1 -1 -1
3 1 -1 -1 -1 -1 -1 -1 -1 -1 -1 -1
3 2 -1 -1 -1 -1 -1 -1 -1 -1 -1 -1
3 3 -1 -1 -1 -1 -1 -1 -1 -1 -1 -1
3 4 -1 -1 -1 -1 0.000562972 -1 -1 -1 -1 -1
3 5 -1 -1 -1 -1 -1 0.00056562 -1 -1 -1 -1
3 6 -1 -1 -1 -1 -1 -1 -1 0.0012194 -1 -1
3 7 -1 -1 -1 -1 -1 -1 -1 -1 -1 -1
3 8 -1 -1 -1 -1 -1 -1 -1 -1 -1 0.00573267
3 9 -1 -1 -1 -1 -1 -1 -1 -1 -1 0.0066408
4 0 -1 -1 -1 -1 -1 -1 -1 -1 -1 -1
4 1 -1 -1 -1 -1 -1 -1 -1 -1 -1 -1
4 2 -1 -1 -1 -1 -1 -1 -1 -1 -1 -1
4 3 -1 -1 0.00107843 -1 -1 -1 -1 -1 -1 -1
4 4 -1 -1 -1 -1 -1 -1 -1 -1 -1 -1
4 5 -1 -1 -1 -1 -1 -1 0.00156994 -1 -1 -1
4 6 -1 -1 -1 -1 -1 -1 -1 -1 -1 -1
4 7 -1 -1 -1 -1 -1 -1 -1 -1 -1 -1
4 8 -1 -1 -1 -1 -1 -1 -1 -1 -1 -1
4 9 -1 -1 -1 -1 -1 -1 -1 -1 -1 -1
5 0 -1 -1 -1 -1 -1 -1 -1 -1 -1 -1
5 1 -1 -1 -1 -1 -1 -1 -1 -1 -1 -1
5 2 -1 -1 -1 -1 -1 -1 -1 -1 -1 -1
5 3 -1 -1 -1 -1 -1 -1 -1 -1 -1 -1
5 4 -1 -1 -1 -1 -1 -1 -1 -1 -1 -1
5 5 -1 -1 -1 -1 -1 -1 -1 -1 -1 -1
5 6 -1 -1 -1 -1 -1 0.000895792 -1 -1 -1 -1
5 7 -1 -1 -1 -1 -1 -1 0.00131719 -1 -1 -1
5 8 -1 -1 -1 -1 -1 -1 -1 -1 -1 -1
5 9 -1 -1 -1 -1 -1 -1 -1 -1 0.00664777 -1
6 0 -1 -1 -1 -1 -1 -1 -1 -1 -1 -1
6 1 -1 -1 -1 -1 -1 -1 -1 -1 -1 -1
6 2 0.00329821 -1 -1 -1 -1 -1 -1 -1 -1 -1
6 3 -1 -1 -1 -1 -1 -1 -1 -1 -1 -1
6 4 -1 -1 -1 -1 -1 -1 -1 -1 -1 -1
6 5 -1 -1 -1 0.000460222 -1 -1 -1 -1 -1 -1
6 6 -1 -1 -1 -1 -1 0.00725949 -1 -1 -1 -1
6 7 -1 -1 -1 0.0185462 -1 -1 -1 -1 -1 -1
6 8 -1 -1 -1 -1 -1 -1 -1 -1 -1 -1
6 9 -1 -1 -1 -1 -1 -1 -1 -1 -1 -1
7 0 -1 -1 -1 -1 -1 -1 -1 -1 -1 -1
7 1 -1 -1 -1 -1 -1 -1 -1 -1 -1 -1
7 2 -1 -1 -1 -1 -1 -1 -1 -1 -1 -1
7 3 -1 -1 -1 -1 -1 -1 -1 -1 -1 -1
7 4 -1 -1 -1 -1 -1 -1 -1 -1 -1 -1
7 5 -1 -1 -1 -1 -1 -1 -1 -1 -1 -1
7 6 -1 -1 -1 -1 -1 -1 -1 -1 -1 -1
7 7 -1 -1 -1 -1 -1 -1 -1 -1 -1 -1
7 8 -1 -1 -1 -1 -1 -1 -1 -1 -1 -1
7 9 -1 -1 -1 -1 -1 -1 -1 -1 -1 -1
8 0 -1 -1 -1 -1 -1 -1 -1 -1 -1 -1
8 1 -1 -1 -1 -1 -1 -1 -1 -1 -1 -1
8 2 -1 -1 -1 -1 -1 -1 -1 -1 -1 -1
8 3 -1 -1 -1 -1 -1 -1 -1 -1 -1 -1
8 4 -1 -1 -1 -1 -1 -1 -1 -1 -1 -1
8 5 -1 -1 -1 -1 -1 -1 -1 -1 -1 -1
8 6 -1 -1 -1 -1 -1 -1 -1 -1 -1 -1
8 7 -1 -1 -1 -1 -1 -1 -1 -1 -1 -1
8 8 -1 -1 -1 -1 -1 -1 -1 -1 -1 -1
8 9 -1 -1 -1 -1 -1 0.00441856 -1 -1 -1 -1
9 0 -1 -1 -1 -1 -1 -1 -1 -1 -1 -1
9 1 -1 -1 -1 -1 -1 -1 -1 -1 -1 -1
9 2 -1 -1 -1 -1 -1 -1 -1 -1 -1 -1
9 3 -1 -1 -1 -1 -1 -1 -1 -1 -1 -1
9 4 -1 -1 -1 -1 -1 -1 -1 -1 -1 -1
9 5 -1 -1 -1 -1 -1 -1 -1 -1 -1 -1
9 6 0.0027063 -1 -1 -1 -1 -1 -1 -1 -1 -1
9 7 -1 -1 -1 -1 -1 -1 -1 -1 -1 -1
9 8 -1 -1 -1 -1 -1 -1 -1 -1 -1 -1
9 9 -1 -1 -1 0.00376413 -1 -1 -1 -1 -1 -1

5000 776 3.76917 1 0 7 -1 0 0 0
0 0 0.46863 0.920492 1.33696 1.74855 2.26318 2.53315 2.97255 3.5502 3.74631 3.30647
0 1 0.0322161 0.420422 0.595848 0.802496 1.24902 1.52296 2.35859 2.68234 2.78516 0.365824
0 2 0.000320352 0.00952037 0.215201 0.641145 0.838869 0.333553 0.406899 1.2953 0.7566 0.2094
0 3 -1 0.000268522 0.00381106 0.02828 0.355131 0.837154 1.08783 1.50089 0.495559 0.114259
0 4 -1 -1 0.00045022 0.00669015 0.137428 0.263257 0.431876 1.30232 0.365704 0.154029
0 5 -1 -1 0.00072335 0.0173368 0.00510059 0.0563625 0.046449 0.0974455 1.1815 0.149125
0 6 -1 -1 0.000407972 0.00119559 -0.00140786 0.00199935 0.395401 0.112749 0.482189 0.0520886
0 7 -1 -1 0.000878453 -1 -1 0.00044827 0.0114215 0.0250462 0.230803 0.805582
0 8 -1 -1 -1 -1 -1 0.000225677 0.00044701 0.0257017 0.124077 0.461047
0 9 -1 -1 -1 -1 -1 -1 -1 0.00866305 0.0189656 0.109373
1 0 0.653497 1.03648 1.50025 1.96376 2.09992 2.76511 3.46645 3.76917 3.75981 -1
1 1 0.301091 0.861526 0.975396 1.12904 1.78332 2.14411 2.37817 2.95667 0.410396 -1
1 2 0.0136342 0.207974 0.222171 0.751412 1.55883 1.61642 1.86972 2.57281 2.39151 0.0926891
1 3 -1 0.000203408 0.0166928 0.222009 0.827452 1.0545 1.27824 2.10772 2.16536 0.153004
1 4 -1 -1 -8.01278e-05 0.105829 0.639905 0.643514 0.584785 1.55372 1.62633 0.0937002
1 5 -1 -0.00108283 0.00079012 0.00234055 0.0284627 0.160642 0.535637 1.00071 1.4278 0.147812
1 6 -1 0.000165714 0.00133373 0.00101621 0.00400527 0.0546859 0.420503 0.375446 1.09592 0.0795243
1 7 -1 -1 0.000882408 -1 0.00104624 0.0192173 0.0336726 0.220074 0.382696 0.383121
1 8 -1 -1 -1 -9.29203e-05 0.000384196 0.0110571 0.0190427 0.0698352 0.256755 0.225836
1 9 -1 -1 -1 -1 -1 -1 0.00879004 0.0182967 0.066263 0.162798
2 0 0.777419 1.21904 1.84223 2.00865 2.49377 2.98484 3.75475 3.76411 -1 -1
2 1 0.700717 1.14515 1.3161 1.34399 1.9354 1.69516 2.82035 2.90773 0.492039 -1
2 2 0.22838 0.813656 0.595403 0.801449 1.34645 1.96982 2.68677 2.73198 0.132589 0.0883393
2 3 0.0274479 0.0656844 0.0139765 0.0853415 0.59815 0.814242 1.29303 0.782361 0.0981059 0.00904509
2 4 -1 0.000670668 0.448875 0.429746 0.756501 0.695589 0.707806 1.01932 1.63555 0.0637384
2 5 0.000549934 0.00143357 0.0252913 0.460838 0.0342044 0.27566 0.5843 0.810183 1.1628 0.0202439
2 6 -1 0.000611261 0.0232197 0.00750225 0.0757041 0.237582 0.453806 0.745895 1.30294 0.0817759
2 7 -1 0.000245884 0.0377867 0.00223399 0.00212947 0.056821 0.14361 0.353206 0.536644 0.300517
2 8 -1 -1 -1 -1 0.00864415 0.0182621 0.124631 0.174877 0.33389 0.334194
2 9 -1 -1 -1 -1 -1 0.00877664 0.0366981 0.0269721 0.182378 0.149951
3 0 1.1695 1.48385 1.92324 2.65929 2.66825 3.71184 3.71198 0.585187 -1 -1
3 1 1.02577 1.25642 1.63121 1.93848 2.64668 2.53236 2.98048 3.10016 -1 -1
3 2 0.725153 0.941504 1.11527 1.2574 1.37624 2.18907 2.67432 2.63645 0.431051 -1
3 3 0.319119 0.499689 0.511244 0.690374 0.948691 1.26169 1.25962 0.932433 0.109334 0.00135621
3 4 0.00783953 0.0734804 0.229144 0.13866 1.03792 0.879925 1.33596 0.784859 0.301741 0.0285955
3 5 -0.000196666 0.0119893 0.161658 0.0853738 0.430017 0.415102 0.757319 1.42643 0.306502 0.0773755
3 6 -0.00012846 0.0755295 0.262435 0.0192536 0.0466938 0.396813 0.462801 0.813375 0.592612 0.0219062
3 7 -0.000967879 0.000188136 0.00850936 0.00617247 0.535641 0.240671 0.195294 0.433437 0.530819 0.25954
3 8 -0.000760628 -1 0.0185954 -0.000199146 0.00857927 0.0258847 0.0567993 0.25208 0.390481 0.144298
3 9 -1 -1 0.00857192 0.00875711 0.00864469 0.0136048 0.0372107 0.024452 0.213593 0.154382
4 0 1.56183 1.86302 2.41264 2.67581 3.65545 3.6815 1.49144 -1 -1 -1
4 1 1.03661 1.42806 2.01728 2.30821 3.04698 3.11671 3.02962 -1 -1 -1
4 2 0.920135 1.29222 1.58618 1.69836 1.86053 2.5735 2.47271 1.12453 -1 -1
4 3 0.689781 1.05233 1.60999 1.78673 1.48808 1.61803 1.93273 2.3287 2.30556 -1
4 4 0.107943 0.319523 0.985518 0.673278 0.850246 1.40229 1.2728 1.87565 0.261394 -1
4 5 0.057858 0.0197331 0.218008 0.388642 0.229058 0.94822 1.34312 1.05034 0.0620639 0.0332175
4 6 -1 0.000818243 0.288773 0.0277256 0.315468 0.194273 0.634115 0.874075 0.866881 0.0547305
4 7 -1 0.00110507 0.0289156 0.0183567 0.0216655 0.0442747 0.412418 0.619125 0.576302 0.255834
4 8 -1 -1 -1 0.00854644 0.018157 0.0331575 0.029987 0.28377 0.401209 0.274933
4 9 -1 -1 0.00866246 0.0182343 0.0209696 0.0255665 0.0255197 0.0193527 0.123972 0.160517
5 0 1.47889 2.40139 3.08047 3.72432 3.64718 2.87286 -1 -1 -1 -1
5 1 1.20921 1.89155 2.42719 2.85675 2.98427 2.95271 -1 -1 -1 -1
5 2 1.19307 1.40946 1.89909 2.21095 2.67036 2.53744 2.44348 -1 -1 -1
5 3 0.869042 1.30855 1.54591 2.43409 2.02144 2.10717 2.2332 2.09369 -1 -1
5 4 0.759423 1.09486 1.01009 1.3482 1.09817 2.05257 1.92636 1.96464 0.697222 -1
5 5 0.219848 1.09087 0.75437 0.375327 0.811603 0.942124 1.10036 1.24209 0.43778 0.125954
5 6 -0.000526052 0.657399 0.645274 0.239363 0.229742 0.153456 0.555768 0.820749 0.591755 0.0018785
5 7 0.00565406 0.4972 0.21041 0.0543012 0.152233 0.023604 0.0222998 0.583443 0.517108 0.131174
5 8 -0.000700406 -1 0.00864804 0.0289199 0.0389056 0.0316626 0.0309489 0.148025 0.4863 0.30019
5 9 0.0853797 -1 0.00876896 0.00868494 0.0292759 0.0232351 0.169861 0.0246817 0.0759444 0.190804
6 0 1.81207 3.01664 3.6489 3.66756 -1 -1 -1 -1 -1 -1
6 1 1.78566 2.17946 2.80827 3.01604 2.77024 -1 -1 -1 -1 -1
6 2 1.37307 1.89383 2.68372 2.57513 2.53839 2.59087 -1 -1 -1 -1
6 3 1.07297 1.60291 2.27245 2.20279 2.34073 2.32457 2.28506 -1 -1 -1
6 4 0.974798 1.30037 1.99841 1.3504 1.9578 1.80882 1.99459 1.84297 -1 -1
6 5 0.345289 0.905624 1.01467 0.917907 1.25859 1.22994 1.52101 1.59504 1.48789 -1
6 6 0.15712 0.813308 0.674186 0.397479 0.438996 0.738214 0.904203 1.10007 0.998103 0.101232
6 7 0.00048056 0.481389 0.163777 0.192993 0.0154601 0.0379103 0.545729 0.487585 0.536352 0.127823
6 8 0.0387797 0.037943 0.0374774 0.0409801 0.0361528 0.027224 0.0214659 0.448764 0.413642 0.241606
6 9 0.0086242 0.00857865 0.0146111 0.0283811 0.0295088 0.0181934 0.0323864 0.0567761 0.1668 0.143935
7 0 3.39772 3.72839 3.68323 -1 -1 -1 -1 -1 -1 -1
7 1 1.55252 2.75564 2.8845 2.52758 -1 -1 -1 -1 -1 -1
7 2 1.55118 2.50716 2.50475 2.44998 2.38247 -1 -1 -1 -1 -1
7 3 1.03468 1.99691 2.17209 2.21633 2.17374 2.1073 2.00154 -1 -1 -1
7 4 1.31584 1.76912 2.0022 1.77146 1.88244 1.93182 1.79856 1.65622 -1 -1
7 5 0.557858 1.21009 1.18845 1.58078 1.52571 1.55058 1.67499 1.69601 -1 -1
7 6 0.56062 0.977495 0.766336 0.725064 0.950875 1.22312 1.2469 1.31846 1.00093 0.105317
7 7 0.555721 0.532432 0.408002 0.534995 0.350353 0.941256 0.88014 1.00231 0.932035 0.00977931
7 8 0.0174926 0.169859 0.0411769 0.0475345 0.0185893 0.0460273 0.0854188 0.454118 0.427753 0.242604
7 9 0.0310364 0.0240462 0.0467359 0.0314284 0.078352 0.0225983 0.0285066 0.0798249 0.14326 0.141894
8 0 3.74956 3.73363 -1 -1 -1 -1 -1 -1 -1 -1
8 1 2.66547 0.514861 -1 -1 -1 -1 -1 -1 -1 -1
8 2 1.59802 2.37609 0.00861179 -1 -1 -1 -1 -1 -1 -1
8 3 1.11927 2.14149 2.23634 2.0528 2.1066 -1 -1 -1 -1 -1
8 4 1.26674 1.77892 1.7831 1.88751 1.84609 1.72122 -1 -1 -1 -1
8 5 1.40225 1.522 1.44735 1.33975 1.53102 1.47493 1.46821 1.30086 -1 -1
8 6 1.15246 1.24926 1.00782 1.25603 1.17169 1.2469 1.24967 1.15522 0.934773 -1
8 7 0.74893 0.754914 0.956246 0.81775 0.924315 0.957586 0.919035 0.951378 0.970113 -1
8 8 0.310893 0.23159 0.326396 0.474326 0.607841 0.5413 0.637219 0.639293 0.556224 0.480484
8 9 0.139653 0.027538 0.119723 0.0300388 0.0817943 0.0575531 0.0618565 0.14881 0.154697 0.107099
9 0 1.66505 -1 -1 -1 -1 -1 -1 -1 -1 -1
9 1 1.67749 0.0127202 -1 -1 -1 -1 -1 -1 -1 -1
9 2 0.757498 0.00478427 -1 -1 -1 -1 -1 -1 -1 -1
9 3 0.061727 0.180037 0.0214043 0.00928623 -1 -1 -1 -1 -1 -1
9 4 0.787831 0.0586007 0.106263 0.0279518 0.000998803 -1 -1 -1 -1 -1
9 5 0.313764 0.146553 0.0273624 0.18879 9.71115e-05 0.000356142 -1 -1 -1 -1
9 6 1.0041 1.04156 0.163544 1.03492 0.943297 0.889106 0.885525 -1 -1 -1
9 7 0.795428 0.535315 0.842817 0.801667 0.847934 0.822816 0.795719 0.76368 0.59304 -1
9 8 0.501746 0.516815 0.582652 0.516953 0.58961 0.551761 0.588865 0.600344 0.594876 0.360746
9 9 0.201341 0.245062 0.223465 0.246904 0.254545 0.263377 0.275338 0.262238 0.308878 0.235182

10000 797 3.78434 4 0 4 -1 0 0 0
0 0 0.507565 1.06984 1.33696 1.74855 2.31881 2.73313 3.14142 3.55613 3.75804 3.41023
0 1 0.220994 0.436195 0.694916 1.05462 1.37383 1.94462 2.35859 2.71294 2.78516 1.50103
0 2 0.00793526 0.21617 0.453372 0.665185 0.878887 1.20206 1.11562 1.37987 2.5121 1.64476
0 3 -1 0.000268522 0.014298 0.42567 0.825002 0.93547 1.08783 2.1191 2.20469 0.128044
0 4 -1 -1 0.00045022 0.094751 0.256967 0.459574 0.947478 1.82704 1.8297 0.229084
0 5 -1 -1 0.00072335 0.0173368 0.206276 0.113485 0.307369 0.927541 1.39438 0.149125
0 6 -1 -1 0.00103929 0.00119559 0.0182522 0.0154676 0.395401 0.393197 1.0454 1.13951
0 7 -1 -1 0.000878453 -0.00143694 -0.000532001 0.00137599 0.158123 0.0286089 0.679156 0.805582
0 8 -1 -1 -1 0.000636212 -1 0.000240252 0.00654677 0.11485 0.231207 0.461047
0 9 -1 -1 -1 -1 -1 -1 0.0375528 0.0356665 0.0737088 0.198699
1 0 0.697918 1.22073 1.50025 1.96376 2.45815 2.83568 3.46645 3.77718 3.75981 -1
1 1 0.45086 0.861526 1.16198 1.4681 1.78332 2.14411 2.78059 3.084 2.67052 0.039274
1 2 0.0613272 0.207974 0.468653 1.0874 1.55883 1.78099 2.2397 2.58595 2.52527 0.101949
1 3 -1 0.0136887 0.0815469 0.389849 0.954942 1.35409 1.71765 2.36869 2.38181 0.153004
1 4 -1 -1 0.24396 0.171134 0.639905 0.893439 1.09815 1.94295 1.97586 0.163098
1 5 -1 -0.000773194 0.160288 0.0305024 0.342489 0.467798 0.763662 1.42293 1.4278 1.34178
1 6 -1 0.000204235 0.00193632 0.0191483 0.337988 0.113491 1.01464 1.15883 1.09622 0.176517
1 7 -1 -1 0.000882408 0.000507724 0.070331 0.344011 0.239172 0.548658 0.514195 0.792787
1 8 -1 -1 -1 -9.29203e-05 0.000384196 0.028136 0.0754098 0.391855 0.318382 0.467176
1 9 -1 -1 -1 -1 0.142885 -1 0.0758753 0.0470589 0.129039 0.177824
2 0 1.09355 1.56676 1.90802 2.52006 2.49377 3.09414 3.77742 3.76411 -1 -1
2 1 0.700717 1.1792 1.58229 1.8694 1.9354 2.72029 3.21522 3.20288 2.95809 -1
2 2 0.305262 0.813656 0.661467 1.58674 1.71062 2.47876 2.68677 2.83826 2.48186 0.0883393
2 3 0.0290085 0.209165 0.621302 0.59101 1.45476 1.76723 1.7296 2.21466 2.20741 0.00904509
2 4 0.017571 0.00796137 0.53794 0.607048 0.756501 1.62155 1.77477 1.65287 1.87019 0.0827304
2 5 0.000549934 0.00143357 0.0252913 0.460838 0.384188 0.718158 0.838275 1.21425 1.49308 0.184492
2 6 -1 0.00133151 0.0232197 0.118395 0.566873 0.363779 0.808723 0.967338 1.30294 1.10266
2 7 -1 0.000441487 0.0377867 0.021815 0.485635 0.439381 0.500589 0.614679 0.63962 0.811725
2 8 -1 -1 -1 0.257611 0.00864415 0.315385 0.246267 0.319929 0.484374 0.449879
2 9 -1 -1 -1 -1 0.142957 0.0182351 0.0948188 0.066483 0.190148 0.1974
3 0 1.36122 1.65476 2.064 2.65929 3.14376 3.77985 3.73122 0.585187 -1 -1
3 1 1.02577 1.25642 1.63121 2.36357 2.64668 3.18205 3.10091 3.25527 -1 -1
3 2 0.737869 1.12765 1.44416 1.6642 2.16316 2.79894 2.78228 2.76763 2.85224 -1
3 3 0.48419 0.500521 0.801714 1.45018 1.33132 2.14931 1.93308 2.17722 2.20866 0.00603002
3 4 0.020857 0.0734804 0.715681 0.969134 1.53122 1.41228 1.59847 1.39406 1.53631 0.178503
3 5 0.00105158 0.0737039 0.775661 0.2395 1.16844 1.17245 1.28258 1.42643 1.51386 0.136763
3 6 -7.19941e-05 0.0755295 0.262435 0.161099 0.690615 0.874142 0.975507 0.937952 1.18328 0.955444
3 7 0.00024689 0.000730151 0.00850936 0.209526 0.535641 0.598861 0.725432 0.800704 0.845235 0.774845
3 8 -0.000760628 -1 0.0185954 0.0179383 0.205154 0.333449 0.43959 0.496915 0.390481 0.466691
3 9 -1 -1 0.00857192 0.0181044 0.0153265 0.0190186 0.143119 0.15227 0.213593 0.226412
4 0 1.56183 1.9739 2.51475 3.26111 3.78434 3.77283 1.49144 -1 -1 -1
4 1 1.30881 1.42806 2.01728 2.44398 3.04698 3.31545 3.02962 -1 -1 -1
4 2 0.920135 1.29222 1.845 1.94393 2.7722 2.84105 2.79709 2.68631 -1 -1
4 3 0.689781 1.16556 1.60999 1.78673 1.69183 2.39705 2.4179 2.3287 2.52477 -1
4 4 0.246661 0.319523 1.36484 1.47656 1.51246 1.60608 1.27294 1.95145 1.49803 0.0364668
4 5 0.057858 0.0555014 0.8034 1.06406 1.26518 1.26434 1.34312 1.4833 1.08784 0.0332175
4 6 0.000392266 0.572734 0.459684 0.918753 0.921794 1.09027 0.944624 1.08109 0.913254 0.196773
4 7 1.01719e-05 0.103512 0.0952862 0.363559 0.634172 0.669357 0.802518 0.876471 0.74707 0.866654
4 8 -1 -1 -0.000892121 0.0122508 0.213902 0.410905 0.509891 0.450794 0.549407 0.443534
4 9 -1 -1 0.00866246 0.0182606 0.104245 0.165561 0.125242 0.124112 0.19802 0.227859
5 0 1.95621 2.40139 3.08047 3.78015 3.73523 2.87286 -1 -1 -1 -1
5 1 1.49812 1.89155 2.47267 3.08332 2.98427 3.14176 -1 -1 -1 -1
5 2 1.19307 1.84639 2.09588 2.66432 2.81415 2.80006 2.67566 -1 -1 -1
5 3 0.869042 1.36061 1.68414 2.43409 2.42716 2.38073 2.48312 2.33699 -1 -1
5 4 0.759423 1.09486 1.31017 1.96083 2.00332 2.05257 1.92636 2.06792 1.95889 -1
5 5 0.219848 1.09087 0.952485 1.0865 1.27999 1.37489 1.55685 1.63506 1.72374 0.211368
5 6 0.000198879 0.657399 0.645274 0.860465 0.973185 1.14218 1.27722 1.285 0.680732 0.187189
5 7 0.0278325 0.4972 0.296735 0.554415 0.617576 0.693949 0.824128 0.946169 0.851437 0.77836
5 8 -0.000224143 0.0273408 0.439789 0.353154 0.315663 0.487551 0.325539 0.286529 0.4863 0.534647
5 9 0.0853797 0.0373173 0.13307 0.0186696 0.120243 0.161749 0.169861 0.124229 0.198907 0.226465
6 0 2.31426 3.01664 3.76902 3.77512 2.16292 -1 -1 -1 -1 -1
6 1 1.78566 2.56516 3.15403 3.02706 2.77024 -1 -1 -1 -1 -1
6 2 1.60981 1.89383 2.68372 2.70673 2.65723 2.63449 2.52346 -1 -1 -1
6 3 1.07297 1.8486 2.27245 2.41195 2.47774 2.48823 2.28506 -1 -1 -1
6 4 0.974798 1.48097 2.12385 1.89861 2.01984 2.08531 2.12779 1.94253 -1 -1
6 5 0.676953 1.02955 1.27191 1.41287 1.33218 1.36971 1.74072 1.77283 1.48789 -1
6 6 0.15712 0.813308 0.848973 1.05602 1.11907 1.16341 1.41699 1.11986 1.26237 0.101232
6 7 0.0898338 0.483403 0.549072 0.608062 0.742572 0.670802 0.884115 0.64419 0.660609 0.155423
6 8 0.0387797 0.0748959 0.22962 0.426996 0.478651 0.494661 0.487611 0.448764 0.413642 0.520545
6 9 0.0086242 0.133358 0.0565569 0.134019 0.178224 0.162936 0.174434 0.185541 0.263778 0.250624
7 0 3.39772 3.75302 3.75888 -1 -1 -1 -1 -1 -1 -1
7 1 2.75597 2.9223 2.8845 2.70289 -1 -1 -1 -1 -1 -1
7 2 1.90909 2.50716 2.52395 2.62721 2.53898 2.24987 -1 -1 -1 -1
7 3 1.36779 2.20103 2.35854 2.21633 2.21546 2.12595 2.00154 -1 -1 -1
7 4 1.31584 1.86933 2.01296 2.01562 2.02273 1.95161 1.93913 1.68962 -1 -1
7 5 0.697113 1.50402 1.447 1.64411 1.66848 1.68588 1.67499 1.69601 -1 -1
7 6 0.692795 0.977495 1.19457 1.3259 1.32266 1.30393 1.37514 1.31846 1.30493 0.105317
7 7 0.555721 0.693975 0.429924 0.898346 0.903536 0.997055 0.908753 1.00231 0.968652 0.739788
7 8 0.238377 0.270294 0.459699 0.359762 0.314599 0.400207 0.497658 0.454118 0.519053 0.476742
7 9 0.0310364 0.114 0.177777 0.197809 0.158032 0.0796016 0.140786 0.187589 0.165148 0.249169
8 0 3.74956 3.75247 -1 -1 -1 -1 -1 -1 -1 -1
8 1 2.90638 2.68704 2.75565 -1 -1 -1 -1 -1 -1 -1
8 2 1.59802 2.37609 2.52407 0.359377 -1 -1 -1 -1 -1 -1
8 3 1.5483 2.14149 2.23634 2.07843 2.1066 -1 -1 -1 -1 -1
8 4 1.73977 1.83823 1.7831 1.88751 1.84609 1.72122 -1 -1 -1 -1
8 5 1.42996 1.522 1.44735 1.49531 1.60899 1.51322 1.47718 1.30086 -1 -1
8 6 1.15246 1.24926 1.13959 1.27235 1.21171 1.30745 1.24967 1.15522 0.934773 -1
8 7 0.74893 0.790797 0.956246 0.882014 0.924315 0.970357 0.966252 0.951378 0.970113 -1
8 8 0.526825 0.551882 0.416668 0.585869 0.607841 0.65783 0.637219 0.639293 0.646876 0.65286
8 9 0.139653 0.121912 0.145351 0.0855898 0.160485 0.140117 0.162147 0.17232 0.233501 0.240317
9 0 2.51002 -1 -1 -1 -1 -1 -1 -1 -1 -1
9 1 2.4417 0.0127202 -1 -1 -1 -1 -1 -1 -1 -1
9 2 0.757498 0.00478427 -1 -1 -1 -1 -1 -1 -1 -1
9 3 0.1536 0.180037 0.0214043 0.00928623 -1 -1 -1 -1 -1 -1
9 4 0.787831 0.318275 0.15523 0.324095 0.00634638 -1 -1 -1 -1 -1
9 5 1.13447 0.256911 1.18219 0.18879 0.0672089 0.149128 -1 -1 -1 -1
9 6 1.0041 1.04156 0.975055 1.03492 1.08415 1.06907 1.10478 -1 -1 -1
9 7 0.849848 0.748157 0.901793 0.882233 0.888435 0.866229 0.865338 0.76368 0.59304 -1
9 8 0.554306 0.595485 0.582652 0.588106 0.591972 0.632376 0.615144 0.600344 0.594876 0.381597
9 9 0.220215 0.24863 0.227418 0.262695 0.266093 0.266773 0.287887 0.289997 0.308878 0.285729

15000 810 3.78626 2 0 6 -1 0 0 0
0 0 0.575546 1.06984 1.39052 1.93535 2.31881 2.73313 3.14142 3.59557 3.75804 3.41023
0 1 0.220994 0.49683 0.720238 1.17604 1.38504 1.94462 2.35859 2.72821 2.80087 2.21916
0 2 0.00793526 0.21617 0.453372 0.725948 1.31576 1.20206 1.23338 2.45578 2.51364 1.64476
0 3 0.000480682 0.00887114 0.0992914 0.600697 0.825002 0.93547 1.92419 2.1191 2.20469 0.129311
0 4 -1 -1 0.0700734 0.148584 0.256967 0.584766 1.65552 1.84023 1.87778 0.230042
0 5 -1 -1 0.0661246 0.11486 0.206276 0.28671 0.440096 1.20618 1.46489 1.20816
0 6 -1 -1 0.00103929 0.00119559 0.0182522 0.117987 1.0526 0.526526 1.20244 1.13951
0 7 -1 -1 0.000878453 -0.000377698 0.000495208 0.00973646 0.16362 0.28848 0.679156 0.805582
0 8 -1 -1 -1 0.000636212 -1 0.000240252 0.00859257 0.157285 0.248316 0.473575
0 9 -1 -1 -1 -1 -1 -1 0.0375528 0.0356665 0.0737088 0.198699
1 0 0.825084 1.36654 1.50025 1.96376 2.46683 2.86791 3.52659 3.77718 3.75981 -1
1 1 0.45086 0.861526 1.16198 1.4681 1.78332 2.14411 2.78166 3.084 2.87151 0.039274
1 2 0.152364 0.207974 0.706656 1.21443 1.55883 1.97404 2.46934 2.59004 2.58418 0.101949
1 3 0.00097022 0.382188 0.392067 0.442966 1.03648 1.35409 2.10842 2.36869 2.38181 0.166405
1 4 -1 0.00057099 0.24396 0.356666 0.639905 1.79038 1.09815 1.94298 1.97586 0.195798
1 5 -1 0.000779399 0.160288 0.30871 0.349277 0.467798 1.33188 1.49389 1.55874 1.34178
1 6 -1 0.000204235 0.0567321 0.0239336 0.337988 0.756293 1.01464 1.15883 1.18075 1.17075
1 7 -1 -1 0.000882408 0.000507724 0.070331 0.344011 0.357885 0.569875 0.63906 0.81803
1 8 -1 -1 -1 -9.29203e-05 0.000384196 0.028136 0.373353 0.391855 0.534125 0.579976
1 9 -1 -1 -1 -1 0.142885 0.0183649 0.0758753 0.152603 0.143259 0.191283
2 0 1.16448 1.62815 1.90802 2.52006 2.59216 3.14834 3.78626 3.78152 -1 -1
2 1 0.700717 1.1792 1.58229 1.94241 2.23917 2.8332 3.27088 3.30209 2.95809 -1
2 2 0.384745 0.813656 0.744538 1.58674 1.75999 2.47876 2.68677 2.83826 2.6997 0.187201
2 3 0.0655168 0.209165 0.621302 0.893665 1.7213 2.15599 1.83559 2.21466 2.20741 0.0246005
2 4 0.017571 0.083546 0.53794 0.698033 1.03644 1.62155 1.77477 1.79118 1.87019 0.153284
2 5 0.000549934 0.027185 0.07556 0.460838 0.862656 1.4174 0.872019 1.48473 1.50346 0.184492
2 6 -1 0.00133151 0.0356485 0.381755 0.566873 0.995105 0.818678 1.04311 1.30294 1.17992
2 7 -0.000797959 0.000658201 0.0377867 0.021815 0.485635 0.439381 0.64205 0.783303 0.809139 0.81409
2 8 -1 -1 -1 0.257611 0.314956 0.315385 0.275745 0.507249 0.484374 0.449879
2 9 -1 -1 -1 -1 0.181156 0.0565529 0.200489 0.172081 0.193415 0.226821
3 0 1.46559 1.98051 2.29642 2.65929 3.14376 3.77985 3.78122 0.585187 -1 -1
3 1 1.02577 1.25642 2.0819 2.36357 2.64668 3.18205 3.10091 3.25527 2.93631 -1
3 2 0.737869 1.12765 1.44416 1.6642 2.16316 2.87165 2.78228 2.87818 2.85224 -1
3 3 0.48419 0.793123 1.35277 1.45018 1.85319 2.17527 1.93308 2.17722 2.20866 0.00603002
3 4 0.020857 0.0734804 0.754171 1.32725 1.53122 1.41228 1.59847 1.63118 1.87819 0.178503
3 5 0.00105158 0.0737039 0.775661 0.872189 1.16844 1.17245 1.28258 1.42643 1.5142 0.176208
3 6 0.0004831 0.0755295 0.889125 0.379501 0.800456 0.89398 1.069 1.12267 1.18328 0.97209
3 7 0.00095939 0.0410452 0.0942504 0.556908 0.535641 0.606886 0.790163 0.960315 0.888596 0.775738
3 8 -0.000760628 -1 0.0185954 0.401078 0.205154 0.333449 0.469409 0.496915 0.591613 0.522997
3 9 -1 -1 0.00878051 0.152239 0.0182316 0.0229497 0.147626 0.205093 0.213593 0.226412
4 0 1.60736 2.1445 2.66858 3.35721 3.7847 3.77283 1.49144 -1 -1 -1
4 1 1.30881 1.54794 2.01728 2.62435 3.04698 3.31545 3.05991 -1 -1 -1
4 2 0.920135 1.29222 2.41782 2.24923 2.7722 2.84105 2.86214 2.8482 -1 -1
4 3 0.812726 1.16556 1.78297 1.78673 1.92592 2.39705 2.49174 2.39108 2.52477 -1
4 4 0.325156 0.523366 1.36484 1.47656 1.51246 1.60608 1.75647 1.95145 2.08675 0.136068
4 5 0.057858 0.467855 1.03132 1.29993 1.26518 1.31917 1.34312 1.57378 1.22581 0.0905057
4 6 0.000392266 0.572734 0.626797 0.918753 0.921794 1.10235 1.03706 1.24062 1.17887 0.951192
4 7 1.01719e-05 0.103512 0.0952862 0.545683 0.692062 0.787395 0.823788 0.899289 0.933383 0.866654
4 8 -0.000369138 0.00493263 0.00869985 0.295644 0.230669 0.501672 0.541785 0.461367 0.549407 0.603209
4 9 -1 0.0279017 0.0182453 0.161979 0.1102 0.189935 0.146617 0.163256 0.207947 0.296106
5 0 1.95621 2.78137 3.08047 3.78165 3.77469 2.87286 -1 -1 -1 -1
5 1 1.54497 1.96609 2.47267 3.08332 3.18541 3.14176 -1 -1 -1 -1
5 2 1.19307 1.84639 2.14193 2.87467 2.81502 2.80006 2.67566 -1 -1 -1
5 3 0.869042 1.36061 1.89575 2.43409 2.44607 2.38073 2.48312 2.51429 -1 -1
5 4 0.759423 1.09486 1.39508 1.96083 2.00332 2.05257 1.9266 2.06792 2.00673 -1
5 5 0.219848 1.09087 1.04465 1.30953 1.43942 1.39402 1.61351 1.63506 1.72374 0.211368
5 6 0.000198879 0.657399 1.03514 0.87471 1.06782 1.14218 1.35125 1.285 1.00365 0.187189
5 7 0.477635 0.4972 0.448923 0.82321 0.758823 0.948641 0.824128 0.963064 0.902073 0.77836
5 8 -0.000224143 0.286449 0.439789 0.430575 0.426201 0.487551 0.495432 0.513819 0.557633 0.534647
5 9 0.0853797 0.0757528 0.13307 0.0374755 0.204228 0.177969 0.178512 0.124229 0.198907 0.266551
6 0 2.65462 3.30294 3.77971 3.7802 2.21982 -1 -1 -1 -1 -1
6 1 1.78566 2.56516 3.25098 3.22386 2.81884 -1 -1 -1 -1 -1
6 2 1.60981 1.89383 2.68372 2.81096 2.74923 2.63449 2.52346 -1 -1 -1
6 3 1.11728 1.91807 2.36793 2.41195 2.47774 2.48823 2.3262 2.15025 -1 -1
6 4 0.974798 1.48097 2.12385 1.89861 2.01984 2.09927 2.12779 1.94253 -1 -1
6 5 0.676953 1.26528 1.27191 1.45615 1.34046 1.68133 1.76692 1.77283 1.61934 -1
6 6 1.06063 0.813308 0.863092 1.05602 1.11907 1.17097 1.41699 1.17622 1.3963 0.101232
6 7 0.0898338 0.573695 0.666367 0.757669 0.775627 0.689352 0.884115 0.745728 0.837394 0.57506
6 8 0.22879 0.438965 0.427807 0.51836 0.499759 0.494661 0.513569 0.448764 0.458564 0.520545
6 9 0.142976 0.133358 0.133401 0.134019 0.178224 0.162936 0.174434 0.185541 0.263778 0.250624
7 0 3.53388 3.76502 3.76748 0.617908 -1 -1 -1 -1 -1 -1
7 1 2.75597 2.9223 2.8845 2.70289 -1 -1 -1 -1 -1 -1
7 2 1.90909 2.50716 2.63645 2.64735 2.53898 2.24987 -1 -1 -1 -1
7 3 1.36779 2.20103 2.35854 2.24497 2.26855 2.28095 2.00154 -1 -1 -1
7 4 1.41981 1.90026 2.01296 2.01562 2.02273 2.0355 1.93913 1.68962 -1 -1
7 5 0.997489 1.65045 1.67037 1.68217 1.69574 1.68588 1.74974 1.69601 -1 -1
7 6 0.692795 1.28065 1.19457 1.3259 1.32266 1.30393 1.3827 1.37548 1.3722 1.15626
7 7 0.555721 0.693975 0.787569 0.898346 0.99284 0.997055 0.908753 1.03031 1.05756 0.967559
7 8 0.29573 0.340422 0.459699 0.474191 0.314599 0.45944 0.497658 0.47144 0.550773 0.476742
7 9 0.0658795 0.114 0.177777 0.197809 0.202047 0.138538 0.140786 0.195066 0.276528 0.249169
8 0 3.76245 3.77116 -1 -1 -1 -1 -1 -1 -1 -1
8 1 3.01475 2.68704 2.75565 -1 -1 -1 -1 -1 -1 -1
8 2 2.19238 2.37609 2.52407 0.522454 -1 -1 -1 -1 -1 -1
8 3 2.24174 2.14149 2.23634 2.22468 2.1066 -1 -1 -1 -1 -1
8 4 1.73977 1.83823 1.7831 1.90711 1.92702 1.72122 -1 -1 -1 -1
8 5 1.42996 1.57375 1.44735 1.52806 1.61736 1.60705 1.47718 1.30086 -1 -1
8 6 1.15246 1.25544 1.17131 1.27235 1.23029 1.30745 1.28882 1.20591 0.934773 -1
8 7 0.904226 0.92014 0.956246 0.943658 0.93537 0.971806 0.966252 0.993603 0.975406 0.793702
8 8 0.526825 0.551882 0.610039 0.610204 0.607841 0.65783 0.637219 0.639293 0.657525 0.65286
8 9 0.139653 0.170107 0.171988 0.150077 0.160485 0.14337 0.162147 0.188226 0.233501 0.240317
9 0 2.62086 -1 -1 -1 -1 -1 -1 -1 -1 -1
9 1 2.4417 0.0127202 -1 -1 -1 -1 -1 -1 -1 -1
9 2 0.757498 0.0221251 0.0017988 -1 -1 -1 -1 -1 -1 -1
9 3 0.304648 0.180037 0.0214043 0.0119135 -1 -1 -1 -1 -1 -1
9 4 1.35992 0.318275 0.348867 0.324095 0.0198741 -1 -1 -1 -1 -1
9 5 1.13447 0.256911 1.18219 1.05196 1.27416 0.149128 -1 -1 -1 -1
9 6 1.10159 1.04156 0.976877 1.03492 1.19383 1.08788 1.10478 -1 -1 -1
9 7 0.849848 0.761612 0.901793 0.882233 0.902252 0.900445 0.865338 0.831729 0.59304 -1
9 8 0.554306 0.595485 0.582652 0.598599 0.591972 0.632376 0.615144 0.634412 0.622939 0.381597
9 9 0.225133 0.24863 0.241064 0.262695 0.279213 0.289978 0.287887 0.289997 0.308878 0.285729

20000 814 3.78777 2 0 6 -1 0 0 0
0 0 0.575546 1.06984 1.43 1.93535 2.31881 2.73313 3.14142 3.59557 3.75804 3.44241
0 1 0.220994 0.52866 0.938675 1.17604 1.51661 2.17951 2.35859 2.72821 3.25959 2.21916
0 2 0.00793526 0.21617 0.460297 0.84432 1.31576 1.39419 2.35651 2.45578 2.51364 1.64476
0 3 0.000480682 0.00887114 0.0992914 0.600697 0.825002 0.93547 1.92419 2.13427 2.51164 1.01258
0 4 -1 -1 0.0700734 0.214878 0.256967 0.584766 1.65552 1.84023 2.00035 1.05203
0 5 -1 0.000373814 0.0661246 0.11486 0.336347 0.28671 1.4071 1.4368 1.54374 1.28208
0 6 -1 -1 0.00112653 0.00119559 0.0182522 0.117987 1.0526 0.928527 1.20244 1.13951
0 7 -1 -1 0.000878453 0.000142239 0.000495208 0.173183 0.16362 0.28848 0.679156 0.843917
0 8 -1 -1 -1 0.000636212 -1 0.000286181 0.01791 0.177953 0.296305 0.580302
0 9 -1 -1 -1 -1 -1 -1 0.0375528 0.0372367 0.0737088 0.198699
1 0 1.01184 1.36654 1.60174 1.96376 2.46683 2.86791 3.52659 3.78098 3.76832 -1
1 1 0.476057 0.894806 1.18203 1.4681 1.79731 2.16256 2.82415 3.32003 2.99735 0.039274
1 2 0.152364 0.318727 0.766283 1.35846 1.57006 2.12663 2.55225 2.64675 2.94285 0.116921
1 3 0.00097022 0.382188 0.612796 0.763745 1.05608 2.18217 2.10842 2.39341 2.43104 0.166405
1 4 -1 0.00057099 0.24396 0.370205 0.639905 1.79038 1.85319 2.01948 2.03326 1.47279
1 5 -1 0.000779399 0.160288 0.30871 0.430052 0.718131 1.33188 1.49389 1.59972 1.35623
1 6 -1 0.000745631 0.0567321 0.0239336 0.337988 0.756293 1.12021 1.15883 1.21189 1.17513
1 7 -1 -1 0.000882408 0.000627267 0.159214 0.344011 0.357885 0.738073 0.63906 0.884866
1 8 -1 -1 -1 -9.29203e-05 0.000384196 0.028136 0.373353 0.391855 0.592548 0.579976
1 9 -1 -1 -1 -1 0.142885 0.0183649 0.200171 0.152603 0.200171 0.257187
2 0 1.16448 1.66803 1.91847 2.52006 2.64258 3.29176 3.78777 3.78152 -1 -1
2 1 0.703805 1.1792 1.63336 1.99852 2.2747 2.8332 3.27088 3.30209 3.28293 -1
2 2 0.461473 0.813656 0.995443 1.59959 2.02176 2.47876 2.68677 2.83826 2.75033 0.187201
2 3 0.0655168 0.437192 0.708336 0.893665 1.7213 2.15599 2.11705 2.46557 2.20741 0.0927363
2 4 0.0371697 0.083546 0.53794 0.698033 1.03644 1.62155 1.77477 1.81598 2.02259 0.153284
2 5 0.000549934 0.027185 0.07556 0.595339 1.38867 1.4174 1.46366 1.56177 1.62957 0.716943
2 6 -1 0.00831838 0.0356485 0.381755 0.566873 1.04366 0.985845 1.25899 1.30294 1.17992
2 7 -0.000175734 0.000658201 0.467978 0.0999146 0.485635 0.621125 0.662251 0.783303 0.809139 0.867098
2 8 -1 -1 0.000222762 0.257611 0.314956 0.362948 0.479544 0.507249 0.518008 0.449879
2 9 -1 -1 -1 -1 0.181156 0.0565529 0.200489 0.172081 0.193415 0.247603
3 0 1.46559 1.98051 2.29642 2.98528 3.14376 3.78392 3.78122 0.585187 -1 -1
3 1 1.02577 1.37125 2.0819 2.36357 2.64668 3.18205 3.17306 3.25527 2.93631 -1
3 2 0.737869 1.12765 1.44416 1.9654 2.29917 2.87165 2.78951 2.94138 2.85224 -1
3 3 0.48419 0.793123 1.35277 1.71969 1.85319 2.17527 2.29616 2.34634 2.39073 0.00603002
3 4 0.020857 0.0763376 0.754171 1.32725 1.81871 1.63228 1.59965 1.67613 1.87819 0.178503
3 5 0.00105158 0.0737039 0.775661 0.872189 1.16844 1.32202 1.47824 1.47049 1.5142 0.176208
3 6 0.000873348 0.0755295 0.889125 0.379501 0.89985 0.983824 1.069 1.16685 1.18328 1.05758
3 7 0.00095939 0.0410452 0.0942504 0.556908 0.535641 0.606886 0.790163 0.960315 0.89315 0.775738
3 8 -0.000760628 -1 0.33478 0.401078 0.205765 0.391549 0.469409 0.496915 0.591613 0.617513
3 9 -1 -1 0.00878051 0.152239 0.0182316 0.12395 0.169377 0.205093 0.213593 0.276513
4 0 1.89832 2.23318 2.99781 3.35721 3.78729 3.77283 1.49144 -1 -1 -1
4 1 1.30881 1.55349 2.42653 2.71342 3.0979 3.31545 3.05991 2.92311 -1 -1
4 2 0.920135 1.29222 2.41782 2.24923 2.7722 2.84105 2.86214 2.8482 -1 -1
4 3 0.812726 1.16556 1.78297 1.78673 2.46972 2.46962 2.52805 2.47512 2.52477 -1
4 4 0.325156 0.523366 1.36484 1.566 1.51246 1.6117 1.89457 2.09332 2.08675 0.136068
4 5 0.057858 0.467855 1.03132 1.29993 1.40619 1.4357 1.48782 1.57378 1.73459 0.151119
4 6 0.00238078 0.572734 0.626797 0.918753 1.11783 1.10532 1.15898 1.24062 1.17887 0.951192
4 7 1.01719e-05 0.103512 0.586758 0.545683 0.784565 0.805199 0.823788 0.930968 0.933383 0.866654
4 8 -0.000369138 0.00493263 0.00878726 0.420284 0.352929 0.501672 0.541785 0.52524 0.569501 0.603209
4 9 -1 0.0852342 0.0755161 0.161979 0.1102 0.189935 0.146617 0.177947 0.230463 0.296106
5 0 1.95621 2.78137 3.16226 3.78521 3.77469 2.87286 -1 -1 -1 -1
5 1 1.54497 2.07413 2.607 3.15572 3.18541 3.14176 -1 -1 -1 -1
5 2 1.19307 1.84639 2.14193 2.87467 2.81502 2.80006 2.81596 -1 -1 -1
5 3 0.935418 1.85243 1.89575 2.43409 2.44607 2.58137 2.48312 2.51429 2.10796 -1
5 4 0.759423 1.09486 1.39508 1.96083 2.00332 2.05257 2.05029 2.07608 2.00673 -1
5 5 0.270277 1.09087 1.18891 1.30953 1.43942 1.39402 1.61351 1.67937 1.72374 0.211368
5 6 0.0170667 0.736827 1.03514 0.87471 1.06782 1.14218 1.35125 1.30304 1.03002 0.947806
5 7 0.477635 0.4972 0.611512 0.82321 0.791851 0.948641 0.978339 0.963064 0.971444 0.77836
5 8 -0.000224143 0.286449 0.439789 0.430575 0.426201 0.488096 0.539392 0.513819 0.557633 0.534647
5 9 0.0853797 0.0757528 0.13307 0.0411535 0.204228 0.181172 0.178512 0.200052 0.198907 0.266551
6 0 2.68936 3.40927 3.77971 3.78249 2.21982 -1 -1 -1 -1 -1
6 1 1.89485 2.70484 3.29505 3.22963 2.98526 -1 -1 -1 -1 -1
6 2 1.60981 2.24154 2.68372 2.81096 2.77352 2.63449 2.52346 -1 -1 -1
6 3 1.18856 1.91807 2.38349 2.41195 2.57104 2.48823 2.3262 2.20365 -1 -1
6 4 0.974798 1.48097 2.12385 1.9368 2.04488 2.09927 2.12779 1.94253 -1 -1
6 5 0.676953 1.31221 1.63752 1.60917 1.70947 1.71175 1.76772 1.77283 1.70207 -1
6 6 1.06063 0.813308 1.11051 1.05602 1.11907 1.17097 1.41699 1.31248 1.40171 0.165737
6 7 0.305731 0.573695 0.666367 0.757669 0.802878 0.689352 0.949496 0.970762 0.893501 0.57506
6 8 0.22879 0.438965 0.427807 0.51836 0.499759 0.52705 0.513569 0.536025 0.649815 0.520545
6 9 0.142976 0.133358 0.161699 0.178785 0.178224 0.216662 0.174434 0.193916 0.263778 0.269487
7 0 3.53388 3.77314 3.7759 0.617908 -1 -1 -1 -1 -1 -1
7 1 2.75597 2.99638 3.17096 2.70289 -1 -1 -1 -1 -1 -1
7 2 1.90909 2.54728 2.63645 2.90979 2.55312 2.24987 -1 -1 -1 -1
7 3 1.5671 2.20103 2.35854 2.26702 2.34708 2.28095 2.00154 -1 -1 -1
7 4 1.41981 1.90026 2.01296 2.01562 2.03827 2.0355 1.93913 1.68962 -1 -1
7 5 0.997489 1.65045 1.71355 1.68217 1.69574 1.72533 1.74974 1.69601 -1 -1
7 6 0.692795 1.28065 1.19457 1.33091 1.32266 1.36685 1.3827 1.37548 1.3722 1.15626
7 7 0.555721 0.693975 0.790953 0.898346 0.99284 0.997055 1.0188 1.06814 1.05756 1.04489
7 8 0.382654 0.477803 0.486649 0.484398 0.471851 0.45944 0.522594 0.487875 0.598868 0.476742
7 9 0.0658795 0.190666 0.177777 0.222232 0.202047 0.188462 0.140786 0.195066 0.276528 0.249169
8 0 3.76245 3.77116 -1 -1 -1 -1 -1 -1 -1 -1
8 1 3.08049 3.0791 2.75565 -1 -1 -1 -1 -1 -1 -1
8 2 2.364 2.37609 2.52407 2.35266 -1 -1 -1 -1 -1 -1
8 3 2.24174 2.14149 2.23634 2.23257 2.25627 -1 -1 -1 -1 -1
8 4 1.73977 1.83823 1.7831 1.90711 1.92702 1.78525 -1 -1 -1 -1
8 5 1.48624 1.57375 1.44735 1.54766 1.62466 1.60705 1.47718 1.30086 -1 -1
8 6 1.1613 1.26736 1.21197 1.27235 1.29708 1.35759 1.28882 1.24992 0.956213 -1
8 7 0.904226 0.92014 0.956246 0.951268 0.951414 0.972101 1.01001 1.01867 0.975406 0.793702
8 8 0.526825 0.551882 0.610039 0.610204 0.658274 0.65783 0.647298 0.667085 0.657525 0.666129
8 9 0.139653 0.170107 0.171988 0.150077 0.196883 0.150431 0.162147 0.255031 0.242999 0.263423
9 0 2.6942 -1 -1 -1 -1 -1 -1 -1 -1 -1
9 1 2.4417 0.0127202 -1 -1 -1 -1 -1 -1 -1 -1
9 2 1.84754 0.0221251 0.0120364 -1 -1 -1 -1 -1 -1 -1
9 3 1.04489 0.180037 1.65225 0.0134611 -1 -1 -1 -1 -1 -1
9 4 1.35992 0.322567 1.37228 0.324095 0.0198741 -1 -1 -1 -1 -1
9 5 1.13447 0.602589 1.18219 1.05196 1.27416 0.248119 -1 -1 -1 -1
9 6 1.12901 1.04156 1.01818 1.11576 1.19383 1.09209 1.15644 -1 -1 -1
9 7 0.849848 0.761612 0.901793 0.924026 0.902252 0.91994 0.870769 0.902308 0.59304 -1
9 8 0.559282 0.595485 0.582652 0.598599 0.638956 0.632376 0.615144 0.634412 0.622939 0.381597
9 9 0.232697 0.24863 0.241064 0.262695 0.289343 0.289978 0.293889 0.289997 0.308878 0.306912

