0 23 0.0122247 5 9 6 -1 0 0 0
0 0 -1 -1 -1 -1 -1 -1 -1 -1 -1 -1
0 1 -1 -1 -1 -1 -1 -1 -1 -1 -1 0.00581857
0 2 -1 -1 -1 -1 -1 -1 -1 -1 -1 -1
0 3 -1 -1 -1 -1 -1 -1 -1 -1 -1 -1
0 4 -1 -1 -1 -1 -1 -1 -1 -1 -1 -1
0 5 -1 -1 -1 -1 -1 -1 -1 -1 -1 -1
0 6 -1 -1 -1 -1 -1 -1 -1 -1 -1 -1
0 7 -1 -1 -1 -1 -1 -1 -1 -1 -1 0.00841576
0 8 -1 -1 -1 -1 -1 -1 -1 -1 -1 -1
0 9 -1 -1 -1 -1 -1 -1 -1 -1 -1 -1
1 0 -1 -1 -1 -1 -1 -1 -1 -1 -1 -1
1 1 -1 -1 -1 -1 -1 -1 -1 -1 -1 -1
1 2 -1 -1 -1 -1 -1 -1 -1 -1 -1 -1
1 3 -1 -1 -1 -1 -1 -1 -1 -1 -1 -1
1 4 -1 -1 -1 -1 -1 -1 -1 -1 -1 -1
1 5 -1 -1 -1 -1 -1 -1 -1 -1 -1 -1
1 6 -1 -1 -1 -1 -1 -1 -7.753e-05 -1 -1 -1
1 7 -1 -1 -1 -1 -1 -1 -1 -1 -1 -1
1 8 -1 -1 -1 -1 -1 -1 -1 -1 -1 -1
1 9 -1 -1 -1 -1 -1 -1 -1 -1 -1 -1
2 0 -1 -1 -1 -1 -1 -1 -1 -1 -1 -1
2 1 -1 -1 -1 -1 -1 -1 -1 -1 -1 -1
2 2 -1 -1 -1 -1 -1 -1 -1 -1 -1 -1
2 3 -1 -1 -1 -1 0.000290031 -1 -1 -1 -1 -1
2 4 -1 -1 -1 -1 0.000262155 -1 -1 -1 -1 -1
2 5 -1 -1 -1 -1 -1 -1 -1 -1 -1 -1
2 6 -1 -1 -1 -1 -1 -1 -1 -1 -1 -1
2 7 -1 -1 -1 -1 -1 -1 -1 -1 -1 -1
2 8 -1 -1 -1 -1 -1 -1 -1 -1 -1 -1
2 9 -1 -1 -1 -1 -1 -1 -1 -1 -1 -1
3 0 -1 -1 -1 -1 -1 -1 -1 -1 -1 -1
3 1 -1 -1 -1 -1 -1 -1 -1 -1 -1 -1
3 2 -1 -1 -1 -1 -1 -1 -1 -1 -1 -1
3 3 -1 -1 -1 -0.0014624 -1 -1 -1 -1 -1 -1
3 4 -1 -1 -1 -1 -1 -1 -1 -1 -1 -1
3 5 -1 -1 -1 -1 -1 -1 -1 -1 -1 -1
3 6 -1 -1 -1 -1 -1 -1 -1 -1 -1 -1
3 7 -1 -1 -1 -1 -1 -1 -1 -1 -1 -1
3 8 -1 -1 -1 -1 -1 -1 -1 -1 -1 -1
3 9 -1 -1 -1 -1 -1 -1 -1 -1 -1 -1
4 0 -1 -1 -1 -1 -1 -1 -1 -1 -1 -1
4 1 -1 -1 -1 -1 -1 -1 -1 -1 -1 -1
4 2 -1 -1 -1 -1 -1 -1 -1 -1 -1 -1
4 3 -1 -1 -1 -1 -1 -1 -1 -1 -1 -1
4 4 -1 -1 -1 0.000625848 -7.09584e-05 -1 -1 -1 -1 -1
4 5 -1 -1 -1 -1 -1 -0.000133032 -1 -1 -1 -1
4 6 -1 -1 -1 -1 -1 -1 -1 -1 -1 -1
4 7 -1 -1 -1 -1 -1 -1 -1 -1 -1 -1
4 8 -1 -1 -1 -1 -1 -1 -1 -1 -1 -1
4 9 -1 -1 -1 -1 -1 -1 -1 -1 -1 0.00423451
5 0 -1 -1 -1 -1 -1 -1 -1 -1 -1 -1
5 1 -1 -1 -1 -1 -1 -1 -1 -1 -1 -1
5 2 -1 -1 -1 -1 -1 -1 -1 -1 -1 -1
5 3 -1 -1 -1 -1 -1 -1 -1 -1 -1 -1
5 4 -1 -1 -1 -1 -1 -1 -1 -1 -1 -1
5 5 -1 -1 -1 -1 0.00100988 -1 -1 -1 -1 -1
5 6 -1 -1 -1 -1 -1 -1 -1 -1 -1 -1
5 7 -1 -1 -1 -1 -1 -1 -1 -1 -1 -1
5 8 -1 -1 -1 -1 -1 -1 -1 -1 -1 -1
5 9 -1 -1 -1 -1 -1 -1 0.0122247 -1 -1 -1
6 0 -1 -1 -1 -1 -1 -1 -1 -1 -1 -1
6 1 -1 -1 -1 -1 -1 -1 -1 -1 -1 -1
6 2 -1 -1 -1 -1 -1 -1 -1 -1 -1 -1
6 3 -1 -1 -1 -1 -1 -1 -1 -1 -1 -1
6 4 -1 -1 0.00314562 -1 -1 -1 -1 -1 -1 -1
6 5 -1 -1 -1 -1 -1 -1 -1 -1 -1 -1
6 6 -1 -1 -1 0.00181553 -0.00196633 -1 -1 -1 -1 -1
6 7 -1 -1 -1 -1 -1 -1 -1 -1 -1 -1
6 8 -1 -1 -1 -1 -1 -1 -1 -1 -1 -1
6 9 -1 -1 -1 -1 -1 -1 -1 -1 0.00296673 -1
7 0 -1 -1 -1 -1 -1 -1 -1 -1 -1 -1
7 1 -1 -1 -1 -1 -1 -1 -1 -1 -1 -1
7 2 -1 -1 -1 -1 -1 -1 -1 -1 -1 -1
7 3 -1 -1 -1 -1 -1 -1 -1 -1 -1 -1
7 4 -1 -1 -1 -1 -1 -1 -1 -1 -1 -1
7 5 -1 -1 -1 -1 -1 -1 -1 -1 -1 -1
7 6 -1 -1 -1 -1 -1 -1 -1 -1 -1 -1
7 7 -1 -1 -1 -1 -1 -1 -1 -1 -1 -1
7 8 -1 -1 -1 -1 -1 -1 -1 -1 -1 -1
7 9 -1 -1 -1 -1 -1 -1 -1 -1 -1 -1
8 0 -1 -1 -1 -1 -1 -1 -1 -1 -1 -1
8 1 -1 -1 -1 -1 -1 -1 -1 -1 -1 -1
8 2 -1 -1 -1 -1 -1 -1 -1 -1 -1 -1
8 3 -1 -1 -1 -1 -1 -1 -1 -1 -1 -1
8 4 -1 -1 -1 -1 -1 -1 -1 -1 -1 -1
8 5 0.00267091 -1 -1 -1 -1 -1 -1 -1 -1 -1
8 6 -1 -1 -1 -1 -1 -1 -1 -1 -1 -1
8 7 -1 -1 -1 -1 -1 -1 -1 -1 -1 -1
8 8 -1 -1 -1 -1 -1 -1 -1 -1 -1 -1
8 9 -1 -1 -1 -1 -1 -1 -1 -1 -1 0.0013788
9 0 -1 -1 -1 -1 -1 -1 -1 -1 -1 -1
9 1 -1 -1 -1 -1 -1 -1 -1 -1 -1 -1
9 2 -1 -1 -1 -1 -1 -1 -1 -1 -1 -1
9 3 -1 -1 -1 -1 -1 -1 -1 -1 -1 -1
9 4 0.00381162 -1 0.00397508 -1 -1 -1 -1 -1 -1 -1
9 5 -1 -1 -1 -1 -1 -1 -1 -1 -1 -1
9 6 -1 -1 -1 -1 -1 -1 -1 -1 -1 -1
9 7 -1 -1 0.00253779 -1 -1 -1 -1 -1 -1 -1
9 8 0.00314596 -1 -1 -1 -1 -1 -1 -1 -1 -1
9 9 -1 -1 -1 -1 -1 -1 -1 -1 0.00154453 -1

5000 777 3.74985 0 0 8 -1 0 0 0
0 0 0.389443 0.896744 1.06491 1.39642 1.72871 1.45504 1.57229 3.37966 3.74985 2.50014
0 1 0.0172105 0.171772 0.394854 0.72202 1.21071 1.30615 1.38753 0.918405 0.248242 0.0701885
0 2 0.000394021 0.0821848 0.0983083 0.38663 0.826219 1.16451 1.17299 1.12155 1.84353 0.116306
0 3 0.000208237 0.00108304 0.00977747 0.0369683 0.425058 0.79621 1.00344 0.559059 0.664116 0.114268
0 4 -1 0.000822096 0.00101281 0.00657404 0.0167973 0.610935 0.860439 0.772631 0.71136 0.131252
0 5 -1 0.000586015 0.000886939 0.00209255 0.00274185 0.0849992 0.349992 0.509939 1.21458 0.261943
0 6 -1 -1 0.00186138 -1 0.000520349 0.0232766 0.0208081 0.124967 0.973006 0.137491
0 7 -1 -1 -1 -1 -1 0.000305011 0.00156108 0.0553318 0.0558495 0.710039
0 8 -1 -1 -1 -1 0.000146679 -1 0.000885049 0.0166411 0.200503 0.353668
0 9 -1 -1 -1 -1 -1 -1 -1 0.00858593 0.0181662 0.187554
1 0 0.619997 0.967488 1.51805 1.66436 2.08173 2.59122 2.3596 3.72727 3.74578 -1
1 1 0.350348 0.458608 0.902031 1.26145 1.59684 2.07436 1.97649 2.74653 0.426589 0.00945128
1 2 0.0132419 0.0107124 0.318389 0.257532 1.11541 1.56563 1.80664 2.63495 0.87228 0.0106766
1 3 7.48284e-05 0.000883844 0.0329479 0.415607 0.467681 0.898057 1.5984 2.19899 2.24803 0.00912508
1 4 -1 0.000564636 0.0132318 0.135921 0.0943852 0.705843 0.556814 1.24254 1.69096 0.090367
1 5 -0.000271187 0.00101961 0.00170496 0.00849501 0.139882 0.0782223 0.600386 1.08127 1.5598 0.0633833
1 6 -1 0.0013686 0.00151493 0.00118432 0.0144126 0.0643004 0.24783 0.366789 1.33328 0.950637
1 7 -1 -1 -1 -1 -0.00071329 0.0151888 0.00422239 0.143848 0.646291 0.660875
1 8 -1 -1 -1 -1 0.0090858 0.00035474 0.0010738 0.0205388 0.197648 0.477871
1 9 -1 -1 -1 -1 -1 0.00870714 0.00866838 0.0725361 0.0367211 0.169713
2 0 0.757292 1.1003 1.59285 1.85613 2.33628 2.63293 3.68392 3.64185 -1 -1
2 1 0.469244 0.76936 1.18398 1.29617 2.08998 2.56514 3.04283 2.76816 -0.000934323 -1
2 2 0.217664 0.489353 0.534372 0.780211 1.60416 1.38143 2.78553 2.73694 0.224344 -1
2 3 0.00654364 0.0822266 0.551108 0.534992 0.478625 1.0378 2.16863 2.28396 0.134404 0.105345
2 4 -5.81223e-05 0.00137349 0.173886 0.25477 0.356619 0.77773 1.24523 1.37789 0.441857 0.0128203
2 5 -0.000131193 0.000967476 0.00138067 0.0845459 0.184027 0.447995 0.804581 1.03263 1.41926 0.034575
2 6 -0.000787766 0.00109745 0.0018192 0.001545 0.15812 0.0464587 0.552288 0.861415 0.845658 0.179164
2 7 -0.00021225 -1.33125e-05 0.00111219 0.00107583 0.00148358 0.018168 0.187397 0.550461 0.774012 0.0424851
2 8 -1 -1 -1 -1 0.0280572 0.0181276 0.0483014 0.0573645 0.283075 0.419537
2 9 -1 -1 -1 -1 0.00897673 0.00855271 0.0278096 0.0279301 0.102175 0.143874
3 0 1.14457 1.48581 1.48254 2.29157 2.60895 3.55909 3.65636 -1 -1 -1
3 1 0.691519 1.22097 1.51007 1.62279 2.19839 3.10366 3.17549 0.00501023 -1 -1
3 2 0.582543 0.758537 1.22116 0.989201 1.82183 1.82567 2.73051 1.32513 -0.00105093 -1
3 3 0.277612 0.463479 0.600069 1.00635 0.952819 1.37148 1.4622 2.43258 0.0104598 0.00326768
3 4 0.0081921 0.0253742 0.338686 0.750074 0.820554 0.878167 1.19983 1.42504 0.0228449 0.0146081
3 5 -0.000221904 0.00177596 0.00466821 0.565999 0.392446 0.690026 0.853326 1.14896 0.136243 0.098787
3 6 -0.000148772 0.00154166 0.00850627 0.0235619 0.0959215 0.352412 0.640656 0.758217 0.787337 0.0987481
3 7 -0.000707839 0.00140356 0.000847856 0.000459104 0.00606452 0.105475 0.362488 0.649613 0.644338 0.432238
3 8 -1 -1 -1 -1 0.00850274 0.0293489 0.0374158 0.196013 0.295944 0.426826
3 9 -1 -1 -1 0.113639 0.0758036 0.0130915 0.0431745 0.0233808 0.102948 0.171395
4 0 1.24417 1.76774 2.20802 2.48421 3.59103 3.65194 -1 -1 -1 -1
4 1 0.869015 1.28327 1.93322 2.38529 2.81526 2.96103 1.71738 -1 -1 -1
4 2 0.550061 1.20507 1.53915 1.55896 2.51372 2.72995 2.57167 2.58201 -1 -1
4 3 0.542878 0.725044 1.16265 1.27985 1.19921 1.53319 2.17637 2.23164 0.0105943 0.0972894
4 4 0.182093 0.0500282 0.215552 0.916695 1.06471 1.09855 1.08329 1.37992 0.0129937 0.00534601
4 5 0.0030789 0.036106 0.0215071 0.575823 0.620954 0.984245 1.23683 1.09795 0.916605 0.0281412
4 6 -0.000105835 0.00859028 0.00234764 0.366401 0.128678 0.615158 0.867498 0.844064 0.0210951 0.0194839
4 7 0.000373389 0.00132377 0.00134388 0.0185572 0.0811773 0.112156 0.181472 0.395936 0.615352 0.0780757
4 8 -1 -1 -1 -5.00602e-05 0.0374551 0.0437266 0.0384536 0.0636113 0.288187 0.34633
4 9 -1 -1 0.0124551 0.0181665 0.0241882 0.030966 0.0544009 0.02182 0.0205039 0.0756894
5 0 1.6987 2.25461 2.57432 3.58912 3.60951 -1 -1 -1 -1 -1
5 1 0.799319 1.93765 2.22339 3.01024 3.00946 0.00805138 -1 -1 -1 -1
5 2 0.796124 1.26841 1.87478 2.28477 2.23314 2.6342 0.00349876 -1 -1 -1
5 3 0.625588 0.972494 1.44669 2.23536 2.33822 1.93244 1.39184 -1 -1 -1
5 4 0.511246 0.75012 0.884737 0.729549 1.61419 0.918539 1.93546 1.92378 0.00720048 -1
5 5 0.0856823 0.454547 0.172162 0.15011 0.451913 0.891387 1.26399 1.10437 1.22669 0.0136587
5 6 -0.00021982 0.0124892 0.0413471 0.0510035 0.164022 0.171366 1.15232 0.624145 0.0142208 0.0564667
5 7 0.000646136 0.00149616 0.0177696 0.0241873 0.797407 0.0212454 0.415719 0.55951 0.145397 0.151283
5 8 -1 0.00853763 0.00858461 0.0574947 0.040895 0.0320623 0.0338207 0.565665 0.110147 0.0902092
5 9 -1 0.0147514 0.00861555 0.0184314 0.0659032 0.0679296 0.037465 0.0214189 0.0279536 0.114964
6 0 1.66941 2.35362 3.5517 3.48212 -1 -1 -1 -1 -1 -1
6 1 1.16886 2.32492 2.81454 2.96838 1.79969 -1 -1 -1 -1 -1
6 2 0.861872 1.68412 2.55164 2.67384 2.41222 2.39872 -1 -1 -1 -1
6 3 1.11632 0.943243 2.11865 2.1348 2.33175 1.58239 0.00870588 -1 -1 -1
6 4 0.638947 1.22554 1.65552 1.95219 1.50955 1.89513 1.67674 0.00345439 -1 -1
6 5 0.46383 0.830768 1.44944 1.23898 0.494695 1.63486 1.54819 1.52906 0.00171329 -1
6 6 0.137544 0.457216 0.06857 0.43883 0.196619 0.391395 1.11615 1.11425 0.3843 0.0364799
6 7 0.000891442 0.0201735 0.0380119 0.0793831 0.0281335 0.474131 0.206688 0.323399 0.697811 0.00591848
6 8 -0.000578461 0.014513 0.0295383 0.291884 0.036033 0.377441 0.0301875 0.39696 0.370576 0.371157
6 9 0.00862316 0.0089169 0.0277221 0.074363 0.0216542 0.035537 0.0228726 0.0923184 0.0472593 0.0958875
7 0 1.70068 3.4062 3.54217 -1 -1 -1 -1 -1 -1 -1
7 1 1.42627 2.7806 2.86726 2.51531 -1 -1 -1 -1 -1 -1
7 2 1.16462 2.35728 2.41735 2.12576 0.00902124 -1 -1 -1 -1 -1
7 3 0.825418 2.09351 2.15696 1.33566 2.16726 0.00520363 -1 -1 -1 -1
7 4 1.07234 1.74938 1.7877 1.85507 1.70428 1.76186 0.00471028 -1 -1 -1
7 5 0.726591 1.44179 1.56388 1.32977 1.50308 1.37587 1.32962 0.0100265 -1 -1
7 6 0.554159 0.733257 1.10969 1.22343 1.19918 1.13104 1.16418 1.20958 0.00844118 -1
7 7 0.0204446 0.0482182 0.26719 0.215537 0.0730974 0.612146 0.925007 0.551716 0.0770158 0.0969375
7 8 0.013167 0.0401865 0.468263 0.038705 0.343192 0.0240605 0.024111 0.116544 0.0814464 0.255703
7 9 0.00862827 0.0157226 0.0331712 0.0270756 0.0525185 0.0220267 0.0351664 0.148738 0.17989 0.195994
8 0 2.77463 2.4357 -1 -1 -1 -1 -1 -1 -1 -1
8 1 1.43337 2.06535 0.0152825 -1 -1 -1 -1 -1 -1 -1
8 2 0.91798 2.16103 1.04562 0.00827674 -1 -1 -1 -1 -1 -1
8 3 1.24844 2.02626 0.0194513 0.0185375 0.0116727 -1 -1 -1 -1 -1
8 4 1.59167 1.79005 1.64775 1.32894 1.58609 1.54496 -1 -1 -1 -1
8 5 1.43844 1.45668 1.41618 1.42967 1.48809 1.32634 1.25974 -1 -1 -1
8 6 1.08971 1.08399 1.11155 1.04657 1.11771 1.17774 1.16552 0.999264 0.000591608 -1
8 7 0.701905 0.86787 0.704206 0.693384 0.634485 0.821191 0.885534 0.923231 0.639899 -0.00024489
8 8 0.48953 0.442135 0.519544 0.494331 0.540218 0.513472 0.529562 0.473946 0.599332 0.00560066
8 9 0.022203 0.101804 0.167785 0.182853 0.0439425 0.0353792 0.0230487 0.131326 0.0595487 0.0724879
9 0 0.281849 -1 -1 -1 -1 -1 -1 -1 -1 -1
9 1 0.0553423 0.0198496 -1 -1 -1 -1 -1 -1 -1 -1
9 2 0.0446205 0.00866502 0.0170668 -1 -1 -1 -1 -1 -1 -1
9 3 0.036531 0.0186503 0.0132967 0.00746809 -1 -1 -1 -1 -1 -1
9 4 0.0518702 0.0155091 0.00556958 0.0127652 0.0239205 -1 -1 -1 -1 -1
9 5 0.848664 0.0189981 0.0628222 0.00997325 0.0150928 0.0183454 -1 -1 -1 -1
9 6 0.964634 0.021149 0.622011 0.390599 0.0106952 0.897287 0.0162025 -1 -1 -1
9 7 0.84881 0.623637 0.635792 0.615177 0.648285 0.834451 0.816696 0.602552 -1 -1
9 8 0.528733 0.459538 0.567753 0.53667 0.532887 0.405133 0.494872 0.456976 0.418702 -1
9 9 0.173319 0.125227 0.179999 0.222206 0.207381 0.196709 0.227781 0.260793 0.218959 0.0870491

10000 797 3.77205 2 0 7 -1 0 0 0
0 0 0.389443 0.896744 1.32285 1.61099 2.17041 2.39394 3.00725 3.52125 3.76038 3.44127
0 1 0.0172105 0.179572 0.660993 0.958402 1.37137 1.36176 1.38753 1.54618 0.893594 1.84286
0 2 0.000685492 0.183727 0.24556 0.607383 0.906501 1.45195 1.17299 1.87739 1.84353 0.155845
0 3 0.000208237 0.00108304 0.0566002 0.115439 0.678425 1.05137 1.15982 1.42886 0.664116 0.137015
0 4 -1 0.000822096 0.00101281 0.00657404 0.206841 0.610935 1.05801 1.0994 1.58184 0.465668
0 5 -1 0.000626589 0.00100615 0.00209255 0.00805018 0.110616 0.419876 0.570189 1.38787 0.261943
0 6 -1 0.000183811 0.00186138 0.00101566 0.00853142 0.0277571 0.0401347 0.372165 1.13038 1.22624
0 7 -1 -1 -1 -1 0.00104476 0.00062173 0.00156108 0.0655985 0.854429 0.728951
0 8 -1 -1 -1 -1 0.000146679 0.000363091 0.00988947 0.0469066 0.200503 0.38829
0 9 -1 -1 -1 -1 -1 -1 0.0183931 0.00865453 0.0184128 0.187554
1 0 0.767901 0.967488 1.51805 2.06051 2.35388 2.59122 2.61188 3.76475 3.76967 -1
1 1 0.350348 0.540615 0.902031 1.46342 2.04536 2.25755 2.38954 2.75975 0.785758 0.10325
1 2 0.0181162 0.178152 0.638805 0.893011 1.40994 1.79252 2.15958 2.63495 1.0138 0.180943
1 3 0.000485478 0.0178297 0.159103 0.415607 0.532852 1.1176 1.62523 2.19899 2.24803 0.133284
1 4 -1 0.000701302 0.0466782 0.155512 0.271655 0.972357 1.13643 2.03568 1.92332 0.154963
1 5 -0.000271187 0.00128567 0.0334008 0.061855 0.139882 0.582439 0.690214 1.09733 1.62327 0.364832
1 6 -1 0.0013686 0.142888 0.00479692 0.0560755 0.228237 0.319719 0.705066 1.33328 0.950637
1 7 -1 -1 -1 0.000311366 0.00896614 0.0428404 0.222058 0.520313 0.657223 0.660875
1 8 -1 -1 -1 -1 0.0090858 0.00035474 0.267091 0.0945905 0.295848 0.500521
1 9 -1 -1 -1 -1 -1 0.0185583 0.0248651 0.0725361 0.103975 0.195558
2 0 0.931562 1.34846 1.77505 1.91215 2.72148 2.86582 3.74406 3.77205 0.456219 -1
2 1 0.591971 0.856891 1.18398 1.70283 2.08998 2.56514 3.12299 3.32691 0.475803 -1
2 2 0.217664 0.605224 0.791678 1.024 1.83947 1.69908 2.78553 2.74216 0.72713 0.000577711
2 3 0.013017 0.104108 0.587969 0.808375 0.819707 1.3179 2.16863 2.33366 2.113 0.105345
2 4 0.000419313 0.00828818 0.345785 0.373631 0.713384 0.868984 1.24523 1.78679 0.441857 0.0492016
2 5 -0.000108467 0.00110466 0.0462076 0.285995 0.279475 0.619538 0.958714 1.62313 1.61724 0.18833
2 6 0.000390942 0.00148876 0.00823837 0.0128511 0.167692 0.288074 0.552288 0.861415 1.02948 0.179164
2 7 -0.00021225 0.000627685 0.00871537 0.0636236 0.00835117 0.164831 0.497351 0.697168 0.774012 0.593818
2 8 -1 -1 -1 -1 0.0280572 0.0504822 0.233219 0.255687 0.482681 0.419537
2 9 -1 -1 0.0277147 -1 0.0276699 0.00855271 0.046918 0.101831 0.102175 0.182775
3 0 1.22263 1.58484 1.92181 2.29157 2.87025 3.68563 3.72382 0.700577 -1 -1
3 1 0.691519 1.34957 1.51007 1.69361 2.41182 3.15716 3.18163 2.1573 -1 -1
3 2 0.582543 0.913014 1.36064 1.54797 1.82183 2.7259 2.76875 2.6811 0.010558 -1
3 3 0.277612 0.471252 0.829614 1.11201 1.19915 1.45041 2.20524 2.43258 0.660559 0.0108114
3 4 0.0118513 0.223598 0.68127 0.750074 0.926336 1.04302 1.94076 1.42504 1.89852 0.129875
3 5 0.00112987 0.0368238 0.381256 0.565999 0.533017 0.788158 1.1474 1.15825 0.550383 0.168745
3 6 0.000711919 0.00154166 0.017307 0.0659638 0.275866 1.23682 1.09908 1.26271 0.927276 0.106893
3 7 0.000319591 0.00140356 0.0015637 0.0276711 0.435086 0.79342 0.455007 0.667309 0.644338 0.62701
3 8 -1 -1 -0.00130691 0.324439 0.199883 0.0374738 0.463564 0.412843 0.359372 0.436055
3 9 -1 -1 -1 0.113639 0.0758036 0.0184967 0.0431745 0.179344 0.204857 0.177828
4 0 1.46608 1.76774 2.20802 2.67704 3.63952 3.66629 -1 -1 -1 -1
4 1 0.980183 1.46405 1.93322 2.38529 3.06007 3.08244 1.71738 -1 -1 -1
4 2 0.826398 1.20507 1.53915 2.16666 2.51372 2.72995 2.76239 2.58201 -1 -1
4 3 0.597703 0.829028 1.16265 1.41104 2.43457 2.5351 2.38007 2.53528 0.0116417 0.0972894
4 4 0.211691 0.359864 0.692975 0.979633 1.07713 1.75792 1.20972 1.81332 1.93867 0.00982774
4 5 0.0181687 0.128477 0.424533 0.706457 0.950343 1.36634 1.23683 1.41878 1.49546 0.0424862
4 6 0.000769701 0.00861191 0.257778 0.560867 0.732858 0.973305 0.93691 1.00097 0.48121 0.177724
4 7 0.000373389 0.00162514 0.180408 0.19947 0.184193 0.392373 0.76573 0.834762 0.621234 0.176553
4 8 -1 -1 -1 0.15183 0.213229 0.206493 0.42405 0.27809 0.432057 0.5412
4 9 -1 -1 0.0124551 0.0181665 0.114361 0.0755861 0.130962 0.174171 0.232629 0.267809
5 0 1.6987 2.25461 2.60645 3.63164 3.6567 -1 -1 -1 -1 -1
5 1 1.41103 1.93765 2.39216 3.05023 3.06732 3.07076 0.864553 -1 -1 -1
5 2 0.969662 1.54579 2.00746 2.61361 2.70087 2.7974 2.66709 -1 -1 -1
5 3 0.812673 1.11218 1.57695 2.23536 2.33822 2.42187 2.21823 2.23551 -1 -1
5 4 0.667308 0.920311 1.11575 2.05035 2.06723 2.04817 2.0489 2.04759 2.08594 -1
5 5 0.198097 0.537149 0.866232 0.788009 1.66697 1.07225 1.39214 1.10437 1.74924 0.0136587
5 6 0.00832862 0.0875507 0.317128 0.578532 0.669557 0.929478 1.15232 1.10154 1.11263 0.060014
5 7 0.000646136 0.0604206 0.29569 0.414632 0.797407 0.601877 0.794569 0.917952 0.783101 0.608956
5 8 0.000228989 0.00853763 0.0181856 0.364338 0.420359 0.435151 0.367724 0.565665 0.396229 0.461844
5 9 0.095222 0.0147514 0.00861555 0.0468594 0.0927411 0.0679296 0.130542 0.176191 0.178532 0.208866
6 0 2.09662 2.6913 3.66142 3.71921 1.30099 -1 -1 -1 -1 -1
6 1 1.42246 2.32492 2.96603 2.96838 2.82047 -1 -1 -1 -1 -1
6 2 1.1687 1.91658 2.62943 2.76486 2.60238 2.81246 -1 -1 -1 -1
6 3 1.11632 1.24546 2.34782 2.25614 2.33724 2.29281 2.15874 1.12163 -1 -1
6 4 0.82909 1.22937 1.7138 1.95219 1.97494 1.99318 2.04229 2.10729 -1 -1
6 5 0.641267 0.830768 1.55177 1.34672 1.57375 1.63486 1.6511 1.71269 0.222346 -1
6 6 0.319422 0.504158 0.450668 0.688991 1.26416 1.37188 1.21874 1.36653 1.21628 0.0364799
6 7 0.0248834 0.123598 0.201599 0.449683 0.853408 0.53654 0.841922 0.988671 0.697811 0.650622
6 8 0.000851734 0.410408 0.0798562 0.291884 0.539616 0.377441 0.240158 0.603984 0.404167 0.478411
6 9 0.0374108 0.0089169 0.0469283 0.074363 0.18397 0.0635115 0.103441 0.0923184 0.225989 0.135906
7 0 2.74917 3.66204 3.66676 -1 -1 -1 -1 -1 -1 -1
7 1 2.40216 2.86754 2.86726 2.51531 -1 -1 -1 -1 -1 -1
7 2 1.26318 2.45988 2.55764 2.58977 2.37995 -1 -1 -1 -1 -1
7 3 1.12524 2.21019 2.29972 2.28864 2.34416 2.14497 -1 -1 -1 -1
7 4 1.07234 1.89337 1.89012 2.03048 2.0098 1.95519 1.88195 -1 -1 -1
7 5 0.914663 1.5606 1.56444 1.67642 1.60474 1.77884 1.64136 1.34213 -1 -1
7 6 0.554159 1.14019 1.10969 1.23392 1.27466 1.30903 1.31888 1.28364 1.12173 -1
7 7 0.22353 0.651617 0.662511 0.902876 0.561845 0.978783 0.925007 1.02274 0.603329 0.108057
7 8 0.0317757 0.15797 0.468263 0.488102 0.390419 0.301494 0.330796 0.376267 0.583643 0.411758
7 9 0.00914576 0.133068 0.185295 0.104226 0.0688735 0.0280577 0.168451 0.248981 0.236278 0.195994
8 0 3.54651 3.61862 -1 -1 -1 -1 -1 -1 -1 -1
8 1 2.6814 2.06535 0.0152825 -1 -1 -1 -1 -1 -1 -1
8 2 1.78598 2.16103 1.76508 0.00827674 -1 -1 -1 -1 -1 -1
8 3 1.24847 2.13146 1.97926 1.93829 1.52705 -1 -1 -1 -1 -1
8 4 1.59167 1.9035 1.75493 1.84614 1.84927 1.6085 -1 -1 -1 -1
8 5 1.43844 1.56425 1.58201 1.60709 1.61356 1.57586 1.47509 -1 -1 -1
8 6 1.20998 1.19526 1.23449 1.22118 1.29199 1.30373 1.33418 1.12723 0.000591608 -1
8 7 0.893763 0.909128 0.768877 0.882546 0.905074 0.987172 1.01167 0.923231 0.920015 -0.00024489
8 8 0.50008 0.442135 0.623972 0.495974 0.550389 0.615242 0.592113 0.556769 0.665002 0.432313
8 9 0.0503559 0.101804 0.167785 0.182853 0.13105 0.181775 0.180863 0.151666 0.196919 0.173303
9 0 2.07709 -1 -1 -1 -1 -1 -1 -1 -1 -1
9 1 0.0671267 0.0198496 -1 -1 -1 -1 -1 -1 -1 -1
9 2 0.884544 0.0167911 0.0170668 -1 -1 -1 -1 -1 -1 -1
9 3 0.796406 0.0230393 0.0163784 0.0199743 -1 -1 -1 -1 -1 -1
9 4 0.133318 0.0454832 0.00586342 0.0127652 0.735697 -1 -1 -1 -1 -1
9 5 0.848664 0.397952 0.32276 0.151912 0.0150928 0.0183454 -1 -1 -1 -1
9 6 0.985734 0.938374 0.686816 0.633605 0.972629 0.900363 1.00316 -1 -1 -1
9 7 0.857381 0.638753 0.830928 0.767151 0.831551 0.888718 0.816875 0.729502 0.462913 -1
9 8 0.542145 0.513954 0.567753 0.536929 0.576115 0.568081 0.579935 0.613379 0.608131 0.000153013
9 9 0.21577 0.195818 0.245471 0.252419 0.258293 0.270337 0.271598 0.281128 0.263463 0.0870491

15000 805 3.78282 1 0 7 -1 0 0 0
0 0 0.389443 0.896744 1.32285 1.67702 2.17041 2.60463 3.07268 3.52125 3.77151 3.47322
0 1 0.0390468 0.747056 0.736033 1.0506 1.37137 1.49111 1.40703 1.87693 0.893594 1.84286
0 2 0.00674384 0.201698 0.24556 0.607383 0.906501 1.45195 1.18634 1.87739 1.84353 0.194213
0 3 0.000842211 0.00108304 0.0566002 0.115439 0.737891 1.05137 1.48076 1.42886 1.61967 0.137015
0 4 -1 0.000822096 0.00101281 0.00851282 0.206841 0.610935 1.05801 1.34133 1.60836 0.509575
0 5 -1 0.000626589 0.00134779 0.00209255 0.00865801 0.110616 0.482459 0.736775 1.38787 0.285997
0 6 -1 0.000183811 0.00186138 0.00106765 0.00853142 0.0277571 0.449285 0.424486 1.18257 1.22624
0 7 -1 -1 -1 -1 0.00104476 0.00062173 0.0169541 0.114977 0.854429 0.874639
0 8 -1 -1 -1 -1 0.000146679 0.000792682 0.00988947 0.0469066 0.201512 0.471246
0 9 -1 -1 -1 -1 -1 -1 0.0183931 0.0376695 0.0238899 0.187554
1 0 0.767901 1.12746 1.51805 2.06051 2.42604 2.59122 3.03177 3.78282 3.76967 -1
1 1 0.401631 0.737748 0.902031 1.46342 2.04536 2.25755 2.53422 2.93618 2.16821 0.10325
1 2 0.0181162 0.178152 0.755112 1.07556 1.40994 1.79252 2.15958 2.71173 2.46506 0.180943
1 3 0.00083342 0.0239378 0.413286 0.415607 0.99687 1.44273 1.62523 2.32875 2.24803 0.154727
1 4 -1 0.00102802 0.0466782 0.155512 0.481862 0.972357 1.13643 2.03568 1.93505 0.193047
1 5 -0.000271187 0.00128567 0.0334008 0.0839537 0.139882 0.582439 0.690214 1.45917 1.62327 0.364832
1 6 -1 0.0013686 0.142888 0.00842439 0.146457 0.228237 0.32582 0.705066 1.33328 0.950637
1 7 -1 -0.000246168 -1 0.000311366 0.00896614 0.142032 0.284065 0.520313 0.869736 0.660875
1 8 -1 -1 -1 -1 0.0090858 0.00881542 0.267091 0.111924 0.454851 0.500521
1 9 -1 -1 -1 -1 0.0850818 0.0853 0.0248651 0.0725361 0.131415 0.201083
2 0 0.931562 1.34846 1.77505 2.191 2.72148 3.29526 3.76226 3.77205 0.456219 -1
2 1 0.591971 0.989697 1.18398 1.70283 2.15768 2.56514 3.21419 3.32691 0.475803 -1
2 2 0.343239 0.648291 0.791678 1.024 1.83947 1.8875 2.78553 2.74216 0.72713 0.0195422
2 3 0.013017 0.132234 0.706747 0.808375 1.33159 1.68041 2.34716 2.33366 2.113 0.105345
2 4 0.000497637 0.084728 0.345785 0.472438 0.713384 0.923902 1.96059 1.91253 1.79574 0.151425
2 5 -0.000108467 0.0754362 0.273198 0.574579 0.323253 0.619538 0.958714 1.6476 1.61724 0.18833
2 6 0.000834808 0.00151005 0.0109992 0.230953 0.245431 0.452816 0.608518 1.31009 1.02948 0.191763
2 7 2.35907e-05 0.000627685 0.0171619 0.0636236 0.153463 0.164831 0.497351 0.73091 0.774012 0.593818
2 8 -1 -1 -1 -1 0.0280572 0.161973 0.233219 0.365363 0.563159 0.419537
2 9 -1 -1 0.0277147 0.0948603 0.1141 0.0659433 0.046918 0.101831 0.203313 0.237006
3 0 1.22784 1.58484 2.04197 2.6045 2.90409 3.68775 3.72436 3.15155 -1 -1
3 1 0.781058 1.44767 1.61255 1.70794 2.41182 3.22344 3.18163 2.81107 -1 -1
3 2 0.582543 0.983775 1.36064 1.57802 2.11567 2.83292 2.83416 2.72111 0.010558 -1
3 3 0.277612 0.471252 0.88267 1.11201 1.60008 1.83003 2.28804 2.43258 0.660559 0.0121644
3 4 0.0201094 0.223598 0.68127 0.750074 0.926336 1.29753 1.94076 1.9896 1.89852 0.129875
3 5 0.00199706 0.0368238 0.381256 0.565999 0.879958 1.5377 1.14954 1.61538 0.60843 0.168745
3 6 0.0847616 0.00154166 0.28444 0.19023 0.458289 1.23682 1.09908 1.26271 0.985464 0.169273
3 7 0.000319591 0.00140356 0.00178992 0.0852429 0.435086 0.79342 0.601207 0.667309 0.644338 0.753794
3 8 -1 0.000234227 -0.00130691 0.324439 0.199883 0.247309 0.463564 0.513148 0.380825 0.530933
3 9 -1 -1 0.0182465 0.181171 0.0758036 0.0724227 0.181138 0.223382 0.250747 0.182574
4 0 1.46608 1.85702 2.24234 2.69651 3.63952 3.68134 0.880303 -1 -1 -1
4 1 1.03729 1.71372 1.93322 2.38529 3.24844 3.12768 3.26217 0.818114 -1 -1
4 2 0.961166 1.20507 1.80965 2.33113 2.58732 2.76314 2.76239 2.65829 -1 -1
4 3 0.597703 0.864716 1.35197 1.68863 2.43457 2.5351 2.38007 2.53528 0.0116417 0.0972894
4 4 0.336397 0.457397 0.96439 1.29792 2.06873 1.8537 1.29987 2.10276 1.93867 0.00982774
4 5 0.0181687 0.142612 0.52678 0.986961 1.15201 1.56082 1.23683 1.41878 1.49546 0.110928
4 6 0.0370524 0.0179157 0.257778 0.560867 0.732858 0.973305 0.937604 1.00097 0.85461 0.177724
4 7 0.000373389 0.104319 0.450309 0.639717 0.725821 0.666817 0.76573 0.846036 0.655849 0.243752
4 8 -1 -1 -1 0.411052 0.213229 0.308875 0.465577 0.481739 0.452707 0.5412
4 9 -1 -1 0.0181619 0.0181665 0.114361 0.104586 0.20776 0.176151 0.232629 0.267809
5 0 1.6987 2.25461 2.81447 3.69675 3.66186 -1 -1 -1 -1 -1
5 1 1.41103 1.98992 2.42718 3.10784 3.14213 3.07076 0.864553 -1 -1 -1
5 2 0.969662 1.54579 2.00746 2.68765 2.72687 2.83921 2.80887 -1 -1 -1
5 3 0.998842 1.14669 1.57695 2.27276 2.33822 2.42187 2.48396 2.34927 -1 -1
5 4 0.667308 1.01739 1.30919 2.05035 2.06723 2.04817 2.0789 2.04759 2.08594 -1
5 5 0.198097 0.537149 0.866232 1.73978 1.66697 1.27813 1.56807 1.31625 1.74924 0.0158959
5 6 0.00832862 0.535338 0.367713 0.76466 0.768728 0.999342 1.15232 1.14602 1.1911 0.0879578
5 7 0.000646136 0.0604206 0.29569 0.42969 0.797407 0.687536 0.817566 0.917952 0.783101 0.608956
5 8 0.000228989 0.00853763 0.0181856 0.364338 0.422801 0.435151 0.503985 0.65457 0.532371 0.461844
5 9 0.095222 0.0277405 0.008644 0.0468594 0.0927411 0.124706 0.146863 0.185385 0.223147 0.26195
6 0 2.09662 2.6913 3.71198 3.71921 1.50379 -1 -1 -1 -1 -1
6 1 1.42246 2.32492 3.01602 3.11044 2.8351 -1 -1 -1 -1 -1
6 2 1.1687 1.91658 2.62943 2.76486 2.73024 2.81246 -1 -1 -1 -1
6 3 1.14561 1.69081 2.34782 2.38443 2.41396 2.37276 2.15874 1.12163 -1 -1
6 4 0.831934 1.34729 1.7138 1.95219 1.97494 2.07637 2.04229 2.10729 -1 -1
6 5 0.641267 1.10828 1.58091 1.52105 1.57375 1.63486 1.70849 1.71269 1.65508 -1
6 6 0.418014 0.504158 0.553525 0.898501 1.29281 1.37188 1.3546 1.36653 1.3291 0.0364799
6 7 0.0350487 0.743862 0.377321 0.570926 0.853408 0.592343 0.841922 0.988671 0.753671 0.650622
6 8 0.000851734 0.410408 0.429363 0.436864 0.539616 0.377441 0.438886 0.603984 0.433949 0.478411
6 9 0.0374108 0.179834 0.0469283 0.14711 0.18397 0.162989 0.10985 0.203994 0.225989 0.198931
7 0 3.0301 3.66816 3.68512 -1 -1 -1 -1 -1 -1 -1
7 1 2.40216 2.86754 2.86726 2.51531 2.22023 -1 -1 -1 -1 -1
7 2 1.45685 2.51687 2.62604 2.58977 2.41162 -1 -1 -1 -1 -1
7 3 1.12524 2.23069 2.36133 2.28969 2.34416 2.18741 -1 -1 -1 -1
7 4 1.07416 1.89337 1.89012 2.03048 2.0098 2.06231 1.88665 -1 -1 -1
7 5 0.914663 1.5606 1.56444 1.67642 1.62275 1.77884 1.64136 1.56007 -1 -1
7 6 0.843275 1.30552 1.25211 1.23703 1.27466 1.30903 1.34743 1.29277 1.12173 -1
7 7 0.31489 0.852777 0.930331 0.902876 0.862175 0.978783 0.956878 1.02274 0.769104 0.108057
7 8 0.180748 0.180912 0.468263 0.488102 0.390419 0.625098 0.396602 0.403912 0.583643 0.534913
7 9 0.11372 0.133068 0.185295 0.104226 0.140233 0.10215 0.168451 0.248981 0.236278 0.195994
8 0 3.54651 3.61862 -1 -1 -1 -1 -1 -1 -1 -1
8 1 2.6814 2.07659 0.0152825 -1 -1 -1 -1 -1 -1 -1
8 2 1.9448 2.16103 1.76508 0.00827674 -1 -1 -1 -1 -1 -1
8 3 1.41082 2.13146 2.02515 2.09022 1.7792 -1 -1 -1 -1 -1
8 4 1.75284 1.9035 1.75939 1.84614 1.84927 1.69114 -1 -1 -1 -1
8 5 1.48288 1.56425 1.58201 1.60709 1.64476 1.60414 1.47509 -1 -1 -1
8 6 1.20998 1.27793 1.26936 1.27226 1.29199 1.30373 1.33418 1.12723 1.12585 -1
8 7 0.905366 0.925082 0.885081 0.99254 1.00272 0.987172 1.01167 0.974729 0.95694 -8.13499e-06
8 8 0.505669 0.577264 0.623972 0.513899 0.578333 0.633281 0.634586 0.599945 0.665002 0.432313
8 9 0.0563136 0.152242 0.167785 0.182853 0.194824 0.234474 0.211357 0.151666 0.252405 0.190056
9 0 2.07709 -1 -1 -1 -1 -1 -1 -1 -1 -1
9 1 0.689792 0.0198496 -1 -1 -1 -1 -1 -1 -1 -1
9 2 1.14055 0.0167911 0.0170668 -1 -1 -1 -1 -1 -1 -1
9 3 0.796406 0.0230393 0.0163784 0.0199743 -1 -1 -1 -1 -1 -1
9 4 0.908694 0.0475942 0.00586342 0.0127652 0.735697 -1 -1 -1 -1 -1
9 5 0.848664 0.540569 0.32276 0.151912 0.0150928 0.0183454 -1 -1 -1 -1
9 6 1.06048 0.938374 0.865544 0.91403 0.972629 0.900363 1.00316 -1 -1 -1
9 7 0.866624 0.747261 0.830928 0.860319 0.834672 0.888718 0.816875 0.858572 0.462913 -1
9 8 0.542145 0.517632 0.582193 0.587751 0.607355 0.608658 0.59115 0.613379 0.608131 0.351573
9 9 0.21845 0.244047 0.245471 0.252419 0.269358 0.270337 0.286353 0.281128 0.271493 0.157527

20000 812 3.78282 1 0 7 -1 0 0 0
0 0 0.438326 0.896744 1.35829 1.67702 2.17041 2.60463 3.07268 3.53868 3.77151 3.47322
0 1 0.0467283 0.747056 0.736033 1.05934 1.37137 1.713 1.81193 1.96438 0.918429 1.84286
0 2 0.00804079 0.201698 0.24556 0.656746 1.03129 1.45195 1.58299 1.87739 1.84353 0.809145
0 3 0.000842211 0.00795731 0.0566002 0.248361 0.737891 1.05137 1.48076 1.52751 2.12698 0.137015
0 4 -1 0.000822096 0.00101281 0.00851282 0.206841 0.610935 1.05801 1.34133 1.73578 0.509575
0 5 -1 0.000626589 0.00142963 0.0100737 0.0132705 0.110616 0.540848 0.787985 1.44972 0.285997
0 6 -1 0.000183811 0.00186138 0.00157259 0.00853142 0.0277571 0.449285 0.424486 1.18257 1.22624
0 7 -1 -1 0.000409065 -1 0.00104476 0.00362092 0.0169541 0.114977 0.854429 0.874639
0 8 -1 -1 -1 -1 0.000146679 0.0145859 0.0183519 0.0469066 0.201512 0.569877
0 9 -1 -1 -1 -1 -1 -1 0.0183931 0.0376695 0.0238899 0.187554
1 0 0.767901 1.12746 1.52371 2.06051 2.42604 2.81954 3.393 3.78282 3.77809 -1
1 1 0.401631 0.737748 0.902031 1.63134 2.04536 2.25755 2.63257 2.93618 2.16821 0.10325
1 2 0.0494681 0.196316 0.755112 1.07556 1.40994 1.827 2.16813 2.71173 2.51458 0.180943
1 3 0.00083342 0.225524 0.505791 0.476628 0.99687 1.44273 1.62523 2.34229 2.36291 0.154727
1 4 -1 0.10458 0.0817754 0.249975 0.481862 0.972357 1.15294 2.03568 1.93505 0.193047
1 5 -0.000271187 0.00128567 0.0986456 0.0839537 0.139882 0.582439 0.690214 1.45917 1.65186 0.41346
1 6 -1 0.0013686 0.142888 0.00842439 0.235954 0.228237 0.554221 0.795604 1.33328 0.950637
1 7 -1 -9.99583e-05 9.09451e-05 0.000311366 0.0188084 0.142032 0.289846 0.520313 0.874709 0.674052
1 8 -1 -1 -1 -1 0.0090858 0.00881542 0.267091 0.196943 0.454851 0.594679
1 9 -1 -1 -1 -1 0.0850818 0.0853 0.0248651 0.0725361 0.131415 0.215612
2 0 0.931562 1.43903 1.96513 2.191 2.72148 3.29526 3.76226 3.77429 0.456219 -1
2 1 0.591971 0.989697 1.32217 1.70283 2.15768 2.56514 3.21419 3.32691 3.05153 -1
2 2 0.343239 0.648291 0.920551 1.26974 1.83947 1.8875 2.798 2.74705 0.72713 0.0195422
2 3 0.013017 0.282679 0.706747 0.808375 1.33159 1.68041 2.38391 2.34185 2.15701 0.105345
2 4 0.000497637 0.084728 0.345785 0.472438 0.737966 1.11631 1.96059 1.99571 1.79574 0.151425
2 5 -0.000108467 0.0754362 0.294948 0.574579 0.447592 0.619538 0.958714 1.6476 1.61724 0.285898
2 6 0.000834808 0.00151005 0.0109992 0.230953 0.245431 0.60432 0.660893 1.31009 1.35212 0.191763
2 7 2.35907e-05 0.00121955 0.0171619 0.0636236 0.153463 0.420267 0.497351 0.741174 0.97824 0.593818
2 8 -1 -1 -1 -1 0.0280572 0.161973 0.233219 0.365363 0.563159 0.498701
2 9 -1 -1 0.0277147 0.0948603 0.1141 0.0659433 0.046918 0.101831 0.203313 0.237006
3 0 1.22784 1.58484 2.31326 2.6045 2.97 3.71894 3.72733 3.15155 -1 -1
3 1 0.788068 1.44767 1.6266 1.77092 2.41182 3.22344 3.18889 3.2335 -1 -1
3 2 0.582543 1.11312 1.36064 1.57802 2.11567 2.83292 2.96134 2.72111 0.010558 -1
3 3 0.277612 0.471252 0.88267 1.11201 1.60008 1.83003 2.28804 2.53839 0.660559 0.0164889
3 4 0.0213538 0.243798 0.68127 0.750074 1.15248 1.29753 1.94076 2.04481 1.89852 0.129875
3 5 0.00513611 0.0368238 0.381256 0.565999 0.879958 1.63869 1.14954 1.67739 0.60843 0.168745
3 6 0.0847616 0.00154166 0.28444 0.229895 0.458289 1.23682 1.09908 1.26271 0.989572 1.1333
3 7 0.000319591 0.00140356 0.0131174 0.151426 0.435086 0.79342 0.726549 0.730377 0.821712 0.753794
3 8 -1 0.000234227 -0.00130691 0.324439 0.296078 0.247309 0.463564 0.513148 0.522311 0.530933
3 9 -1 -1 0.0855045 0.181171 0.0758036 0.0724227 0.181138 0.223382 0.250747 0.266307
4 0 1.46608 1.98262 2.24234 2.70507 3.65236 3.68134 1.1032 -1 -1 -1
4 1 1.03729 1.73384 1.95478 2.38529 3.24844 3.27049 3.26217 0.818114 -1 -1
4 2 0.961166 1.20507 1.80965 2.33113 2.64194 2.85075 2.78876 2.65829 -1 -1
4 3 0.600103 0.953512 1.52224 1.68863 2.43457 2.5351 2.38007 2.53528 0.0116417 0.0972894
4 4 0.336397 0.896155 0.96439 1.29792 2.06873 1.8537 2.15837 2.10276 1.93867 0.0104872
4 5 0.0181687 0.328055 0.52678 0.986961 1.41586 1.56082 1.40464 1.47301 1.49546 0.110928
4 6 0.0370524 0.0550828 0.257778 0.560867 0.783665 0.991916 1.03394 1.13281 1.3053 0.222034
4 7 0.00108798 0.104319 0.450309 0.639717 0.725821 0.787898 0.779163 0.846036 0.863671 0.523054
4 8 -1 -0.000585097 0.000217772 0.411052 0.213229 0.416555 0.465577 0.55628 0.452707 0.5412
4 9 -1 0.113818 0.0371118 0.0757037 0.114361 0.104586 0.20776 0.241099 0.232629 0.267809
5 0 1.6987 2.25461 2.81447 3.69675 3.66811 1.26745 -1 -1 -1 -1
5 1 1.41103 1.98992 2.42718 3.10784 3.14213 3.10888 0.864553 -1 -1 -1
5 2 1.21416 1.5995 2.00746 2.68765 2.76057 2.83921 2.80887 -1 -1 -1
5 3 0.998842 1.14669 1.68784 2.27276 2.33822 2.42187 2.55162 2.37586 -1 -1
5 4 0.667308 1.01739 1.30919 2.05035 2.06723 2.04817 2.09742 2.07412 2.17733 -1
5 5 0.448468 0.537149 0.886185 1.73978 1.66697 1.27813 1.62026 1.68225 1.74924 0.0158959
5 6 0.00862575 0.535338 0.898002 0.787752 1.01967 1.0083 1.31615 1.14602 1.2759 0.0879578
5 7 0.000646136 0.0604206 0.29569 0.621007 0.797407 0.687536 0.817566 1.00466 0.783101 0.625281
5 8 0.000228989 0.0217984 0.0181856 0.364338 0.422801 0.440279 0.503985 0.65457 0.563607 0.461844
5 9 0.095222 0.0277405 0.0466974 0.0945895 0.0927411 0.124706 0.146863 0.185385 0.223147 0.26195
6 0 2.09662 2.99673 3.71588 3.72315 1.50379 -1 -1 -1 -1 -1
6 1 1.58301 2.32492 3.01602 3.11044 2.93489 -1 -1 -1 -1 -1
6 2 1.26463 1.91658 2.62943 2.76486 2.73024 2.81246 -1 -1 -1 -1
6 3 1.14561 1.97814 2.34782 2.38443 2.41396 2.40343 2.4642 1.12163 -1 -1
6 4 0.913766 1.34729 1.81255 1.95572 1.98908 2.1621 2.04229 2.10729 -1 -1
6 5 0.641267 1.10828 1.58091 1.63544 1.60565 1.63486 1.71511 1.71269 1.68668 -1
6 6 0.418014 0.532401 0.927938 1.00793 1.29281 1.37188 1.39396 1.36781 1.35425 0.184567
6 7 0.0588874 0.754862 0.383004 0.693831 0.853408 0.773301 0.841922 0.988671 0.753671 0.718773
6 8 0.000851734 0.410408 0.429363 0.468439 0.539616 0.456347 0.438886 0.603984 0.565565 0.478411
6 9 0.0374108 0.179834 0.0472132 0.14711 0.228765 0.162989 0.10985 0.203994 0.260123 0.198931
7 0 3.26536 3.67284 3.68512 -1 -1 -1 -1 -1 -1 -1
7 1 2.40216 2.86754 2.86726 2.83844 2.22023 -1 -1 -1 -1 -1
7 2 1.47318 2.55296 2.62604 2.66136 2.51727 -1 -1 -1 -1 -1
7 3 1.15628 2.25245 2.36133 2.28969 2.40213 2.18741 -1 -1 -1 -1
7 4 1.08795 1.93467 1.97577 2.03048 2.0098 2.06584 2.06334 -1 -1 -1
7 5 0.914663 1.5606 1.63056 1.67642 1.62775 1.77884 1.66387 1.56007 0.488546 -1
7 6 0.843275 1.30552 1.25211 1.32061 1.27466 1.31407 1.40934 1.388 1.20258 -1
7 7 0.324008 0.925865 0.930331 0.902876 0.862175 0.978783 0.956878 1.02274 0.946224 0.108057
7 8 0.391097 0.42938 0.468263 0.488102 0.425551 0.625098 0.482796 0.434165 0.583643 0.577027
7 9 0.126044 0.133068 0.185295 0.140266 0.177081 0.18819 0.168451 0.248981 0.236278 0.195994
8 0 3.60234 3.61862 -1 -1 -1 -1 -1 -1 -1 -1
8 1 2.6814 2.30624 0.0152825 -1 -1 -1 -1 -1 -1 -1
8 2 1.9448 2.19094 1.76508 0.00827674 -1 -1 -1 -1 -1 -1
8 3 1.41082 2.13146 2.02515 2.14151 1.89886 -1 -1 -1 -1 -1
8 4 1.75284 1.9035 1.79501 1.84614 1.84927 1.72239 -1 -1 -1 -1
8 5 1.48288 1.56425 1.63742 1.60709 1.64476 1.60414 1.51344 -1 -1 -1
8 6 1.20998 1.27793 1.26936 1.27226 1.29199 1.30634 1.33418 1.30914 1.12585 -1
8 7 0.905366 0.925082 0.917052 1.00753 1.00272 0.994976 1.01474 0.974729 0.95694 -8.13499e-06
8 8 0.532701 0.577264 0.623972 0.577298 0.606862 0.633281 0.64833 0.599945 0.665002 0.432313
8 9 0.171323 0.165813 0.167785 0.182853 0.194824 0.234474 0.211357 0.201312 0.252405 0.254497
9 0 2.30175 -1 -1 -1 -1 -1 -1 -1 -1 -1
9 1 1.31507 0.0198496 -1 -1 -1 -1 -1 -1 -1 -1
9 2 1.59083 0.0167911 0.0170668 -1 -1 -1 -1 -1 -1 -1
9 3 0.796406 0.0230393 0.0163784 0.0199743 -1 -1 -1 -1 -1 -1
9 4 0.908694 0.0778272 0.00597216 0.0211063 0.735697 -1 -1 -1 -1 -1
9 5 0.968321 0.540569 0.32276 0.272859 0.0150928 0.0183454 -1 -1 -1 -1
9 6 1.06048 0.938374 0.865544 0.91403 0.972629 0.957427 1.00316 -1 -1 -1
9 7 0.866624 0.777517 0.9055 0.860319 0.870206 0.888718 0.885719 0.858572 0.462913 -1
9 8 0.554083 0.517632 0.614573 0.587751 0.62225 0.629865 0.604975 0.613379 0.608131 0.351573
9 9 0.252406 0.244047 0.245471 0.252419 0.269358 0.273942 0.286353 0.281128 0.271493 0.257577

