0 21 0.0105401 3 9 7 -1 0 0 0
0 0 -1 -1 -1 -1 -1 -1 -1 -1 -1 -1
0 1 -1 -1 -1 -1 -1 -1 -1 -1 -1 -1
0 2 -1 -1 -1 -1 -1 -1 -1 -1 -1 -1
0 3 -1 -1 -1 -1 -1 -1 -1 -1 -1 -1
0 4 -1 -1 -1 -1 -1 -1 -1 -1 -1 -1
0 5 -1 -1 -1 -1 -1 -1 -1 -1 -1 -1
0 6 -1 -1 -1 -1 -1 -1 -1 -1 -1 -1
0 7 -1 -1 -1 -1 -1 -1 -1 -1 -1 -1
0 8 -1 -1 -1 -1 -1 -1 -1 -1 -1 -1
0 9 -1 -1 -1 -1 -1 -1 -1 -1 -1 0.00476542
1 0 -1 -1 -1 -1 -1 -1 -1 -1 -1 -1
1 1 -1 -1 -1 -1 -1 -1 -1 -1 -1 -1
1 2 -1 -1 -1 -1 -1 -1 -1 -1 -1 -1
1 3 -1 -1 -1 -1 -1 -1 -1 -1 -1 -1
1 4 -1 -1 -1 -1 -1 -1 -1 -1 -1 -1
1 5 -1 -1 -1 -1 -1 -1 -1 -1 -1 -1
1 6 -1 -1 -1 -1 -1 -1 -1 -1 -1 -1
1 7 -1 -1 -1 -1 -1 -1 -1 -1 -1 -1
1 8 -1 -1 -1 -1 -1 -1 -1 -1 -1 -1
1 9 -1 -1 -1 -1 -1 -1 -1 -1 -1 -1
2 0 -1 -1 -1 -1 -1 -1 -1 -1 -1 -1
2 1 -1 -1 -1 -1 -1 -1 -1 -1 -1 -1
2 2 -1 -1 -1 -1 -1 -1 -1 -1 -1 -1
2 3 -1 -1 -1 -1 0.00117249 -1 -1 -1 -1 -1
2 4 -1 -1 -1 -1 -1 -1 -1 -1 -1 -1
2 5 -1 -1 -1 -1 -1 -1 -1 -1 -1 -1
2 6 -1 -1 -1 -1 -1 -1 -1 -1 -1 -1
2 7 -1 -1 -1 -1 -1 -1 -1 -1 -1 -1
2 8 -1 -1 -1 -1 -1 -1 -1 -1 -1 -1
2 9 -1 -1 -1 -1 -1 -1 -1 -1 -1 -1
3 0 -1 -1 -1 -1 -1 -1 -1 -1 -1 -1
3 1 -1 -1 -1 -1 -1 -1 -1 -1 -1 -1
3 2 -1 -1 -1 -1 -1 -1 -1 -1 -1 -1
3 3 -1 -1 -1 -1 -1 -1 -1 -1 -1 -1
3 4 -1 -1 -1 -1 -0.000277185 0.000246316 -1 -1 -1 -1
3 5 -1 -1 -1 -1 -1 -1 0.000533588 -1 -1 -1
3 6 -1 -1 -1 -1 -1 -1 -1 -1 -1 -1
3 7 -1 -1 -1 -1 -1 -1 -1 -1 -1 -1
3 8 -1 -1 -1 -1 -1 -1 -1 -1 -1 -1
3 9 -1 -1 -1 -1 -1 -1 -1 0.0105401 -1 -1
4 0 -1 -1 -1 -1 -1 -1 -1 -1 -1 -1
4 1 -1 -1 -1 -1 -1 -1 -1 -1 -1 -1
4 2 -1 -1 -1 -1 -1 -1 -1 -1 -1 -1
4 3 -1 -1 -1 -1 -1 -1 -1 -1 -1 -1
4 4 -1 -1 0.000744732 0.000447234 -0.000541683 -1 -1 -1 -1 -1
4 5 -1 -1 -1 -1 -1 -1 -1 -1 -1 -1
4 6 -1 -1 -1 -1 -1 -1 0.00131262 -0.000291489 -1 -1
4 7 -1 -1 -1 -1 -1 -1 -1 0.000517088 -1 -1
4 8 -1 -1 -1 -1 -1 -1 -1 -1 -1 -1
4 9 -1 -1 -1 -1 -1 -1 -1 -1 -1 -1
5 0 -1 -1 -1 -1 -1 -1 -1 -1 -1 -1
5 1 -1 -1 -1 -1 -1 -1 -1 -1 -1 -1
5 2 -1 -1 -1 -1 -1 -1 -1 -1 -1 -1
5 3 -1 -1 -1 -1 -1 -1 -1 -1 -1 -1
5 4 -1 -1 -0.000312788 -1 -1 -1 -1 -1 -1 -1
5 5 -1 -1 -1 -1 0.000915435 -1 -1 -1 -1 -1
5 6 -1 -1 -1 -1 -1 -1 -1 -1 -1 -1
5 7 -1 -1 -1 -1 -1 -1 -1 -1 -1 -1
5 8 -1 -1 -1 -1 -1 -1 -1 -1 -1 -1
5 9 -1 -1 -1 -1 -1 -1 -1 -1 -1 -1
6 0 -1 -1 -1 -1 -1 -1 -1 -1 -1 -1
6 1 -1 -1 -1 -1 -1 -1 -1 -1 -1 -1
6 2 -1 -1 -1 -1 -1 -1 -1 -1 -1 -1
6 3 -1 -1 -1 -1 -1 -1 -1 -1 -1 -1
6 4 -1 -1 -1 -1 -1 -1 -1 -1 -1 -1
6 5 -1 -1 -1 -1 -1 -1 -1 -1 -1 -1
6 6 -1 -1 -1 -1 -1 -0.000512466 -1 -1 -1 -1
6 7 -1 -1 -1 -1 -1 -1 -1 -1 -1 -1
6 8 -1 -1 -1 -1 -1 -1 -1 -1 -1 -1
6 9 -1 -1 -1 -1 -1 -1 -1 -1 -1 -1
7 0 -1 -1 -1 -1 -1 -1 -1 -1 -1 -1
7 1 -1 -1 -1 -1 -1 -1 -1 -1 -1 -1
7 2 -1 -1 -1 -1 -1 -1 -1 -1 -1 -1
7 3 -1 -1 -1 -1 -1 -1 -1 -1 -1 -1
7 4 -1 -1 -1 -1 -1 -1 -1 -1 -1 -1
7 5 -1 -1 -1 -1 -1 -1 -1 -1 -1 -1
7 6 -1 -1 -1 -1 -1 -1 -1 -1 -1 -1
7 7 -1 -1 -1 -1 -1 -1 -1 -1 -1 -1
7 8 -1 -1 -1 -1 -1 -1 -1 -1 -1 -1
7 9 -1 -1 -1 -1 -1 -1 -1 -1 -1 -1
8 0 -1 -1 -1 -1 -1 -1 -1 -1 -1 -1
8 1 -1 -1 -1 -1 -1 -1 -1 -1 -1 -1
8 2 -1 -1 -1 -1 -1 -1 -1 -1 -1 -1
8 3 -1 -1 -1 -1 -1 -1 -1 -1 -1 -1
8 4 -1 -1 -1 -1 -1 -1 -1 -1 -1 -1
8 5 -1 -1 -1 -1 -1 -1 -1 -1 -1 -1
8 6 -1 -1 -1 -1 0.00325043 -1 -1 -1 -1 -1
8 7 -1 -1 -1 -1 -1 -1 -1 -1 -1 -1
8 8 -1 -1 -1 -1 -1 -1 -0.000311783 -1 -1 -1
8 9 -1 -1 -1 -1 -1 -1 -1 -1 -1 -1
9 0 -1 -1 -1 -1 -1 -1 -1 -1 -1 -1
9 1 -1 -1 -1 -1 -1 -1 -1 -1 -1 -1
9 2 -1 -1 -1 -1 -1 -1 -1 -1 -1 -1
9 3 0.00276617 -1 -1 -1 -1 -1 -1 -1 -1 -1
9 4 -1 -1 -1 -1 -1 -1 -1 -1 -1 -1
9 5 0.00917519 -1 -1 -1 -1 -1 -1 -1 -1 -1
9 6 -1 -1 -1 -1 -1 -1 -1 -1 -1 -1
9 7 -1 -1 -1 -1 -1 -1 -1 -1 -1 -1
9 8 -1 -1 -1 -1 -1 -1 -1 -1 -1 -1
9 9 -1 -1 0.00395638 -1 0.00829142 -1 -1 -1 -1 -1

5000 793 3.77381 1 0 7 -1 0 0 0
0 0 0.455212 0.89763 1.1486 1.57407 2.13603 2.43253 2.57449 3.52312 3.71864 2.31837
0 1 0.028961 0.493526 0.81421 1.01415 1.02945 1.59986 1.43843 1.35024 0.624517 0.0511723
0 2 0.000216201 0.0162188 0.39882 0.7788 0.894277 1.1861 1.16881 1.57827 0.881869 0.096494
0 3 -0.000393028 0.000479189 0.0271784 0.258009 0.525492 1.14998 1.0317 1.48954 0.73289 0.05323
0 4 -1 -1 0.000774761 0.00167509 0.313169 0.63522 0.645136 0.975623 1.09211 0.182166
0 5 -1 0.000638804 0.00132075 0.00254843 0.00655953 0.203405 0.332263 0.931101 1.32101 0.340515
0 6 -1 -1 0.000682603 0.000677461 0.00103121 0.00213874 0.0137923 0.371467 0.838938 0.165812
0 7 -1 -1 -0.000429609 -1 0.000863639 0.000750801 0.00119417 0.213225 0.79426 0.753156
0 8 -1 -1 -1 -1 0.000446695 0.000287074 0.000635132 0.00855368 0.0327092 0.380518
0 9 -1 -1 -1 -1 -1 -1 -1 0.00859842 0.0210092 0.199377
1 0 0.822634 1.05574 1.35043 1.91091 2.41709 2.83755 3.09794 3.77381 3.75591 -1
1 1 0.252118 0.620264 1.06676 1.38407 1.67832 2.06611 2.38157 2.58338 1.12226 -1
1 2 0.0273369 0.111751 0.628815 0.949953 1.20958 1.75106 2.08796 2.36582 2.04004 0.00412868
1 3 0.000523147 0.000775191 0.079897 0.486544 0.826531 1.17297 1.75508 1.8648 2.24185 0.020136
1 4 -1 0.00160425 0.00226742 0.0603929 0.338652 0.868869 1.07268 1.594 1.5902 0.279174
1 5 -1 0.00102687 0.00225687 0.00372317 0.0473379 0.171924 0.523221 1.32021 1.31099 0.0195658
1 6 -1 0.00082786 0.00213305 0.00855239 0.00497946 0.029319 0.317601 0.759196 1.30628 0.0195193
1 7 -1 -0.000770407 -1.26816e-06 0.000463421 0.000569567 0.00102986 0.0325993 0.35216 0.851241 0.79301
1 8 -1 -1 -1 0.192711 0.0182187 0.0185577 0.000833464 0.035961 0.218409 0.507121
1 9 -1 -1 0.00942281 0.00923685 0.00893779 0.00958884 0.0086707 0.0280663 0.0293616 0.205208
2 0 1.24588 1.43584 1.8527 2.11882 2.51654 2.93657 3.73447 3.75448 -1 -1
2 1 0.780213 0.991719 1.44863 1.61851 2.00086 2.77089 2.86713 3.0677 0.00144997 -1
2 2 0.313538 0.302302 0.605221 1.29738 1.46578 1.97396 2.42138 2.34142 0.0468711 -1
2 3 0.00659666 0.00989563 0.105447 0.509043 0.91479 1.51336 1.89996 2.18217 0.0105091 -1
2 4 0.000544014 0.00117911 0.00841553 0.0354277 0.357497 0.694987 1.20139 1.75748 1.52989 0.00662399
2 5 -1 0.000800553 0.00317657 0.0336943 0.0702285 0.283654 1.23823 1.42479 1.1386 0.0119235
2 6 -1 0.00105456 0.0019858 0.00952785 0.0288651 0.0188251 0.564536 0.938463 1.11751 0.0148094
2 7 -1 0.00111475 0.000934087 0.000551998 0.202308 0.0181026 0.0269409 0.69246 0.852135 0.707715
2 8 -1 -1 -1 -1 0.134668 0.000568858 0.0278149 0.0416857 0.505291 0.544405
2 9 -1 -1 0.00898402 0.0094868 0.0476545 0.0476876 0.0181515 0.0310629 0.0243583 0.206427
3 0 1.1102 1.54416 2.21626 2.40615 2.77869 3.67501 3.68709 2.50407 -1 -1
3 1 0.836542 1.3387 1.80972 2.13266 2.5696 3.23582 3.11628 3.00103 -1 -1
3 2 0.755007 0.899369 1.09109 1.49043 1.81414 2.2782 2.71688 2.65824 -0.00108017 -1
3 3 0.341046 0.389558 0.49899 0.48699 1.40439 1.89174 2.11803 2.13857 0.00864458 -1
3 4 0.00858507 0.00567384 0.029284 0.0936004 0.729866 1.17621 2.15297 1.72974 1.63546 0.00617113
3 5 0.00011705 0.00137891 0.0133161 0.0191913 0.0460072 0.398068 0.657926 1.11834 1.61338 0.0102821
3 6 -0.000294122 0.00145502 0.00161668 0.0223354 0.0154729 0.63306 0.737504 1.14521 1.05231 0.0106332
3 7 -1 0.154496 0.0241469 0.00725614 0.325352 0.0177599 0.221191 0.814724 0.841549 0.583295
3 8 -1 0.125683 0.0471981 0.096426 0.000763241 0.0232788 0.035834 0.028111 0.496676 0.497332
3 9 -1 0.00857968 0.0286127 0.048264 -1 0.0475058 0.026384 0.0298727 0.0325074 0.220569
4 0 1.57565 2.06821 2.32336 3.08431 3.66821 3.65559 -1 -1 -1 -1
4 1 0.769467 1.55433 2.08349 2.21626 3.18981 3.24828 2.6915 -1 -1 -1
4 2 0.98443 1.2836 1.73013 2.22684 2.72865 2.82573 2.53488 2.78198 -1 -1
4 3 0.677917 1.00312 1.38607 0.859263 1.73397 1.74143 2.16034 1.92003 0.0019209 -1
4 4 0.196521 0.166487 0.591218 0.439503 0.980177 1.24661 1.5742 1.6736 1.50099 -1
4 5 0.00552664 0.0370547 0.048098 0.0980595 0.217335 0.67211 1.2656 1.34732 1.4531 0.00237369
4 6 -0.000290164 0.0285595 0.00647937 0.0251433 0.525944 0.128517 0.469326 0.959451 1.05163 0.0118497
4 7 -0.000177765 0.133581 0.165094 0.0162259 0.219893 0.0319568 0.0303474 0.346374 0.917334 0.515827
4 8 -0.000446814 -1 0.0867153 0.0863257 0.15365 0.0770382 0.0436237 0.0950682 0.5428 0.473683
4 9 -1 0.0292261 0.0479605 0.0382586 0.0480048 0.0238664 0.0277889 0.0566877 0.0380485 0.251059
5 0 1.87506 2.43197 2.6494 3.67095 3.66634 2.47276 -1 -1 -1 -1
5 1 1.1481 1.91715 2.39736 2.97108 3.02 2.7703 2.73417 -1 -1 -1
5 2 0.871256 1.21071 2.04008 2.73155 2.55976 2.6301 2.59797 -1 -1 -1
5 3 0.861042 1.30287 1.40306 2.36288 1.99148 2.45785 2.49546 2.29293 -1 -1
5 4 0.610574 1.01085 1.11771 1.24356 0.846114 1.50841 1.6924 1.70292 -1 -1
5 5 0.34347 0.558396 0.179497 0.852044 0.632648 0.861057 1.15646 1.4269 1.38597 -1
5 6 0.00134413 0.697619 0.266638 0.335692 0.0395834 0.21032 0.843613 1.07223 1.12917 -5.72268e-05
5 7 0.000397553 0.104059 0.0770596 0.153701 0.0306985 0.267557 0.0845419 0.686848 0.773508 0.659762
5 8 0.105356 0.0290443 0.146504 0.0910822 0.0441489 0.0397988 0.0265965 0.0569032 0.508868 0.526172
5 9 0.10453 0.0477139 0.0573335 0.0286477 0.0253208 0.0366681 0.0254346 0.0206327 0.0585923 0.221666
6 0 2.35401 3.31201 3.66565 3.67439 1.35003 -1 -1 -1 -1 -1
6 1 1.07769 2.09244 2.92708 2.93741 2.14534 -1 -1 -1 -1 -1
6 2 1.08261 1.85145 2.61377 2.64163 2.57782 2.47914 -1 -1 -1 -1
6 3 0.95362 1.54922 2.25688 2.27212 2.32998 2.42115 2.15666 -1 -1 -1
6 4 0.79336 1.12815 2.06119 2.001 1.88772 2.05814 2.06198 2.02623 -1 -1
6 5 0.677444 1.19268 0.853227 0.624289 1.1282 1.38726 1.40394 1.42395 1.70459 -1
6 6 0.1749 0.229766 0.449079 0.65192 0.234581 0.838432 0.628945 1.06169 0.953973 0.00222645
6 7 0.000507251 0.104853 0.124811 0.678353 0.220766 0.6016 0.368304 0.54217 0.796776 0.710729
6 8 0.0858523 0.105289 0.21223 0.0480968 0.0324256 0.250213 0.222386 0.378508 0.586494 0.375661
6 9 0.0293113 0.0187024 0.0379132 0.0264642 0.0306981 0.0279669 0.0192876 0.0979815 0.0605552 0.192356
7 0 3.28606 3.53741 3.62632 -1 -1 -1 -1 -1 -1 -1
7 1 2.47128 2.90248 2.8212 0.939948 0.805181 -1 -1 -1 -1 -1
7 2 1.38575 2.52756 2.48871 2.548 0.947251 -1 -1 -1 -1 -1
7 3 1.23106 2.22509 2.22228 1.93836 2.23359 1.96907 -1 -1 -1 -1
7 4 1.07627 1.79433 1.71998 1.87359 1.91272 1.77636 1.8439 -1 -1 -1
7 5 0.569293 1.50903 1.73995 1.33046 1.57901 1.59266 1.69487 1.37968 -1 -1
7 6 0.637855 0.821069 1.34567 0.965373 1.18458 1.1899 1.36857 1.24189 1.33361 -1
7 7 0.194072 0.18091 0.229997 0.880486 0.145224 0.182896 0.565221 0.674022 1.04977 0.00402292
7 8 0.00864359 0.105256 0.134871 0.343468 0.0631113 0.0965405 0.229379 0.387104 0.467226 0.482122
7 9 0.0184707 0.0277754 0.0288456 0.0239699 0.0294552 0.0226204 0.0660053 0.153662 0.144747 0.220686
8 0 3.19377 3.16272 -1 -1 -1 -1 -1 -1 -1 -1
8 1 2.25994 0.832447 0.000659476 -1 -1 -1 -1 -1 -1 -1
8 2 0.651187 2.37206 0.451749 -0.00115646 -1 -1 -1 -1 -1 -1
8 3 0.658972 2.1387 0.61152 0.395536 0.697921 -1 -1 -1 -1 -1
8 4 1.68192 1.83304 0.638812 0.576121 0.618285 0.00168709 0.630467 -1 -1 -1
8 5 1.47642 1.55296 1.54931 1.33562 0.611897 1.44126 1.3645 -1 -1 -1
8 6 1.17843 1.17779 1.1069 0.812915 1.30229 1.27675 1.07927 1.05987 -1 -1
8 7 0.67038 0.981579 0.748152 0.872182 0.941565 1.01421 0.922383 0.971413 0.866869 0.593668
8 8 0.530365 0.0781755 0.272941 0.599163 0.609386 0.570314 0.571552 0.632027 0.613515 0.4416
8 9 0.019122 0.0236654 0.0382599 0.0202966 0.0690081 0.137514 0.16813 0.160881 0.193316 0.213218
9 0 1.09126 -1 -1 -1 -1 -1 -1 -1 -1 -1
9 1 1.09474 0.0100675 -1 -1 -1 -1 -1 -1 -1 -1
9 2 0.399362 0.0205811 0.00725251 -1 -1 -1 -1 -1 -1 -1
9 3 0.12428 0.14018 0.0632902 0.0116444 -1 -1 -1 -1 -1 -1
9 4 0.443955 0.425542 0.177501 0.107 0.00726486 -1 -1 -1 -1 -1
9 5 0.429602 0.191415 0.252962 0.185867 0.0840129 0.0111572 -1 -1 -1 -1
9 6 0.911275 0.40248 0.190335 0.181257 0.116459 0.208188 0.00996711 -1 -1 -1
9 7 0.846452 0.656212 0.329492 0.302267 0.637617 0.315742 0.311495 0.0159363 -1 -1
9 8 0.51822 0.566738 0.451741 0.538901 0.514415 0.523704 0.597034 0.509489 0.49946 0.422048
9 9 0.235263 0.217379 0.236601 0.247848 0.28753 0.251222 0.291137 0.284208 0.244253 0.228137

10000 819 3.77381 1 0 7 -1 0 0 0
0 0 0.510135 0.993202 1.24734 1.57407 2.19641 2.43253 2.76447 3.55735 3.74064 2.51288
0 1 0.028961 0.493526 0.81421 1.1389 1.13648 1.59986 1.43843 1.96703 2.44702 0.0597112
0 2 0.000216201 0.0162188 0.468144 0.957114 1.1883 1.2892 1.16881 1.69598 1.40758 0.096494
0 3 -1.05501e-05 0.000691973 0.0271784 0.258009 0.770352 1.14998 1.36132 1.48954 0.977371 0.05323
0 4 -1 0.000299952 0.0024336 0.0273634 0.313169 0.63522 1.14931 1.04542 1.47861 0.259963
0 5 -1 0.000638804 0.00198688 0.00434013 0.00655953 0.203405 0.388851 0.931101 1.44616 0.746166
0 6 -1 -1 0.00137783 0.000842977 0.00103121 0.00819125 0.114001 0.51515 1.02982 0.942784
0 7 -1 -1 -0.000429609 -1 0.000863639 0.000750801 0.137189 0.213225 0.79426 0.825703
0 8 -1 -1 -1 -0.000586877 0.000446695 0.00939563 0.086432 0.124231 0.48752 0.452446
0 9 -1 -1 -1 -1 -1 0.00926884 -1 0.037652 0.0674972 0.199377
1 0 0.919238 1.09541 1.5717 2.00071 2.41709 3.01045 3.40311 3.77381 3.76382 -1
1 1 0.514892 0.671663 1.07832 1.38407 1.91673 2.06611 2.59065 2.81206 1.74271 -0.000450669
1 2 0.0273369 0.353591 0.628815 1.04102 1.22234 1.86447 2.08796 2.42182 2.08673 0.00527326
1 3 0.000523147 0.00142673 0.0907854 0.494366 1.05659 1.48619 1.75508 2.3806 2.24185 0.020136
1 4 -1 0.00160425 0.00678547 0.107083 0.502961 0.868869 1.1461 2.03131 1.96097 0.279174
1 5 -1 0.00102687 0.0028828 0.00709384 0.830629 0.351116 0.547217 1.32021 1.44648 0.782113
1 6 -1 0.00082786 0.00834063 0.412284 0.907336 0.029319 0.472661 0.759196 1.30628 0.577862
1 7 -1 -0.000770407 -1.26816e-06 0.00140583 0.00071932 0.018568 0.0325993 0.35216 0.851241 0.813202
1 8 -1 -1 -1 0.192711 0.114008 0.0185577 0.124468 0.249057 0.423692 0.518059
1 9 -1 -1 0.00942281 0.01945 0.0765539 0.0282045 0.0383363 0.0280663 0.0294595 0.220144
2 0 1.24588 1.50497 1.87709 2.23894 2.53203 3.13256 3.74891 3.75448 -1 -1
2 1 0.780213 0.991719 1.45949 1.87679 2.17099 2.77089 3.07181 3.07501 0.00144997 -1
2 2 0.368729 0.629458 0.605221 1.30925 1.68101 2.43466 2.79431 2.5937 0.531783 0.00269573
2 3 0.036971 0.0801198 0.317475 0.670931 1.32718 1.80984 2.28934 2.44177 0.0158101 0.00724663
2 4 0.000544014 0.00117911 0.00841553 0.890503 0.709872 1.28139 1.55649 1.91524 1.72656 0.00662399
2 5 -1 0.000991637 0.0161886 0.077024 0.487423 0.283654 1.49318 1.42479 1.54257 0.0176189
2 6 -0.00084535 0.00105456 0.019318 0.355841 0.0565688 0.576973 0.564536 0.938463 1.11751 0.840992
2 7 -0.00049875 0.00111475 0.230446 0.314753 0.202308 0.506393 0.112843 0.69246 0.852135 0.895373
2 8 -1 -1 0.125318 0.0567909 0.134668 0.0671422 0.142926 0.0817524 0.545181 0.554115
2 9 -1 0.00935913 0.00898402 0.0950833 0.0476545 0.0760803 0.0378128 0.0671944 0.0397927 0.226457
3 0 1.4503 1.65616 2.21626 2.45088 3.03048 3.67995 3.70267 2.50407 -1 -1
3 1 0.960197 1.3387 1.80972 2.13329 2.5696 3.23582 3.179 3.00103 -1 -1
3 2 0.755007 1.05907 1.14402 1.60653 1.97082 2.63675 2.82729 2.65824 0.00862076 -1
3 3 0.467786 0.555673 0.516838 0.753595 1.71672 2.15496 2.11803 2.4503 0.0161001 0.00219408
3 4 0.00858507 0.0180786 0.216274 0.403316 0.729866 1.4696 2.15297 1.80945 1.70677 0.00617113
3 5 0.00011705 0.00149194 0.343262 0.538236 0.478953 0.750908 1.35454 1.35894 1.61338 0.0102821
3 6 0.0847538 0.00145502 0.632993 0.278324 0.199591 0.63306 0.96049 1.16115 1.17826 0.808831
3 7 -1 0.317518 0.326768 0.306308 0.402366 0.259021 0.296264 0.814724 0.851317 0.724611
3 8 -1 0.125683 0.202439 0.1815 0.0964159 0.211723 0.15884 0.434435 0.496676 0.550433
3 9 -1 0.0472369 0.0666873 0.048264 0.132985 0.0475058 0.0604723 0.0573787 0.0476409 0.242968
4 0 1.708 2.17412 2.32336 3.08431 3.67043 3.65559 -1 -1 -1 -1
4 1 1.14365 1.56266 2.08349 2.43066 3.19553 3.24828 2.99644 -1 -1 -1
4 2 0.98443 1.37554 1.80757 2.22684 2.73812 2.85732 2.88996 2.87259 -1 -1
4 3 0.731969 1.04927 1.38607 0.985038 2.47361 2.14771 2.16034 2.48702 0.0019209 -1
4 4 0.318015 0.608377 1.06264 0.709777 0.980177 1.47848 1.6884 1.6736 1.89107 -1
4 5 0.123313 0.413589 0.445606 0.383935 0.688271 0.67211 1.40726 1.38685 1.4531 0.00237369
4 6 0.0186699 0.0963113 0.613492 0.440848 0.678003 0.787944 0.600785 1.16658 1.18682 0.0118497
4 7 0.000229518 0.478968 0.391074 0.268387 0.269777 0.627683 0.353642 0.898458 0.917334 0.666035
4 8 0.115835 0.0678438 0.16296 0.230171 0.15365 0.334038 0.457413 0.168005 0.5428 0.555098
4 9 0.0093591 0.0292261 0.067319 0.0472566 0.0480048 0.0868323 0.161834 0.124025 0.060774 0.251059
5 0 2.09053 2.62858 3.0191 3.68082 3.66634 2.47276 -1 -1 -1 -1
5 1 1.1481 1.9655 2.793 3.06605 3.15555 2.7703 2.73417 -1 -1 -1
5 2 0.967398 1.55946 2.04008 2.78275 2.81989 2.77262 2.77168 1.71044 -1 -1
5 3 0.924611 1.40958 1.69102 2.44541 2.49792 2.46012 2.49546 2.29293 -1 -1
5 4 0.628001 1.11904 1.4825 1.24765 1.48326 2.01351 2.17159 2.20899 1.49146 -1
5 5 0.399832 0.585628 0.842201 0.852044 0.75609 1.23426 1.57171 1.4269 1.55929 0.00861305
5 6 0.392221 0.697619 0.266638 0.412828 0.821003 0.661795 0.843613 1.22171 1.12917 0.924692
5 7 0.163405 0.182532 0.593758 0.30542 0.470319 0.643344 0.597962 0.939792 0.908059 0.830877
5 8 0.105356 0.182972 0.146504 0.173306 0.23902 0.406155 0.266053 0.227943 0.577482 0.526172
5 9 0.10453 0.0660246 0.0668362 0.0862876 0.0351127 0.195077 0.136981 0.145661 0.104175 0.242398
6 0 2.377 3.37967 3.69199 3.68901 1.42989 -1 -1 -1 -1 -1
6 1 1.69835 2.09756 2.96032 2.97235 3.03247 -1 -1 -1 -1 -1
6 2 1.25204 1.94229 2.62937 2.66628 2.74567 2.47914 -1 -1 -1 -1
6 3 1.05756 1.54922 2.25688 2.4388 2.44379 2.42664 2.37684 1.89269 -1 -1
6 4 0.911981 1.36762 2.06119 2.05441 2.06158 2.06457 2.0955 2.03971 -1 -1
6 5 0.677444 1.19268 1.67024 1.67762 1.76691 1.79359 1.41056 1.68388 1.70459 -1
6 6 0.316469 0.448793 0.516913 0.65192 1.04232 1.02958 0.952127 1.21497 1.36002 0.00222645
6 7 0.173203 0.396924 0.279124 0.678353 0.382926 0.7732 0.497396 0.726373 0.807165 0.750653
6 8 0.172649 0.172534 0.21223 0.239375 0.313183 0.250213 0.319229 0.378508 0.604858 0.514269
6 9 0.0293113 0.0443599 0.104833 0.0491155 0.167852 0.0474752 0.124672 0.169291 0.106595 0.255108
7 0 3.44896 3.64256 3.62632 -1 -1 -1 -1 -1 -1 -1
7 1 2.84843 2.98704 3.02354 1.03332 1.10565 -1 -1 -1 -1 -1
7 2 1.38575 2.58236 2.53299 2.75392 2.32911 1.12574 -1 -1 -1 -1
7 3 1.46887 2.22509 2.22228 2.24667 2.42177 1.97492 0.994981 -1 -1 -1
7 4 1.18351 1.83297 1.96845 2.07802 2.05252 1.94364 1.8439 0.878723 -1 -1
7 5 0.812703 1.50903 1.73995 1.66712 1.78071 1.66587 1.69487 1.57196 0.929426 -1
7 6 0.637855 1.24177 1.34567 1.28122 1.24559 1.37581 1.38516 1.39545 1.33361 -1
7 7 0.194072 0.299534 0.302346 0.880486 0.660577 0.678621 0.610246 1.0635 1.04977 0.59084
7 8 0.0863918 0.105256 0.213998 0.343468 0.517378 0.324795 0.249562 0.454534 0.58019 0.583117
7 9 0.028178 0.0956214 0.181017 0.0458029 0.109737 0.0661345 0.0923361 0.224432 0.146272 0.220686
8 0 3.4965 3.16272 -1 -1 -1 -1 -1 -1 -1 -1
8 1 2.80734 1.42672 0.000659476 -1 -1 -1 -1 -1 -1 -1
8 2 1.25614 2.37206 0.772328 0.0016622 -1 -1 -1 -1 -1 -1
8 3 0.868873 2.22348 0.637852 0.654387 0.697921 -1 -1 -1 -1 -1
8 4 1.68192 1.83304 0.638812 0.718004 0.651204 0.841415 0.630467 -1 -1 -1
8 5 1.47642 1.55296 1.56349 1.41892 1.43804 1.44126 1.3645 0.530868 -1 -1
8 6 1.17843 1.26878 1.19259 1.04434 1.30229 1.27714 1.35373 1.19946 0.939826 -1
8 7 0.893018 0.981579 0.893465 0.93869 0.941565 1.01421 0.994782 0.971413 0.946727 0.613786
8 8 0.530365 0.295307 0.594462 0.599163 0.609386 0.630379 0.608139 0.645627 0.642927 0.4416
8 9 0.0239323 0.0685063 0.116973 0.0939496 0.111543 0.137514 0.16813 0.178014 0.193316 0.233117
9 0 2.01774 -1 -1 -1 -1 -1 -1 -1 -1 -1
9 1 1.3437 0.0100675 -1 -1 -1 -1 -1 -1 -1 -1
9 2 1.0061 0.0205811 0.010192 -1 -1 -1 -1 -1 -1 -1
9 3 0.12428 0.243506 0.0632902 0.0116444 -1 -1 -1 -1 -1 -1
9 4 0.456668 0.425542 0.177501 0.148864 0.00792867 -1 -1 -1 -1 -1
9 5 0.535201 0.406084 0.252962 0.185867 0.0840129 0.0111572 -1 -1 -1 -1
9 6 0.911275 0.40248 0.281363 0.277326 0.349346 0.218444 0.00996711 -1 -1 -1
9 7 0.846452 0.687487 0.666327 0.833254 0.733983 0.742606 0.759882 0.720521 0.772168 -1
9 8 0.51822 0.566738 0.528913 0.586422 0.560725 0.571857 0.606043 0.640668 0.533719 0.430119
9 9 0.235263 0.245796 0.289313 0.248633 0.28753 0.275525 0.291137 0.290683 0.251024 0.323121

15000 826 3.7763 1 0 7 -1 0 0 0
0 0 0.536186 0.993202 1.32529 1.83359 2.28943 2.43253 2.83819 3.55735 3.74205 3.46211
0 1 0.028961 0.523152 0.831246 1.34431 1.25871 1.59986 1.61143 2.21631 2.44702 0.0915831
0 2 0.000423335 0.0165944 0.468144 0.957114 1.1883 1.2892 1.62865 1.69598 1.8185 0.0974505
0 3 -1.05501e-05 0.000691973 0.0659857 0.312631 0.770352 1.15669 1.36132 1.60052 1.6897 0.341778
0 4 -1 0.000339324 0.00274239 0.0273634 0.403025 0.63522 1.14931 1.32312 1.58577 0.306039
0 5 -1 0.000638804 0.00198688 0.00434013 0.00655953 0.235912 0.388851 1.39462 1.44616 0.984668
0 6 -1 -1 0.00151688 0.000842977 0.00103121 0.00819125 0.114001 0.51515 1.28909 1.04743
0 7 -1 -1 -0.000429609 -1 0.000863639 0.0272693 0.137189 0.213225 0.79426 0.825703
0 8 -1 -1 -1 -0.000586877 0.000446695 0.086081 0.086432 0.124231 0.48752 0.456804
0 9 -1 -1 -1 -1 -1 0.00926884 0.00919108 0.037652 0.0674972 0.225016
1 0 0.919238 1.19118 1.64857 2.00071 2.57975 3.01045 3.40311 3.7763 3.76382 -1
1 1 0.514892 0.671663 1.0855 1.56773 1.97057 2.18949 2.59065 2.81206 1.74271 -0.000450669
1 2 0.0560438 0.353591 0.926529 1.06903 1.53446 1.86447 2.13367 2.44229 2.6018 0.0100319
1 3 0.000523147 0.00142673 0.0907854 0.494366 1.05659 1.64957 1.75508 2.3806 2.24185 0.020136
1 4 -1 0.00160425 0.0129317 0.107083 0.754013 1.05934 1.25971 2.03131 1.96097 0.279174
1 5 -0.00072099 0.00102687 0.00980506 0.0138997 0.830629 0.361433 0.552291 1.37308 1.54829 0.782113
1 6 -1 0.00082786 0.0115753 0.412284 0.907336 0.029319 0.56486 1.00599 1.30628 1.14012
1 7 -1 -0.000770407 0.325477 0.00140583 0.336373 0.0578015 0.0325993 0.35216 0.851241 0.813202
1 8 -1 -1 0.182437 0.192711 0.304575 0.0185577 0.124468 0.249057 0.439947 0.588293
1 9 -1 -1 0.00942281 0.0281061 0.0765539 0.0282045 0.0773743 0.132998 0.0294595 0.238096
2 0 1.40926 1.54107 1.87728 2.35681 2.71163 3.13256 3.75704 3.76382 -1 -1
2 1 0.780213 1.07235 1.68751 1.87679 2.4486 2.77089 3.15688 3.27147 0.00144997 -1
2 2 0.368729 0.638143 0.942281 1.48018 1.68101 2.43466 2.79431 2.65015 0.531783 0.00269573
2 3 0.036971 0.0801198 0.317475 0.769356 1.32907 1.80984 2.28934 2.44177 2.01582 0.0697424
2 4 0.000544014 0.00117911 0.104141 0.890503 1.5684 1.28139 1.55649 1.91524 1.86233 0.0136758
2 5 -1 0.000991637 0.0168798 0.077024 0.487423 0.593525 1.54381 1.42479 1.54257 0.0753207
2 6 -0.000292204 0.00105456 0.314448 0.355841 0.479218 0.576973 0.564536 1.01156 1.14715 1.10717
2 7 -0.00049875 0.00111475 0.230446 0.314753 0.354993 0.593532 0.210125 0.722343 0.934606 0.948108
2 8 -1 -1 0.220442 0.0567909 0.134668 0.209407 0.315105 0.416248 0.545181 0.61418
2 9 -1 0.00935913 0.0775597 0.0950833 0.048159 0.0760803 0.0378128 0.0671944 0.125888 0.266449
3 0 1.60329 1.8774 2.34263 2.45088 3.03048 3.68887 3.70945 2.50407 -1 -1
3 1 0.960197 1.43099 1.84336 2.22672 2.57995 3.23754 3.34235 3.20352 -1 -1
3 2 0.755007 1.05907 1.49028 2.09689 2.13334 2.92475 2.82729 2.65824 0.00862076 -1
3 3 0.486894 0.555673 0.549294 0.936952 1.73579 2.17485 2.18413 2.4503 2.04429 0.0143214
3 4 0.0177656 0.0341729 0.216274 0.748868 1.30263 1.98534 2.15297 1.80945 1.9818 0.0159326
3 5 0.000827598 0.123431 0.452143 0.592386 0.655781 0.750908 1.35454 1.38924 1.61338 0.0102821
3 6 0.0847538 0.0965658 0.632993 0.47 0.442595 0.63306 0.970022 1.18663 1.17826 1.19739
3 7 -1 0.354364 0.326768 0.431306 0.402366 0.727299 0.725812 0.886123 0.851317 0.903254
3 8 -1 0.144481 0.202439 0.1815 0.220201 0.211723 0.393799 0.463951 0.572698 0.572414
3 9 -1 0.0476065 0.0666873 0.0577335 0.132985 0.0475058 0.0604723 0.146393 0.118892 0.257015
4 0 1.708 2.17412 2.49113 3.08431 3.67043 3.65996 -1 -1 -1 -1
4 1 1.14365 1.56266 2.21302 2.51558 3.19553 3.24828 3.0664 -1 -1 -1
4 2 0.98443 1.37554 1.80757 2.22684 2.80333 2.85732 2.88996 2.87259 -1 -1
4 3 0.731969 1.04927 1.38607 1.53772 2.58188 2.32069 2.53744 2.5689 0.0019209 -1
4 4 0.516173 0.608377 1.06264 0.901751 1.10487 1.97761 1.85755 2.09561 1.89107 0.0102937
4 5 0.123313 0.413589 0.727343 0.682722 1.3231 1.13552 1.57123 1.39666 1.4531 0.0047838
4 6 0.0186699 0.228555 0.613492 0.440848 0.678003 0.889047 1.16815 1.25221 1.19361 0.0118497
4 7 0.000229518 0.478968 0.391074 0.448298 0.375022 0.627683 0.691766 0.898458 0.917334 0.91417
4 8 0.115835 0.212634 0.23966 0.230171 0.15365 0.361844 0.457413 0.47648 0.599767 0.555098
4 9 0.00939622 0.0668309 0.0854997 0.0478771 0.0857199 0.105518 0.161834 0.129649 0.236541 0.251059
5 0 2.12614 2.79351 3.0191 3.68082 3.66634 2.47276 -1 -1 -1 -1
5 1 1.1481 1.9655 2.793 3.15162 3.17817 3.17165 2.73417 -1 -1 -1
5 2 1.0615 1.55946 2.04008 2.78275 2.8357 2.81423 2.77168 1.71044 -1 -1
5 3 0.971704 1.40958 1.82541 2.44541 2.49792 2.46012 2.49546 2.31137 -1 -1
5 4 0.723687 1.11904 1.4825 1.24765 2.11583 2.01351 2.17159 2.20899 1.91934 -1
5 5 0.399832 0.585628 0.842201 0.852044 1.07786 1.34501 1.598 1.55986 1.55929 0.00861305
5 6 0.392221 0.697619 0.338101 1.1513 0.821003 1.06021 1.0002 1.22171 1.12917 0.924692
5 7 0.163405 0.26097 0.593758 0.45786 0.510978 0.749106 0.646032 0.939792 0.908059 0.868746
5 8 0.105356 0.210858 0.211386 0.249436 0.263217 0.427379 0.392308 0.277208 0.577482 0.545324
5 9 0.10453 0.0755078 0.0668362 0.0862876 0.190481 0.195077 0.179787 0.145661 0.187881 0.252223
6 0 2.47379 3.37967 3.73955 3.70591 1.42989 -1 -1 -1 -1 -1
6 1 1.7809 2.26117 3.09192 3.15888 3.03247 -1 -1 -1 -1 -1
6 2 1.25204 1.94229 2.68015 2.75841 2.74567 2.63236 -1 -1 -1 -1
6 3 1.05756 1.54922 2.25688 2.4388 2.44379 2.43443 2.40063 1.89269 -1 -1
6 4 1.11977 1.37391 2.06119 2.1047 2.09598 2.07317 2.12552 2.03971 1.84753 -1
6 5 0.679981 1.19268 1.67024 1.68233 1.76691 1.79359 1.74173 1.70026 1.70459 -1
6 6 0.316469 0.448793 0.516913 0.907256 1.04232 1.02958 1.01127 1.21497 1.36002 0.822113
6 7 0.230639 0.396924 0.334579 0.678353 0.799699 0.7732 0.745878 1.01675 0.817628 0.750653
6 8 0.172649 0.240731 0.384943 0.242363 0.313183 0.487946 0.510115 0.500788 0.604858 0.514269
6 9 0.0480317 0.0668518 0.104833 0.142905 0.20257 0.175942 0.124672 0.175067 0.161149 0.279755
7 0 3.44896 3.6453 3.74075 0.907906 -1 -1 -1 -1 -1 -1
7 1 2.84843 2.98704 3.02354 2.86122 1.10565 -1 -1 -1 -1 -1
7 2 1.68119 2.59367 2.70312 2.75392 2.44971 1.12574 -1 -1 -1 -1
7 3 1.46887 2.26165 2.36318 2.39827 2.42459 2.06197 0.994981 -1 -1 -1
7 4 1.20535 1.85807 1.96845 2.07802 2.05252 2.06115 1.99234 0.878723 -1 -1
7 5 1.12271 1.5993 1.73995 1.66712 1.78071 1.72331 1.69487 1.57196 0.929426 -1
7 6 0.731097 1.24177 1.36473 1.28122 1.33777 1.39593 1.38516 1.39545 1.33361 -1
7 7 0.318243 0.486679 0.367726 0.880486 1.01226 0.918229 1.0327 1.0635 1.04977 0.647324
7 8 0.0863918 0.181824 0.213998 0.478277 0.517378 0.477809 0.496804 0.454534 0.605632 0.640084
7 9 0.0385942 0.0956214 0.181017 0.15553 0.109737 0.12833 0.105966 0.224432 0.188784 0.266666
8 0 3.4965 3.16272 -1 -1 -1 -1 -1 -1 -1 -1
8 1 2.84235 1.49973 0.000659476 -1 -1 -1 -1 -1 -1 -1
8 2 1.83596 2.37206 0.772328 0.734044 -1 -1 -1 -1 -1 -1
8 3 1.94105 2.22348 2.15844 2.10058 0.784431 0.543082 -1 -1 -1 -1
8 4 1.68192 1.96994 0.681629 1.63678 0.651204 0.841415 0.687362 -1 -1 -1
8 5 1.47642 1.65698 1.56349 1.41892 1.49218 1.61192 1.41278 0.530868 -1 -1
8 6 1.17843 1.26878 1.25417 1.17904 1.30229 1.35763 1.35373 1.19946 1.1464 -1
8 7 0.897543 0.981579 0.908481 0.963994 0.94722 1.01421 1.01743 0.997917 0.946727 0.613786
8 8 0.530365 0.605199 0.594462 0.599163 0.610401 0.659658 0.612992 0.646627 0.642927 0.519906
8 9 0.229363 0.183306 0.165951 0.215745 0.166647 0.21567 0.170019 0.240315 0.285015 0.251332
9 0 2.01774 -1 -1 -1 -1 -1 -1 -1 -1 -1
9 1 1.53926 0.037035 -1 -1 -1 -1 -1 -1 -1 -1
9 2 1.38978 0.0205811 0.010192 -1 -1 -1 -1 -1 -1 -1
9 3 0.479671 0.243506 0.0632902 0.0116444 -1 -1 -1 -1 -1 -1
9 4 0.930604 0.425542 0.177501 0.148864 0.00792867 -1 -1 -1 -1 -1
9 5 0.55513 0.406084 0.252962 0.388845 0.233196 0.193862 -1 -1 -1 -1
9 6 1.00101 0.40248 0.410194 0.277326 0.349346 0.322284 0.242497 -1 -1 -1
9 7 0.846452 0.789374 0.666327 0.833254 0.778507 0.742606 0.759882 0.720521 0.772168 -1
9 8 0.567585 0.566738 0.537797 0.586422 0.586598 0.571857 0.606043 0.640668 0.560247 0.430119
9 9 0.235263 0.264459 0.289313 0.248633 0.28753 0.275525 0.291137 0.290683 0.312085 0.323121

20000 832 3.7763 1 0 7 -1 0 0 0
0 0 0.572983 0.993202 1.36509 1.83359 2.28943 2.60977 2.83819 3.55735 3.74205 3.47424
0 1 0.0457727 0.523152 0.831246 1.34431 1.47306 1.71944 1.96163 2.21631 2.44702 0.100521
0 2 0.000783197 0.0165944 0.468144 0.957114 1.1883 1.2892 1.75932 1.81272 2.44833 0.109263
0 3 -1.05501e-05 0.000691973 0.0659857 0.401113 0.770352 1.15669 1.41987 1.60992 2.18879 0.341778
0 4 -1 0.00113975 0.00274239 0.0273634 0.403025 0.63522 1.14931 1.44062 1.74449 0.306039
0 5 -1 0.000638804 0.00198688 0.00437842 0.00655953 0.276522 0.557209 1.39462 1.49926 1.23383
0 6 -1 -1 0.00151688 0.000842977 0.00103121 0.00819125 0.263845 0.51515 1.34542 1.17358
0 7 -1 -1 -0.000429609 -1 0.000863639 0.0272693 0.137189 0.26579 0.79426 0.825703
0 8 -1 -1 -1 -0.000586877 0.000446695 0.086081 0.086432 0.134883 0.48752 0.456804
0 9 -1 -1 -1 -1 -1 0.0285843 0.00923194 0.037652 0.0674972 0.227459
1 0 0.934643 1.19118 1.64857 2.00071 2.57975 3.13971 3.40311 3.7763 3.76382 -1
1 1 0.514892 0.881053 1.0855 1.56773 1.97057 2.24632 2.62885 2.92471 2.71256 0.00525681
1 2 0.0560438 0.353591 0.926529 1.10463 1.53446 1.94966 2.17298 2.58003 2.61515 0.0100319
1 3 0.0081964 0.00855564 0.0907854 0.712725 1.05659 1.64957 1.75508 2.3806 2.24185 0.020136
1 4 -0.000779835 0.00487795 0.0129317 0.107083 0.754013 1.05934 1.25971 2.03131 1.96097 0.279174
1 5 -0.00072099 0.00102687 0.00980506 0.0179976 0.830629 0.361433 1.23042 1.37308 1.56484 0.782113
1 6 -1 0.00104044 0.0115753 0.412284 0.907336 0.816305 0.56486 1.00599 1.30628 1.14012
1 7 -1 -0.000770407 0.325477 0.402136 0.336373 0.0578015 0.044576 0.35216 0.851241 0.831424
1 8 -1 -1 0.182437 0.192711 0.304575 0.0185577 0.124468 0.249057 0.474117 0.588293
1 9 -1 -1 0.00942281 0.0281061 0.123317 0.0282045 0.0773743 0.181744 0.123259 0.251671
2 0 1.40926 1.54107 1.87728 2.35681 2.71163 3.13256 3.75704 3.76382 -1 -1
2 1 0.780213 1.07235 1.68751 2.03234 2.50518 2.77089 3.15688 3.27147 0.00144997 -1
2 2 0.548523 0.638143 0.942281 1.62208 1.83465 2.43466 2.79431 2.70457 2.36162 0.00269573
2 3 0.036971 0.0801198 0.469215 0.769356 1.51006 1.80984 2.41789 2.44177 2.31861 0.0697424
2 4 0.000544014 0.00117911 0.104141 0.890503 1.5684 1.28139 1.55649 1.96362 1.86233 0.033775
2 5 0.000124063 0.000991637 0.0168798 0.077024 0.917789 0.677774 1.54381 1.49704 1.56662 0.0753207
2 6 -0.000292204 0.00134622 0.314448 0.52744 0.479218 0.576973 0.706818 1.03891 1.14715 1.10717
2 7 -0.00049875 0.0284373 0.230446 0.375287 0.354993 0.593532 0.442262 0.746272 0.934606 0.948108
2 8 -1 0.105462 0.220442 0.201404 0.134668 0.209407 0.315105 0.416248 0.545181 0.61418
2 9 -1 0.0480432 0.0775597 0.0950833 0.0863869 0.0760803 0.047594 0.101986 0.125888 0.267659
3 0 1.61489 1.97204 2.34263 2.68485 3.03048 3.69078 3.70945 2.50407 -1 -1
3 1 0.960197 1.43099 1.89596 2.22672 2.84363 3.27195 3.34235 3.23571 -1 -1
3 2 0.755007 1.14663 1.49028 2.09689 2.19277 2.92475 2.86951 2.86095 0.00862076 -1
3 3 0.486894 0.555673 0.805222 0.96609 1.80152 2.2667 2.18413 2.4503 2.08984 0.0143214
3 4 0.0254707 0.172857 0.216274 0.748868 1.30263 1.98534 2.15297 1.89155 1.9818 0.0159326
3 5 0.000827598 0.123431 0.594936 0.592386 1.56424 0.892949 1.48369 1.38924 1.61338 0.0153845
3 6 0.0847538 0.23996 0.632993 0.536794 0.74596 0.74637 1.00259 1.18663 1.17826 1.19739
3 7 -1 0.354364 0.326768 0.431306 0.747865 0.727299 0.725812 0.908596 0.901888 0.903254
3 8 -1 0.144481 0.202439 0.210206 0.220201 0.211723 0.393799 0.463951 0.606952 0.599234
3 9 -1 0.0476065 0.0862067 0.104532 0.132985 0.0858992 0.0604723 0.146393 0.123326 0.257015
4 0 1.71573 2.20407 2.5947 3.08431 3.67043 3.65996 2.1591 -1 -1 -1
4 1 1.14365 1.61855 2.21302 2.52576 3.19553 3.24828 3.1013 -1 -1 -1
4 2 0.98443 1.37554 1.80757 2.22684 2.89653 2.86443 2.88996 2.87259 -1 -1
4 3 0.731969 1.21968 1.47306 1.53772 2.58188 2.32069 2.53744 2.5689 0.0019209 -1
4 4 0.516173 0.608377 1.06264 0.924177 1.13804 2.01772 1.85755 2.13181 1.89107 0.0102937
4 5 0.123313 0.413589 0.727343 0.682722 1.3231 1.13552 1.57123 1.60928 1.4531 0.222354
4 6 0.0186699 0.228555 0.613492 0.488759 0.76026 1.05994 1.16815 1.25221 1.39276 1.02204
4 7 0.000229518 0.478968 0.391074 0.448298 0.559056 0.673521 0.775775 0.934722 0.917334 0.91417
4 8 0.134456 0.230204 0.23966 0.230171 0.268377 0.361844 0.489035 0.47648 0.599767 0.615221
4 9 0.0576399 0.0668989 0.0854997 0.0478771 0.0857199 0.105518 0.177987 0.189268 0.236541 0.251059
5 0 2.12614 2.97135 3.0191 3.70619 3.66634 3.28519 -1 -1 -1 -1
5 1 1.24307 2.16561 2.793 3.19836 3.20009 3.17165 2.83822 -1 -1 -1
5 2 1.0615 1.793 2.04008 2.78275 2.85215 2.81423 2.77168 1.71044 -1 -1
5 3 0.971704 1.42583 1.82541 2.46648 2.49792 2.48283 2.49546 2.31137 -1 -1
5 4 0.723687 1.11904 1.4825 2.09509 2.11583 2.01575 2.17159 2.20899 1.98405 -1
5 5 0.536296 0.727517 0.842201 0.852044 1.14242 1.34501 1.598 1.55986 1.57084 0.00861305
5 6 0.392221 0.697619 0.497807 1.1513 0.821003 1.06694 1.0002 1.22171 1.12917 1.00883
5 7 0.163405 0.26097 0.593758 0.45786 0.597787 0.749106 0.69346 0.939792 0.908059 0.868746
5 8 0.13407 0.210858 0.296893 0.249436 0.423386 0.430298 0.392308 0.421497 0.591073 0.554917
5 9 0.10453 0.0755078 0.142495 0.0862876 0.198424 0.195077 0.179787 0.202561 0.187881 0.252223
6 0 2.7728 3.37967 3.74308 3.72332 1.42989 -1 -1 -1 -1 -1
6 1 1.79009 2.26117 3.09192 3.15888 3.03247 1.34458 -1 -1 -1 -1
6 2 1.25204 1.94229 2.70426 2.77989 2.74567 2.76943 1.30582 -1 -1 -1
6 3 1.0966 1.63231 2.25688 2.4388 2.49054 2.43443 2.40063 1.89269 -1 -1
6 4 1.11977 1.37391 2.06119 2.1047 2.10063 2.09952 2.12552 2.03971 1.84753 -1
6 5 0.679981 1.19268 1.75117 1.73166 1.77425 1.80199 1.76536 1.78332 1.70459 -1
6 6 0.328774 0.51648 0.633401 1.0498 1.04232 1.22667 1.37817 1.21497 1.36002 0.822113
6 7 0.230639 0.396924 0.334579 0.678353 0.799699 0.7732 0.745878 1.01675 0.852654 0.880657
6 8 0.172649 0.277347 0.384943 0.384417 0.418323 0.524141 0.510115 0.536588 0.604858 0.542467
6 9 0.0480317 0.0858096 0.104833 0.142905 0.20257 0.18804 0.169957 0.175067 0.181586 0.279755
7 0 3.44896 3.68513 3.75639 0.907906 -1 -1 -1 -1 -1 -1
7 1 2.84843 2.98704 3.02354 2.86143 1.10565 -1 -1 -1 -1 -1
7 2 1.81749 2.6792 2.74902 2.75392 2.6538 1.12574 -1 -1 -1 -1
7 3 1.46887 2.26165 2.36318 2.40725 2.43176 2.25157 0.994981 -1 -1 -1
7 4 1.20535 2.03573 1.96845 2.07802 2.05252 2.06115 1.99234 0.922748 -1 -1
7 5 1.12271 1.63314 1.73995 1.66712 1.78071 1.72331 1.69487 1.71046 1.01632 -1
7 6 0.731097 1.24177 1.36473 1.28122 1.33777 1.39593 1.39574 1.42162 1.33939 -1
7 7 0.416031 0.690546 0.698609 0.880486 1.01226 0.918229 1.0327 1.0635 1.04977 0.647324
7 8 0.115702 0.211133 0.305995 0.478277 0.517378 0.477809 0.496804 0.454534 0.608804 0.640084
7 9 0.0478529 0.0956214 0.181017 0.169667 0.211928 0.12833 0.105966 0.224432 0.196738 0.266666
8 0 3.5066 3.16458 -1 -1 -1 -1 -1 -1 -1 -1
8 1 2.87658 2.36162 0.000659476 -1 -1 -1 -1 -1 -1 -1
8 2 1.83596 2.37206 0.772328 0.734044 -1 -1 -1 -1 -1 -1
8 3 1.94105 2.22348 2.15844 2.10058 0.813963 0.543082 -1 -1 -1 -1
8 4 1.68192 1.96994 1.70778 1.63678 1.79951 1.82203 0.687362 -1 -1 -1
8 5 1.47642 1.65698 1.6394 1.54964 1.62968 1.61192 1.51652 0.551236 -1 -1
8 6 1.17843 1.26878 1.25417 1.23737 1.31397 1.35763 1.35373 1.19946 1.1464 -1
8 7 0.897543 0.990159 0.963978 0.965863 0.968492 1.01421 1.01743 0.997917 0.946727 0.613786
8 8 0.530365 0.605199 0.633743 0.607948 0.65006 0.659658 0.645286 0.646627 0.642927 0.519906
8 9 0.229363 0.183306 0.183483 0.215745 0.186578 0.21567 0.204842 0.240315 0.285015 0.251332
9 0 2.05021 -1 -1 -1 -1 -1 -1 -1 -1 -1
9 1 1.87893 0.037035 -1 -1 -1 -1 -1 -1 -1 -1
9 2 1.38978 0.0205811 0.010192 -1 -1 -1 -1 -1 -1 -1
9 3 0.479671 0.243506 0.0632902 0.0116444 -1 -1 -1 -1 -1 -1
9 4 0.930604 0.425542 0.177501 0.148864 0.00792867 -1 -1 -1 -1 -1
9 5 0.55513 0.422816 0.278286 0.398449 0.233196 0.193862 -1 -1 -1 -1
9 6 1.00101 0.40248 0.410194 0.277326 0.62338 0.54633 0.242497 -1 -1 -1
9 7 0.846452 0.815781 0.760674 0.873154 0.778507 0.866047 0.759882 0.741223 0.772168 -1
9 8 0.567585 0.566738 0.592948 0.601999 0.636371 0.571857 0.624463 0.640668 0.566742 0.430119
9 9 0.235263 0.264459 0.289313 0.273891 0.28753 0.275525 0.291137 0.291789 0.312085 0.323121

