0 20 0.0226659 0 6 9 -1 0 0 0
0 0 -1 -1 -1 -1 -1 -1 -1 -1 -1 -1
0 1 -1 -1 -1 -1 -1 -1 -1 -1 -1 -1
0 2 -1 -1 -1 -1 -1 -1 -1 0.00353154 -1 0.00706506
0 3 -1 -1 -1 -1 -1 -1 -1 -1 -1 -1
0 4 -1 -1 -1 -1 -1 -1 -1 -1 -1 -1
0 5 -1 -1 -1 -1 -1 -1 -1 -1 -1 0.00344598
0 6 -1 -1 -1 -1 -1 -1 -1 -1 -1 0.0226659
0 7 -1 -1 -1 -1 -1 -1 -1 -1 -1 -1
0 8 -1 -1 -1 -1 -1 -1 -1 -1 -1 0.0120859
0 9 -1 -1 -1 -1 -1 -1 -1 -1 -1 -1
1 0 -1 -1 -1 -1 -1 -1 -1 -1 -1 -1
1 1 -1 -1 -1 -1 -1 -1 -1 -1 -1 -1
1 2 -1 -1 -1 -1 -1 -1 -1 -1 -1 -1
1 3 -1 -1 -1 -1 -1 0.000718748 -1 -1 -1 -1
1 4 -1 -1 -1 -1 -1 -1 -1 -1 -1 -1
1 5 -1 -1 -1 -1 -1 -1 -1 -1 -1 -1
1 6 -1 -1 -1 -1 -1 -1 -1 -1 -1 -1
1 7 -1 -1 -1 -1 -1 -1 -1 -1 -1 -1
1 8 -1 -1 -1 -1 -1 -1 -1 -1 -1 -1
1 9 -1 -1 -1 -1 -1 -1 -1 -1 -1 -1
2 0 -1 -1 -1 -1 -1 -1 -1 -1 -1 -1
2 1 -1 -1 -1 -1 -1 -1 -1 -1 -1 -1
2 2 -1 -1 -1 -1 -1 -1 -1 -1 -1 -1
2 3 -1 -1 -1 -1 -0.00159714 -1 -1 -1 -1 -1
2 4 -1 -1 -1 -1 -1 -1 -1 -1 -1 -1
2 5 -1 -1 -1 -1 -1 -1 -1 -1 -1 -1
2 6 -1 -1 -1 -1 -1 -1 -1 -1 -1 -1
2 7 -1 -1 -1 -1 -1 -1 -1 -1 -1 -1
2 8 -1 -1 -1 -1 -1 -1 -1 -1 -1 -1
2 9 -1 -1 -1 -1 -1 -1 -1 -1 -1 -1
3 0 -1 -1 -1 -1 -1 -1 -1 -1 -1 -1
3 1 -1 -1 -1 -1 -1 -1 -1 -1 -1 -1
3 2 -1 -1 -1 -1 -1 -1 -1 -1 -1 -1
3 3 -1 -1 -1 -1 -1 -1 -1 -1 -1 -1
3 4 -1 -1 -1 -1 0.000399374 -1 -1 -1 -1 -1
3 5 -1 -1 -1 -1 -1 -1 -1 -1 -1 -1
3 6 -1 -1 -1 -1 -1 -1 -1 -1 -1 -1
3 7 -1 -1 -1 -1 -1 -1 -1 -1 -1 -1
3 8 -1 -1 -1 -1 -1 -1 -1 -1 -1 -1
3 9 -1 -1 -1 -1 -1 -1 -1 -1 -1 -1
4 0 -1 -1 -1 -1 -1 -1 -1 -1 -1 -1
4 1 -1 -1 -1 -1 -1 -1 -1 -1 -1 -1
4 2 -1 -1 -1 -1 -1 -1 -1 -1 -1 -1
4 3 -1 -1 -1 -1 -1 -1 -1 -1 -1 -1
4 4 -1 -1 -1 -1 0.00061337 -1 -1 -1 -1 -1
4 5 -1 -1 -1 -1 -1 -1 -1 -1 -1 -1
4 6 -1 -1 -1 -1 -1 -1 -1 -1 -1 -1
4 7 -1 -1 -1 -1 -1 -1 -1 -1 -1 -1
4 8 -1 -1 -1 -1 0.0128007 -1 -1 -1 -1 -1
4 9 -1 -1 -1 -1 -1 -1 -1 -1 -1 -1
5 0 -1 -1 -1 -1 -1 -1 -1 -1 -1 -1
5 1 -1 -1 -1 -1 -1 -1 -1 -1 -1 -1
5 2 -1 -1 -1 -1 -1 -1 -1 -1 -1 -1
5 3 -1 -1 -1 -1 -1 -1 -1 -1 -1 -1
5 4 -1 -1 0.000614945 -1 -1 -1 -1 -1 -1 -1
5 5 -1 -1 -1 0.000718714 -1 0.00215487 -1 -1 -1 -1
5 6 -1 -1 -1 -1 -1 -1 -1 -1 -1 -1
5 7 -1 -1 -1 -1 -1 -1 -1 -1 -1 -1
5 8 -1 -1 -1 -1 -1 -1 -1 -1 -1 -1
5 9 -1 -1 -1 -1 -1 -1 -1 -1 -1 -1
6 0 -1 -1 -1 -1 -1 -1 -1 -1 -1 -1
6 1 -1 -1 -1 -1 -1 -1 -1 -1 -1 -1
6 2 -1 -1 -1 -1 -1 -1 -1 -1 -1 -1
6 3 -1 -1 -1 -1 -1 -1 -1 -1 -1 -1
6 4 -1 -1 -1 0.000888077 -1 -1 -1 -1 -1 -1
6 5 -1 -1 -1 -1 -0.000412848 -1 -1 -1 -1 -1
6 6 -1 -1 -1 -1 -1 -1 -1 -1 -1 -1
6 7 -1 -1 -1 -1 -1 -1 -1 -1 -1 -1
6 8 -1 -1 -1 -1 -1 -1 -1 -1 -1 -1
6 9 -1 -1 -1 -1 -1 -1 -1 -1 -1 -1
7 0 -1 -1 -1 -1 -1 -1 -1 -1 -1 -1
7 1 -1 -1 -1 -1 -1 -1 -1 -1 -1 -1
7 2 -1 -1 -1 -1 -1 -1 -1 -1 -1 -1
7 3 -1 -1 -1 -1 -1 -1 -1 -1 -1 -1
7 4 -1 -1 -1 -1 -1 -1 -1 -1 -1 -1
7 5 -1 -1 -1 -1 -1 -1 -1 -1 -1 -1
7 6 -1 -1 -1 -1 0.00106848 -1 -1 -1 -1 -1
7 7 -1 -1 -1 -1 -1 -1 -1 -1 -1 -1
7 8 -1 -1 -1 -1 -1 -1 -1 -1 -1 -1
7 9 -1 -1 -1 -1 -1 -1 -1 -1 -1 0.00210081
8 0 -1 -1 -1 -1 -1 -1 -1 -1 -1 -1
8 1 -1 -1 -1 -1 -1 -1 -1 -1 -1 -1
8 2 -1 -1 -1 -1 -1 -1 -1 -1 -1 -1
8 3 -1 -1 -1 -1 -1 -1 -1 -1 -1 -1
8 4 -1 -1 -1 -1 -1 -1 -1 -1 -1 -1
8 5 -1 -1 -1 -1 -1 -1 -1 -1 -1 -1
8 6 -1 -1 -1 -1 -1 -1 -1 -1 -1 -1
8 7 -1 -1 -1 -1 -1 -1 -1 -1 -1 -1
8 8 -1 -1 -1 -1 -1 -1 -1 -1 -1 -1
8 9 -1 -1 -1 -1 -1 -1 -1 -1 -1 -1
9 0 -1 -1 -1 -1 -1 -1 -1 -1 -1 -1
9 1 -1 -1 -1 -1 -1 -1 -1 -1 -1 -1
9 2 -1 -1 -1 -1 -1 -1 -1 -1 -1 -1
9 3 -1 -1 -1 -1 -1 -1 -1 -1 -1 -1
9 4 -1 -1 -1 -1 -1 -1 -1 -1 -1 -1
9 5 -1 -1 -1 -1 -1 -1 -1 -1 -1 -1
9 6 0.00763596 -1 -1 -1 -1 -1 -1 -1 -1 -1
9 7 -1 -1 -1 -1 -1 -1 -1 -1 -1 -1
9 8 -1 -1 -1 -1 0.00499138 -1 -1 -1 -1 -1
9 9 -1 -1 -1 -1 -1 0.00229436 -1 -1 -1 -1

5000 774 3.77194 1 0 7 -1 0 0 0
0 0 0.454143 0.799674 1.22044 1.18124 1.51164 1.93423 1.53825 1.88771 3.72695 0.401134
0 1 0.0178063 0.349819 0.542383 1.04161 1.49971 1.61514 1.46435 1.68442 0.487155 0.0633238
0 2 0.000216174 0.00804962 0.141638 0.632708 1.09001 1.1315 1.30023 1.69325 1.67393 0.0602445
0 3 -1 0.000439154 0.00823453 0.081152 0.477655 0.787332 0.85512 1.53282 1.76721 0.0791473
0 4 -1 -1 0.0011767 0.00378885 0.0358126 0.625795 0.721626 1.04528 1.81468 0.0452243
0 5 -1 -1 0.001447 0.00113357 0.0011954 0.0717606 0.321483 0.950618 1.30349 0.200056
0 6 -1 -1 0.00077712 0.000441526 0.000940777 0.000103731 0.13867 0.161154 1.15327 1.2149
0 7 -1 -1 -1 -0.000113037 -1 0.001295 0.00131259 0.0372496 0.932888 0.798848
0 8 -1 -1 -1 -1 0.000268915 0.000471439 0.000885957 0.000947022 0.127763 0.52167
0 9 -1 -1 -1 -1 -1 -1 -1 0.0181772 0.072363 0.16069
1 0 0.538564 0.885015 1.37518 1.82852 2.09058 2.46909 2.67146 3.77194 3.4719 -1
1 1 0.276755 0.483062 0.629822 1.25762 1.67208 1.98972 2.08507 2.88245 0.137624 0.0430432
1 2 0.00829526 0.0126468 0.576683 0.699085 1.21849 1.56785 1.95883 2.63838 2.22149 0.0378873
1 3 0.000292665 0.00843219 0.0359449 0.280747 0.404259 1.36738 1.53876 2.14783 1.93157 0.0144655
1 4 -1 0.000602042 0.00143697 0.00842777 0.630255 0.732926 1.31619 2.00678 1.8224 0.0139678
1 5 -1 0.000904878 0.00222637 0.00460582 0.00178836 0.0503553 0.285682 1.42085 1.62303 0.0251246
1 6 -1 0.000572358 0.00158248 0.00114701 0.00120986 0.00098357 0.282825 0.504215 1.2124 0.778418
1 7 -0.000748648 3.14339e-05 -8.30628e-06 -0.00072875 0.000426392 0.219822 0.00943033 0.233818 0.719604 0.849781
1 8 -1 -1 -1 -1 -1 0.000465151 0.000300295 0.194353 0.238504 0.579844
1 9 -1 -1 -1 -1 -1 -1 0.0182197 0.023504 0.0399702 0.230285
2 0 0.845655 1.04359 1.39105 2.17264 2.37365 2.73972 3.71489 3.76139 -1 -1
2 1 0.504414 0.884255 0.968162 1.26313 2.25954 2.31195 2.9683 2.9508 -1 -1
2 2 0.188783 0.399118 0.471115 0.755264 0.753792 1.89285 2.72993 2.63021 0.0684855 -1
2 3 0.000402726 0.115954 0.081102 0.56635 0.80338 1.1414 2.32744 2.31402 0.0276537 0.00100821
2 4 -2.99684e-05 0.00861358 0.00148199 0.115499 0.296443 0.607408 1.9841 2.0462 1.74703 0.0242052
2 5 0.000427943 0.00194771 0.0023819 0.00703735 0.118988 0.294469 0.541715 1.30969 1.68256 0.0129701
2 6 -1 0.000901378 0.00181447 0.00131245 0.0175738 0.0620223 0.331952 0.500663 1.32895 0.648219
2 7 -1 0.00102403 0.00128152 0.000892943 0.00858684 0.00620001 0.45986 0.536362 0.728156 0.651481
2 8 -1 0.000193101 -1 -1 -1 0.00859044 0.0333236 0.159494 0.167236 0.483838
2 9 -1 -1 -1 -1 0.0181039 0.008623 0.0253254 0.0239516 0.0262596 0.269813
3 0 1.24802 1.60852 1.67849 1.9431 2.86073 3.60267 3.67038 2.28546 -1 -1
3 1 0.793646 1.14216 1.58554 1.06458 1.52919 3.11341 3.10652 2.44022 -1 -1
3 2 0.56279 0.760621 0.694353 0.936172 1.64012 2.65977 2.68045 2.61518 -0.000974788 -1
3 3 0.157592 0.0590541 0.267995 0.538256 0.777672 1.90636 2.4058 2.13758 1.90353 0.00256393
3 4 0.000357592 0.0299423 0.347719 0.140743 0.262894 0.635619 1.17828 1.82584 0.0382905 0.0112428
3 5 0.000194465 0.00607897 0.00212951 0.123921 0.0403741 0.391091 0.919404 1.64629 1.62944 0.012292
3 6 -0.000614508 0.00115918 0.00943697 0.00170601 0.0607373 0.114663 0.353121 0.963645 1.22775 0.62273
3 7 6.66118e-05 0.000807063 0.00138381 0.000479213 0.0106638 0.0328881 0.18854 0.425287 0.891637 0.727689
3 8 -1 -1 -1 -1 0.0171595 0.365993 0.267049 0.0971346 0.582943 0.587129
3 9 -1 -1 -1 -1 -1 0.0129697 0.0521306 0.0247228 0.182115 0.216483
4 0 1.35939 1.70172 2.13321 2.58809 3.62919 3.59868 -1 -1 -1 -1
4 1 0.890574 1.56907 1.44521 2.24453 3.18687 3.09151 2.7087 -1 -1 -1
4 2 0.882527 1.33924 0.944295 1.44431 1.47382 2.42331 2.7116 5.86938e-05 -1 -1
4 3 0.695408 0.605574 1.03464 0.902566 1.22311 1.35103 2.36847 2.35729 1.57181 -1
4 4 0.268576 0.39238 0.472579 0.642378 0.754758 1.36129 1.19481 1.98575 1.4927 0.00299534
4 5 0.00829181 0.00618758 0.0537626 0.101258 0.272691 0.245153 1.15434 1.39436 1.4916 0.700512
4 6 0.0006338 0.00186797 0.0265493 0.0622072 0.129573 0.216632 1.05143 0.897498 1.22489 0.630562
4 7 -7.05479e-05 0.0013292 0.00856955 0.000747875 0.0256098 0.0300106 0.30578 0.744627 0.961897 0.740939
4 8 -0.000338905 -3.14628e-05 -1 -1 0.0287033 0.054843 0.0328214 0.0397256 0.575676 0.488473
4 9 -1 -1 -1 0.0182346 0.013469 0.0265652 0.06181 0.0524692 0.087012 0.177436
5 0 1.49598 2.06765 2.50364 3.66959 3.64585 -0.000206658 -1 -1 -1 -1
5 1 1.07478 1.33029 2.32236 2.97517 3.08816 2.91073 -1 -1 -1 -1
5 2 1.07615 1.40462 1.64796 2.70917 2.79164 2.7808 2.51951 -1 -1 -1
5 3 0.765779 1.00315 1.0178 1.33776 2.02185 2.38796 1.63118 2.22992 -1 -1
5 4 0.638893 0.44579 0.634157 1.82118 1.92283 1.25323 1.68749 2.06142 1.47261 -1
5 5 0.0363479 0.103287 0.330343 0.997665 0.868836 0.468525 1.56891 1.17102 1.53101 0.0117368
5 6 0.000443107 0.0138517 0.016076 0.360812 0.20824 0.575119 1.1539 1.23486 1.10988 0.0131195
5 7 0.000902358 0.00153864 0.0151189 0.0273594 0.348311 0.459082 0.347445 0.719568 0.903071 0.708365
5 8 0.000265521 -0.000217757 -0.000221942 0.0263513 0.0357704 0.208261 0.432855 0.166418 0.442246 0.589348
5 9 -1 0.00897407 0.00852204 0.0237251 0.0219656 0.0266764 0.0267451 0.049997 0.178199 0.250379
6 0 2.29273 2.51137 3.54623 3.5806 -1 -1 -1 -1 -1 -1
6 1 1.3752 2.04457 3.02992 2.98968 2.81675 -1 -1 -1 -1 -1
6 2 1.3716 1.40935 2.66932 2.63433 2.64546 2.63066 2.261 -1 -1 -1
6 3 0.910354 1.50626 2.2554 2.31048 2.18619 2.3659 1.09344 -1 -1 -1
6 4 0.666719 1.43775 1.78404 1.6567 1.84314 2.06786 1.8463 1.69332 -1 -1
6 5 0.460916 0.559503 0.541296 1.66082 1.11905 0.899704 1.08179 1.66666 1.50454 -1
6 6 0.0435193 0.217075 0.367518 0.229729 0.970723 1.17083 1.06941 0.907833 1.33688 0.0129057
6 7 0.00113499 0.0172574 0.104046 0.413823 0.175451 0.275534 0.239836 0.651231 0.879954 0.679401
6 8 3.54988e-05 0.0205028 0.0450808 0.0959776 0.310368 0.0634119 0.270225 0.603935 0.633271 0.498627
6 9 0.00877462 0.0088546 0.0661659 0.0246498 0.0253583 0.101827 0.0803429 0.0879007 0.144382 0.219874
7 0 1.87358 3.42329 3.57319 -1 -1 -1 -1 -1 -1 -1
7 1 0.680819 2.78446 2.8441 1.11661 -1 -1 -1 -1 -1 -1
7 2 1.06183 2.33338 2.65267 2.57185 0.00319872 -1 -1 -1 -1 -1
7 3 0.719394 2.16165 2.23408 2.057 2.26392 1.87089 -1 -1 -1 -1
7 4 1.07566 1.78616 1.91349 1.83157 1.77586 1.95642 1.87732 -1 -1 -1
7 5 0.948398 1.5812 1.4518 1.48781 1.48434 1.63624 1.60557 0.0141808 -1 -1
7 6 0.625922 0.998838 0.484173 0.884782 1.19084 1.26066 1.29167 1.2049 1.38121 -1
7 7 0.0318985 0.103694 0.584513 0.835867 0.734803 0.519258 0.692412 0.61365 0.948544 0.68593
7 8 0.0119041 0.0583699 0.380842 0.0296305 0.42538 0.0249528 0.098758 0.356119 0.540759 0.496162
7 9 -1 0.0903078 0.0667915 0.144578 0.0252049 0.0260911 0.0349192 0.193867 0.192769 0.255794
8 0 2.29631 3.19176 -1 -1 -1 -1 -1 -1 -1 -1
8 1 0.305523 0.022437 0.000170085 -1 -1 -1 -1 -1 -1 -1
8 2 0.234105 2.08446 0.00566782 -1 -1 -1 -1 -1 -1 -1
8 3 1.49314 1.92433 0.0222067 0.0209052 -1 -1 -1 -1 -1 -1
8 4 1.56887 1.73201 1.58988 1.60386 0.0111199 1.35906 -1 -1 -1 -1
8 5 1.36168 1.55164 1.40943 1.57064 1.58938 1.4587 0.0031288 -1 -1 -1
8 6 1.09601 1.233 1.2728 1.26531 1.09341 1.1979 1.23024 1.13609 -1 -1
8 7 0.80574 0.844217 0.783963 0.84026 0.799393 0.916047 0.856079 0.931738 0.394411 0.000635441
8 8 0.373747 0.434602 0.30196 0.394645 0.588166 0.384017 0.593614 0.5633 0.352472 0.457094
8 9 0.0258296 0.0284193 0.0276992 0.140628 0.0669333 0.0987259 0.219021 0.0350827 0.243008 0.20742
9 0 0.259039 -1 -1 -1 -1 -1 -1 -1 -1 -1
9 1 0.073403 0.0066567 -1 -1 -1 -1 -1 -1 -1 -1
9 2 0.0517294 0.0125469 0.00504976 -1 -1 -1 -1 -1 -1 -1
9 3 0.0729408 0.00787127 0.00582241 0.002881 -1 -1 -1 -1 -1 -1
9 4 0.225222 0.00638089 0.247877 0.00995839 0.00837401 -1 -1 -1 -1 -1
9 5 0.138657 0.064089 0.0132125 0.0752338 0.00487821 0.00357669 -1 -1 -1 -1
9 6 0.950556 0.076895 0.0337564 0.331339 0.850591 0.00662569 0.00662825 -1 -1 -1
9 7 0.80609 0.548856 0.682193 0.700555 0.676517 0.0713581 0.711404 0.686391 -1 -1
9 8 0.497597 0.510079 0.431545 0.54561 0.537905 0.589775 0.545217 0.606976 0.243304 0.000331459
9 9 0.206803 0.176348 0.247436 0.187236 0.229763 0.261193 0.245983 0.232251 0.26214 0.134864

10000 788 3.77998 1 0 7 -1 0 0 0
0 0 0.454143 0.799674 1.22044 1.35005 1.57215 2.07347 1.91506 1.90143 3.76407 1.48506
0 1 0.0561207 0.349819 0.644337 1.04161 1.49971 1.61514 1.49307 1.68442 1.51657 0.0633238
0 2 0.000216174 0.00804962 0.153202 0.659685 1.09001 1.37446 1.59901 1.69325 1.67393 0.0824728
0 3 -1 0.000958246 0.00839916 0.190665 0.477655 0.875141 1.33627 1.53282 1.76721 0.0791473
0 4 -1 -1 0.00122947 0.00378885 0.204487 0.625795 0.881636 1.29946 1.81468 0.428504
0 5 -1 -1 0.001447 0.00193817 0.0469798 0.21149 0.421929 0.950618 1.49038 0.743115
0 6 -1 -1 0.00077712 0.0018229 0.000940777 0.000911059 0.13867 0.443403 1.15327 1.2149
0 7 -1 -1 -0.000532275 -0.000113037 -0.000729862 0.001295 0.00131259 0.0376701 0.932888 0.798848
0 8 -1 -1 -1 -1 0.000268915 0.000471439 0.000885957 0.010062 0.127763 0.52167
0 9 -1 -1 -1 -1 -1 -1 -1 0.018191 0.072363 0.16069
1 0 0.641149 0.996851 1.37518 1.86368 2.19675 2.46909 2.79181 3.77998 3.77975 -1
1 1 0.363371 0.541525 0.95647 1.35968 1.67208 1.98972 2.43593 2.88245 1.40781 0.0430432
1 2 0.0296026 0.0419475 0.576683 0.699085 1.38906 1.6711 2.27452 2.6428 2.24224 0.0378873
1 3 0.000292665 0.00843219 0.0359449 0.335633 0.748736 1.52411 1.68204 2.25809 2.04871 0.213027
1 4 -1 0.000841093 0.00172921 0.0325505 0.630255 0.732926 1.31619 2.00678 1.86216 0.0139678
1 5 -1 0.00138212 0.00222637 0.00460582 0.00266898 0.0730728 0.49761 1.57658 1.62303 0.0251246
1 6 -1 0.000572358 0.00179318 0.00129953 0.00163413 0.008553 0.282825 1.00045 1.25683 0.778418
1 7 -0.000748648 0.000574709 -8.30628e-06 -0.000130648 0.000539652 0.219822 0.0197506 0.293503 0.864092 0.849781
1 8 -1 -1 -1 -1 -1 0.000465151 0.00854059 0.194353 0.487369 0.579844
1 9 -1 -1 -1 -1 -1 -1 0.0182197 0.0254588 0.0399702 0.235553
2 0 0.845655 1.19809 1.45837 2.17264 2.46437 2.89879 3.72341 3.77419 -1 -1
2 1 0.541213 0.884255 0.968162 1.43839 2.25954 2.37193 3.04464 2.95581 2.36683 -1
2 2 0.233274 0.44377 0.523427 0.755264 1.00414 1.89285 2.72993 2.72638 2.19111 0.000977773
2 3 0.00501455 0.115954 0.180369 0.56635 0.879298 1.1414 2.32744 2.38335 1.82726 0.0384767
2 4 0.000333856 0.00861358 0.00555003 0.115499 0.347996 0.668185 1.9841 2.0462 1.93029 0.0242052
2 5 0.000427943 0.00194771 0.00648519 0.00703735 0.148096 0.527393 1.16573 1.45722 1.68256 0.0324511
2 6 -1 0.000934949 0.00203982 0.0017864 0.0175738 0.10813 0.331952 1.16004 1.32895 0.871311
2 7 -1 0.00102403 0.00166135 0.00122061 0.00858684 0.0086654 0.45986 0.536362 0.885856 0.690764
2 8 -1 0.000193101 -1 -1 -1 0.00875183 0.0950132 0.202938 0.499104 0.483838
2 9 -1 -1 -1 -1 0.0181039 0.008623 0.0851268 0.146814 0.0755797 0.269813
3 0 1.24802 1.60852 1.85237 2.50705 2.86073 3.66556 3.67762 2.28546 -1 -1
3 1 0.866578 1.34524 1.58554 1.40635 1.76046 3.11341 3.10652 2.7956 -1 -1
3 2 0.56279 0.845935 0.961218 1.25167 1.9453 2.65977 2.72172 2.61518 1.64315 -1
3 3 0.254536 0.415553 0.549101 0.933605 1.2734 1.90636 2.4058 2.19532 1.90353 0.00256393
3 4 0.00633913 0.133101 0.400994 0.174687 0.637571 0.901291 1.17828 2.02669 1.4935 0.0112428
3 5 0.000194465 0.00607897 0.0276673 0.142621 0.28816 0.391091 1.25307 1.64629 1.62944 0.012292
3 6 -0.000312371 0.00149972 0.00943697 0.00841095 0.0607373 0.114663 0.472737 0.963645 1.29062 0.890832
3 7 6.66118e-05 0.00171938 0.00169384 0.00155981 0.0106638 0.738146 0.18854 0.672026 0.98149 0.77598
3 8 -1 -1 -1 -1 0.0171595 0.365993 0.31426 0.429772 0.582943 0.587129
3 9 -1 -1 0.0086028 -1 0.0088029 0.0146665 0.0521306 0.129076 0.22624 0.235296
4 0 1.39447 1.958 2.22421 2.66657 3.62919 3.61342 0.345344 -1 -1 -1
4 1 1.07138 1.59926 1.71719 2.24453 3.18687 3.19857 3.03681 -1 -1 -1
4 2 0.937312 1.33924 1.52322 1.59343 1.87902 2.86035 2.72469 2.06715 -1 -1
4 3 0.695408 0.703854 1.03464 1.19501 1.39262 2.35115 2.36847 2.3762 1.93401 -1
4 4 0.268576 0.398535 0.764065 0.642378 1.24195 1.36129 1.66474 1.98575 1.86584 0.0106743
4 5 0.00829181 0.10266 0.395352 0.965396 0.587261 1.31545 1.52666 1.61915 1.4916 0.700512
4 6 0.0006338 0.00186797 0.0265493 0.0723871 0.536492 0.334213 1.05143 1.11783 1.30192 0.630562
4 7 0.000695897 0.00159829 0.00856955 0.142499 0.0698852 0.337615 0.30578 0.972634 0.961897 0.751921
4 8 -0.000338905 -3.14628e-05 -0.000496531 0.00864485 0.0313129 0.176337 0.531117 0.603041 0.575676 0.62579
4 9 -1 0.0086917 -1 0.0182346 0.228971 0.0817497 0.109074 0.165099 0.197043 0.273663
5 0 1.49598 2.16741 2.58665 3.66959 3.64585 0.792055 -1 -1 -1 -1
5 1 1.26219 1.91814 2.32236 3.03067 3.10351 2.91073 -1 -1 -1 -1
5 2 1.07615 1.4147 1.77255 2.70917 2.79164 2.7808 2.59616 -1 -1 -1
5 3 0.930891 1.11842 1.61478 2.25309 2.18375 2.38796 2.30043 2.22992 1.57752 -1
5 4 0.682809 0.677125 0.918937 1.90734 1.92283 1.74072 1.76297 2.07673 1.64573 -1
5 5 0.226659 0.103287 0.488449 1.36757 0.972357 1.43567 1.57845 1.52803 1.53101 0.0117368
5 6 0.001563 0.0138517 0.0305824 0.360812 1.14966 1.28891 1.15798 1.23486 1.29717 0.910922
5 7 0.000902358 0.00156666 0.129107 0.532481 0.348311 0.459082 0.84851 0.931672 0.903071 0.708365
5 8 0.000265521 -0.000217757 0.000899929 0.154525 0.0580719 0.335807 0.536504 0.489232 0.578329 0.589348
5 9 -1 0.00897407 0.00856953 0.0237251 0.111149 0.0775242 0.0614479 0.224749 0.234549 0.268346
6 0 2.29273 2.51137 3.59141 3.71379 0.799075 -1 -1 -1 -1 -1
6 1 1.3752 2.04457 3.02992 3.044 2.81675 -1 -1 -1 -1 -1
6 2 1.39577 1.74811 2.66932 2.70206 2.71538 2.67557 2.261 -1 -1 -1
6 3 1.12296 1.57799 2.343 2.38508 2.40251 2.3659 1.24272 -1 -1 -1
6 4 0.956765 1.43775 1.85783 1.87395 1.93113 2.06786 1.94008 1.81994 -1 -1
6 5 0.733663 0.559503 0.710505 1.66082 1.62658 1.6035 1.70277 1.66666 1.54823 -1
6 6 0.348601 0.217478 0.495024 0.790653 1.03182 1.17083 1.22963 1.35115 1.33688 0.874525
6 7 0.00817779 0.259782 0.181957 0.536713 0.761582 0.898612 0.908916 0.959122 0.967906 0.712466
6 8 0.000328094 0.0276102 0.200491 0.152908 0.310368 0.0634119 0.270225 0.603935 0.633271 0.614254
6 9 0.00877462 0.0088546 0.0661659 0.120274 0.111128 0.107308 0.0803429 0.0879007 0.22426 0.258655
7 0 2.63715 3.58434 3.62416 -1 -1 -1 -1 -1 -1 -1
7 1 1.21811 2.78446 2.87931 2.7827 -1 -1 -1 -1 -1 -1
7 2 1.10887 2.47425 2.65267 2.57185 2.31402 -1 -1 -1 -1 -1
7 3 1.32072 2.16165 2.26491 2.29621 2.3443 2.13185 -1 -1 -1 -1
7 4 1.07566 1.85228 1.96715 1.98791 1.91518 2.06699 1.87732 -1 -1 -1
7 5 0.991798 1.61848 1.62637 1.62834 1.67599 1.65403 1.60941 1.25271 -1 -1
7 6 0.94901 1.30096 0.937253 1.31115 1.25566 1.31447 1.29167 1.2049 1.38121 -1
7 7 0.0318985 0.351123 0.782319 0.835867 0.883816 0.822732 0.885646 0.948977 0.968706 0.755922
7 8 0.0119041 0.409832 0.380842 0.426073 0.42538 0.367115 0.214374 0.580344 0.63258 0.632708
7 9 0.00858812 0.0903078 0.0667915 0.144578 0.140818 0.0906547 0.0699866 0.205583 0.25176 0.255794
8 0 3.51271 3.44835 -1 -1 -1 -1 -1 -1 -1 -1
8 1 1.48023 1.93901 0.000170085 -1 -1 -1 -1 -1 -1 -1
8 2 1.83422 2.2941 0.0597781 -1 -1 -1 -1 -1 -1 -1
8 3 1.49314 1.96648 1.92673 1.43755 2.01962 -1 -1 -1 -1 -1
8 4 1.60327 1.79868 1.8172 1.77704 1.80998 1.47367 -1 -1 -1 -1
8 5 1.44573 1.5763 1.53186 1.57064 1.58938 1.56462 0.0190803 -1 -1 -1
8 6 1.17609 1.29201 1.2728 1.26531 1.2984 1.31127 1.33539 1.23341 -1 -1
8 7 0.913029 0.931551 0.874833 0.905661 0.938269 0.940727 0.975618 1.01724 0.757296 0.680058
8 8 0.373747 0.614707 0.420706 0.592915 0.588166 0.628715 0.593614 0.630063 0.549976 0.457094
8 9 0.0550776 0.0817364 0.173202 0.140628 0.206422 0.147923 0.219021 0.122003 0.243008 0.239055
9 0 1.39874 -1 -1 -1 -1 -1 -1 -1 -1 -1
9 1 0.073403 0.0066567 -1 -1 -1 -1 -1 -1 -1 -1
9 2 0.262444 0.0125469 0.00504976 -1 -1 -1 -1 -1 -1 -1
9 3 0.0729408 0.00787127 0.00698939 0.00975262 -1 -1 -1 -1 -1 -1
9 4 0.967881 0.00940433 0.247877 0.00995839 0.0117549 -1 -1 -1 -1 -1
9 5 0.998985 0.064089 0.0967705 0.0752338 0.00763536 0.00357669 -1 -1 -1 -1
9 6 1.0068 0.951113 0.880823 0.742887 0.850591 0.595814 0.766953 -1 -1 -1
9 7 0.80609 0.819294 0.853744 0.837279 0.862672 0.823194 0.771881 0.686391 -1 -1
9 8 0.505241 0.510079 0.611102 0.57512 0.590654 0.589775 0.608402 0.606976 0.372036 0.000331459
9 9 0.206803 0.2186 0.247436 0.2379 0.229763 0.261193 0.278189 0.272879 0.26214 0.173161

15000 800 3.78709 1 0 7 -1 0 0 0
0 0 0.454143 0.799674 1.22044 1.35005 1.57215 2.07347 2.30389 3.17855 3.7785 3.15008
0 1 0.0561207 0.349819 0.740977 1.04161 1.49971 1.61514 1.71006 1.68442 1.51657 0.439748
0 2 0.000216174 0.00863966 0.233564 0.659685 1.09001 1.37446 1.75646 1.71308 1.67393 0.155401
0 3 -1.519e-05 0.000958246 0.00839916 0.190665 0.477655 1.02211 1.33627 1.53282 1.83575 0.92403
0 4 -1 0.000199232 0.00122947 0.00378885 0.204487 0.625795 0.927495 1.29946 1.81468 0.428504
0 5 -1 -1 0.001447 0.00200128 0.0469798 0.21149 0.653916 0.950618 1.53517 0.97824
0 6 -1 0.000211316 0.00114122 0.0018229 0.00230278 0.00144372 0.13867 0.443403 1.15327 1.2149
0 7 -1 -1 -0.000532275 -6.141e-05 -0.000729862 0.001295 0.00131259 0.0774397 0.932888 0.8006
0 8 -1 -1 -1 -1 0.000268915 0.000471439 0.00861625 0.010062 0.516045 0.587747
0 9 -1 -1 -1 -1 -1 -1 9.02779e-05 0.018191 0.072363 0.240686
1 0 0.641149 0.996851 1.37518 1.91382 2.19675 2.46909 2.79181 3.78709 3.77975 -1
1 1 0.363371 0.541525 0.99012 1.40584 1.73727 2.10584 2.43593 2.925 1.48864 0.0430432
1 2 0.0296026 0.0571768 0.576683 1.01213 1.38906 1.6711 2.27452 2.6428 2.35776 0.0378873
1 3 0.000292665 0.00843219 0.364052 0.335633 0.748736 1.52411 1.68204 2.30052 2.2294 0.213027
1 4 -1 0.00109485 0.00248479 0.11007 0.630255 0.732926 1.31619 2.00678 1.86821 0.951426
1 5 -1 0.00138212 0.00222637 0.00460582 0.0081906 0.308781 0.49761 1.57658 1.62303 0.49659
1 6 -1 0.000785125 0.00179318 0.00213865 0.00163413 0.0181862 0.282825 1.00045 1.32386 0.812861
1 7 -0.000748648 0.000574709 3.96666e-05 -0.000130648 0.000810179 0.219822 0.0197506 0.293503 0.948446 0.849781
1 8 -1 -1 -1 -1 -0.000813994 0.000465151 0.00854059 0.194353 0.487369 0.579844
1 9 -1 -1 -1 -1 -1 -1 0.0182197 0.0278098 0.0399702 0.246587
2 0 0.845655 1.19809 1.52363 2.17264 2.53032 2.89879 3.77493 3.77795 -1 -1
2 1 0.617226 0.884255 0.994921 1.44581 2.25954 2.46619 3.04464 2.95581 2.36683 -1
2 2 0.235209 0.44377 0.550632 1.0065 1.53507 1.96148 2.74027 2.72638 2.19111 0.00292853
2 3 0.017956 0.194336 0.180369 0.734301 0.959291 1.1414 2.38767 2.41915 1.84465 0.0384767
2 4 0.000369897 0.00861358 0.0338041 0.158668 0.772597 0.683255 1.9841 2.05391 1.93029 0.0242052
2 5 0.000664169 0.00194771 0.00648519 0.0778789 0.148096 0.527393 1.16573 1.66744 1.71211 0.333122
2 6 -0.000238613 0.000961713 0.00385458 0.0048958 0.0175738 0.10813 0.331952 1.16004 1.32895 0.871311
2 7 -0.000703346 0.00102403 0.00166135 0.00122061 0.00858684 0.0086654 0.45986 0.536362 0.976946 0.909567
2 8 -1 0.000193101 -0.000473597 -1 -1 0.0277652 0.0950132 0.202938 0.499104 0.48911
2 9 -1 -1 -1 -1 0.0181039 0.00883051 0.0922324 0.146814 0.0755797 0.269813
3 0 1.24802 1.60852 1.85237 2.50705 2.86073 3.72602 3.73423 2.28546 -1 -1
3 1 0.866578 1.34524 1.58554 1.40635 2.26678 3.22146 3.10652 2.7956 -1 -1
3 2 0.583276 0.845935 0.961218 1.25167 1.9453 2.8099 2.81054 2.61518 2.10717 -1
3 3 0.254536 0.415553 0.732811 1.27603 1.2734 1.90636 2.4058 2.39002 2.13546 0.00256393
3 4 0.00633913 0.133101 0.514213 0.226284 0.637571 1.79836 1.89431 2.03396 1.78016 0.0479855
3 5 0.000360519 0.00607897 0.28189 0.193338 0.28816 0.733905 1.28748 1.64629 1.62944 0.376198
3 6 0.000456418 0.00149972 0.00943697 0.00841095 0.0607373 0.423129 0.472737 1.19605 1.29062 0.890832
3 7 6.66118e-05 0.00171938 0.00169384 0.00155981 0.0145633 0.888842 0.18854 0.89318 0.98149 0.893044
3 8 -1 -1 -1 -1 0.0171595 0.365993 0.31426 0.628947 0.582943 0.63282
3 9 -1 -1 0.0086028 0.00858866 0.0181916 0.046985 0.190538 0.129946 0.22624 0.235296
4 0 1.39447 1.96133 2.22421 2.76483 3.63991 3.66554 0.593822 -1 -1 -1
4 1 1.07138 1.59926 1.71719 2.24453 3.18687 3.19857 3.03681 -1 -1 -1
4 2 0.937312 1.33924 1.52322 2.12072 2.54755 2.86035 2.81648 2.19185 -1 -1
4 3 0.695408 1.02401 1.03464 1.35514 1.82883 2.35115 2.37804 2.3762 2.0491 -1
4 4 0.268576 0.398535 0.764065 1.0628 1.24195 1.74561 2.00226 2.02157 1.86584 0.0106743
4 5 0.00829181 0.10266 0.395352 0.965396 0.587261 1.41284 1.52666 1.61915 1.50139 0.700512
4 6 0.0006338 0.101832 0.0265493 0.419741 1.13196 0.426813 1.11539 1.3812 1.30192 1.02575
4 7 0.000695897 0.00159829 0.00856955 0.142499 0.0797116 0.756066 0.634265 0.972634 0.984305 0.751921
4 8 -0.000338905 -3.14628e-05 -0.000496531 0.00864485 0.0313129 0.234504 0.531117 0.603041 0.64537 0.62579
4 9 -1 0.0086917 -1 0.0182346 0.228971 0.0817497 0.147375 0.165099 0.197043 0.273663
5 0 1.75501 2.16741 2.58665 3.66959 3.64585 1.19113 -1 -1 -1 -1
5 1 1.32205 2.06371 2.38599 3.09035 3.11712 3.00893 0.267667 -1 -1 -1
5 2 1.07615 1.55128 1.85132 2.70917 2.79164 2.7808 2.62392 -1 -1 -1
5 3 0.933758 1.2381 1.61478 2.25309 2.3174 2.38796 2.38627 2.25051 1.57752 -1
5 4 0.682809 0.839149 1.98969 1.90734 1.92283 1.95736 1.99889 2.07673 1.7511 -1
5 5 0.226659 0.36878 0.584729 1.36757 1.08461 1.43567 1.57845 1.60788 1.54984 0.0117368
5 6 0.00604973 0.0853228 0.498113 1.23108 1.14966 1.28891 1.27965 1.23486 1.29717 0.977213
5 7 0.00120373 0.00168487 0.129107 0.532481 0.839202 0.459082 0.927274 0.931672 0.940512 0.793976
5 8 0.000265521 -0.000217757 0.000899929 0.154525 0.392345 0.335807 0.536504 0.54155 0.578329 0.589348
5 9 -1 0.00897407 0.00935908 0.107207 0.111149 0.0775242 0.172043 0.224749 0.234549 0.268346
6 0 2.29273 2.75522 3.67234 3.71379 1.12537 -1 -1 -1 -1 -1
6 1 1.3752 2.2815 3.02992 3.05912 2.88155 -1 -1 -1 -1 -1
6 2 1.39577 1.81413 2.66932 2.70206 2.71538 2.67557 2.261 -1 -1 -1
6 3 1.29026 1.57799 2.36469 2.38508 2.40251 2.3688 2.16176 -1 -1 -1
6 4 1.04393 1.43775 1.96993 2.07813 1.99207 2.06786 1.94008 2.01243 -1 -1
6 5 0.733663 0.746612 1.48283 1.66082 1.62658 1.6035 1.70277 1.68613 1.54823 -1
6 6 0.348601 0.374864 0.495024 0.790653 1.08488 1.21811 1.28591 1.35115 1.35217 0.90614
6 7 0.00817779 0.259782 0.181957 0.634272 0.761582 0.898612 0.931805 0.959122 0.967906 0.861566
6 8 0.00119421 0.0276102 0.245306 0.403072 0.337305 0.521154 0.553909 0.603935 0.633271 0.614254
6 9 0.00877462 0.0102635 0.075434 0.120274 0.111128 0.146727 0.159921 0.228308 0.22426 0.28616
7 0 2.63715 3.61078 3.62416 0.83516 -1 -1 -1 -1 -1 -1
7 1 1.72391 2.78446 2.87931 2.7827 -1 -1 -1 -1 -1 -1
7 2 1.14081 2.47425 2.65267 2.59948 2.56503 -1 -1 -1 -1 -1
7 3 1.36372 2.20771 2.28169 2.29621 2.3443 2.13742 -1 -1 -1 -1
7 4 1.37065 1.91378 1.96715 2.07149 1.98197 2.06699 1.94495 -1 -1 -1
7 5 0.991798 1.62039 1.62637 1.62834 1.68882 1.705 1.66772 1.54906 -1 -1
7 6 0.94901 1.34178 1.3149 1.31115 1.25566 1.31447 1.33618 1.34605 1.38121 -1
7 7 0.197958 0.632428 0.782319 0.904871 0.883816 0.822732 0.904904 0.948977 0.968706 0.755922
7 8 0.0119041 0.409832 0.380842 0.465961 0.506399 0.533157 0.515192 0.580344 0.63258 0.632708
7 9 0.200566 0.0903078 0.0667915 0.144578 0.140818 0.105101 0.0986258 0.205583 0.25176 0.277755
8 0 3.51271 3.61301 -1 -1 -1 -1 -1 -1 -1 -1
8 1 1.91117 2.23822 0.000170085 -1 -1 -1 -1 -1 -1 -1
8 2 1.83422 2.2941 0.0597781 0.00328573 -1 -1 -1 -1 -1 -1
8 3 1.79965 2.12244 1.92673 2.04919 2.01962 -1 -1 -1 -1 -1
8 4 1.7604 1.92495 1.8172 1.82013 1.91156 1.65851 -1 -1 -1 -1
8 5 1.44573 1.5763 1.53186 1.57064 1.62459 1.6162 1.47433 -1 -1 -1
8 6 1.20017 1.29201 1.2728 1.33013 1.2984 1.31563 1.33539 1.26996 -1 -1
8 7 0.913029 0.931551 0.942883 0.981802 0.938269 0.941011 0.975618 1.01724 0.757296 0.680058
8 8 0.373747 0.614707 0.429462 0.592915 0.622846 0.63953 0.593614 0.630063 0.549976 0.601495
8 9 0.0550776 0.0836326 0.173202 0.190946 0.206422 0.147923 0.219021 0.122003 0.243008 0.239055
9 0 1.6971 -1 -1 -1 -1 -1 -1 -1 -1 -1
9 1 0.098822 0.0066567 -1 -1 -1 -1 -1 -1 -1 -1
9 2 0.262444 0.0125469 0.00504976 -1 -1 -1 -1 -1 -1 -1
9 3 0.0759137 0.0137125 0.00698939 0.00975262 -1 -1 -1 -1 -1 -1
9 4 0.967881 0.024692 0.247877 0.00995839 0.0117549 -1 -1 -1 -1 -1
9 5 0.998985 0.125817 0.197435 0.0752338 0.716337 0.013182 -1 -1 -1 -1
9 6 1.1111 0.951113 0.880823 1.00028 0.850591 0.93565 0.885326 -1 -1 -1
9 7 0.825353 0.819294 0.853744 0.837279 0.862672 0.866103 0.871032 0.785019 -1 -1
9 8 0.560999 0.520514 0.611102 0.594025 0.619734 0.605832 0.623263 0.62853 0.529305 0.000331459
9 9 0.221425 0.251812 0.247436 0.2379 0.266973 0.261193 0.278189 0.284186 0.281581 0.229307

20000 806 3.78709 1 0 7 -1 0 0 0
0 0 0.454143 0.836889 1.22044 1.61216 1.82913 2.07347 2.38919 3.17855 3.77997 3.15008
0 1 0.0561207 0.349819 0.90449 1.04161 1.49971 1.61514 1.71006 1.71599 1.71851 0.743377
0 2 0.000216174 0.00863966 0.233564 0.659685 1.09001 1.37446 1.75646 1.7705 2.52749 0.155401
0 3 0.000194181 0.000958246 0.00839916 0.247134 0.477655 1.12522 1.33627 1.53282 2.00736 0.92403
0 4 -1 0.000199232 0.0045576 0.00378885 0.204487 0.625795 0.937545 1.29946 1.81705 0.428504
0 5 -1 -1 0.001447 0.00312741 0.0469798 0.21149 0.653916 0.950618 1.53517 0.97824
0 6 -1 0.000211316 0.00114122 0.00204898 0.00589844 0.00144372 0.149663 0.443403 1.15327 1.2149
0 7 -1 -1 -0.000532275 0.000362452 -5.01579e-05 0.001295 0.00854308 0.0774397 0.932888 0.833583
0 8 -1 -1 -1 -1 0.000268915 0.000471439 0.00861625 0.010062 0.516045 0.587747
0 9 -1 -1 -1 -1 -1 -1 9.02779e-05 0.018191 0.072363 0.240686
1 0 0.647934 1.14928 1.4043 1.91382 2.55715 2.46909 2.79181 3.78709 3.77975 -1
1 1 0.363371 0.541525 0.99012 1.52777 1.78754 2.10584 2.43593 2.925 2.67424 0.0430432
1 2 0.0296026 0.276699 0.576683 1.01213 1.44086 1.93848 2.27452 2.6428 2.35776 0.0378873
1 3 0.000292665 0.00843219 0.364052 0.335633 0.748736 1.52411 1.68204 2.37143 2.2294 0.216974
1 4 -1 0.00109485 0.00277592 0.11007 0.630255 0.732926 1.31619 2.00678 1.87232 0.951426
1 5 -0.000337287 0.00189874 0.00222637 0.00460582 0.0758657 0.308781 0.49761 1.64013 1.62303 0.49659
1 6 -1 0.000785125 0.00179318 0.00236172 0.0155252 0.0181862 0.282825 1.00045 1.32386 0.998058
1 7 -0.000748648 0.000574709 0.00142365 -0.000130648 0.00851377 0.219822 0.0197506 0.293503 0.976692 0.849781
1 8 -1 -1 -1 -1 -0.000240451 0.00842457 0.00854059 0.194353 0.487369 0.579844
1 9 -1 -1 -1 -1 0.00858367 -1 0.0182197 0.0279404 0.0399702 0.246587
2 0 0.919833 1.19809 1.90658 2.17264 2.5546 2.89879 3.77982 3.77894 -1 -1
2 1 0.617226 0.884255 1.25263 1.58404 2.25954 2.50175 3.04464 2.96911 2.36683 -1
2 2 0.258904 0.528972 0.550632 1.0065 1.81533 2.03296 2.79261 2.7454 2.19111 0.00292853
2 3 0.017956 0.221094 0.371821 0.734301 1.05527 1.15619 2.38767 2.41915 2.12372 0.0384767
2 4 0.000369897 0.00861358 0.0661747 0.326049 0.772597 0.683255 1.9864 2.05391 1.93029 0.0242052
2 5 0.000664169 0.00194771 0.00648519 1.03245 0.725072 0.527393 1.16573 1.66744 1.71211 0.333122
2 6 -0.000238613 0.00132098 0.00385458 0.0048958 0.17212 0.10813 0.331952 1.2067 1.32895 0.871311
2 7 0.000118309 0.00102403 0.00166135 0.00122061 0.00858684 0.0086654 0.45986 0.536362 0.976946 0.909567
2 8 -1 0.000193101 -0.000473597 -1 -1.30814e-05 0.0277652 0.0950132 0.335877 0.503592 0.613444
2 9 -1 -1 -1 -1 0.0181039 0.00943146 0.0922324 0.146814 0.125918 0.269813
3 0 1.25848 1.68307 1.85237 2.50705 2.99293 3.73807 3.73423 2.7933 -1 -1
3 1 0.866578 1.34524 1.58554 1.76557 2.26678 3.22146 3.11436 2.7956 -1 -1
3 2 0.583276 0.845935 1.03265 1.25167 1.9453 2.8099 2.81054 2.61518 2.29693 -1
3 3 0.254536 0.433708 0.732811 1.27603 1.2734 2.35635 2.4058 2.39002 2.13546 0.00256393
3 4 0.325889 0.133101 0.514213 0.255055 0.637571 1.79836 1.89431 2.03396 1.78016 0.0479855
3 5 0.000525963 0.00607897 0.28189 0.31338 0.28816 1.56311 1.28748 1.70539 1.62944 0.715475
3 6 0.000456418 0.00149972 0.00943697 0.0149912 0.222592 0.423129 0.472737 1.32175 1.3321 0.890832
3 7 6.7269e-05 0.00171938 0.00169384 0.00155981 0.142753 0.888842 0.567895 0.89318 0.98149 0.893044
3 8 -1 -1 -1 -1 0.0171595 0.365993 0.31426 0.628947 0.582943 0.63282
3 9 -1 -1 0.0086028 0.00858866 0.0182146 0.046985 0.190538 0.146691 0.22624 0.235296
4 0 1.55761 1.99736 2.24336 2.87524 3.6437 3.68849 1.71495 -1 -1 -1
4 1 1.32312 1.68596 1.71719 2.24453 3.18687 3.20985 3.06648 -1 -1 -1
4 2 0.937312 1.33924 1.52322 2.12072 2.7874 2.86035 2.81648 2.47885 -1 -1
4 3 0.717007 1.02401 1.03464 1.6847 1.82883 2.35115 2.37804 2.3762 2.0491 -1
4 4 0.268576 0.398535 0.809871 1.0628 1.95651 1.88766 2.00226 2.02157 1.86584 0.0106743
4 5 0.0209494 0.147619 0.395352 0.965396 1.01052 1.41284 1.56965 1.65946 1.50139 0.700512
4 6 0.0006338 0.101832 0.0265493 0.419741 1.13196 0.733359 1.11539 1.3812 1.34033 1.02575
4 7 0.000695897 0.00159829 0.00856955 0.142499 0.0797116 0.756066 0.634265 0.972634 0.984305 0.880023
4 8 4.20973e-05 -3.14628e-05 -0.000496531 0.00916816 0.412152 0.234504 0.531117 0.603041 0.64537 0.62579
4 9 -1 0.0086917 0.00852694 0.142674 0.228971 0.115182 0.205381 0.165099 0.197043 0.273663
5 0 1.75501 2.16741 2.60085 3.66959 3.64585 3.14805 -1 -1 -1 -1
5 1 1.32205 2.06371 2.38599 3.09035 3.13662 3.00893 2.80305 -1 -1 -1
5 2 1.29973 1.55128 2.11164 2.7454 2.79164 2.7808 2.62392 -1 -1 -1
5 3 1.01177 1.2381 1.61478 2.36417 2.37635 2.38796 2.42198 2.38429 1.57752 -1
5 4 0.682809 0.839149 1.98969 1.90734 2.12599 1.95736 1.99889 2.07673 1.7511 -1
5 5 0.226659 0.36878 0.584729 1.36757 1.2535 1.47693 1.57845 1.70593 1.54984 0.0117368
5 6 0.00807824 0.0853228 0.498113 1.23108 1.14966 1.28891 1.27965 1.32032 1.29717 0.985354
5 7 0.00854395 0.0198648 0.129107 0.532481 0.839202 0.702945 0.927274 0.931672 0.987205 0.793976
5 8 0.000265521 0.00881047 0.000899929 0.154525 0.392345 0.439056 0.536504 0.601663 0.578329 0.624749
5 9 -1 0.00897407 0.024336 0.107207 0.111149 0.111768 0.172043 0.224749 0.234549 0.268346
6 0 2.29273 2.75522 3.67234 3.71379 1.42529 -1 -1 -1 -1 -1
6 1 1.3752 2.2815 3.02992 3.05912 2.88155 -1 -1 -1 -1 -1
6 2 1.39577 1.81413 2.66932 2.73156 2.71908 2.67557 2.52799 -1 -1 -1
6 3 1.29026 1.67471 2.39345 2.38508 2.40251 2.37093 2.18745 -1 -1 -1
6 4 1.04393 1.43775 1.96993 2.07813 2.02116 2.06786 2.02661 2.01243 -1 -1
6 5 0.733663 0.746612 1.66685 1.66082 1.62658 1.6035 1.70277 1.69308 1.54823 -1
6 6 0.348601 0.887992 0.690662 0.940747 1.08488 1.21811 1.33981 1.35115 1.35217 0.90614
6 7 0.00817779 0.259782 0.85461 0.845695 0.761582 0.898612 0.935251 0.959122 0.967906 0.871568
6 8 0.00119421 0.0276102 0.245306 0.403072 0.501473 0.521154 0.553909 0.603935 0.633271 0.614254
6 9 0.00877462 0.0102635 0.110383 0.120274 0.111128 0.146727 0.159921 0.228308 0.234124 0.28616
7 0 2.63715 3.61078 3.62416 0.83516 -1 -1 -1 -1 -1 -1
7 1 1.80067 2.78446 2.87931 2.7827 -1 -1 -1 -1 -1 -1
7 2 1.41299 2.48168 2.65267 2.59948 2.56503 -1 -1 -1 -1 -1
7 3 1.36372 2.20771 2.30233 2.32725 2.3443 2.13742 -1 -1 -1 -1
7 4 1.37065 1.91378 2.04792 2.07149 2.04926 2.06699 1.94495 -1 -1 -1
7 5 0.991798 1.62039 1.6948 1.67611 1.68882 1.705 1.67329 1.54906 -1 -1
7 6 0.94901 1.34178 1.33286 1.31115 1.25566 1.31455 1.33618 1.37941 1.38121 0.918222
7 7 0.197958 0.632428 0.782319 0.904871 0.883816 0.822732 0.904904 0.948977 0.968706 0.755922
7 8 0.0119041 0.409832 0.553393 0.465961 0.506399 0.533157 0.515192 0.614003 0.63258 0.632708
7 9 0.200566 0.0903078 0.157275 0.144578 0.140818 0.105101 0.237659 0.21988 0.266436 0.277755
8 0 3.60769 3.61301 -1 -1 -1 -1 -1 -1 -1 -1
8 1 1.91117 2.23822 0.00274834 -1 -1 -1 -1 -1 -1 -1
8 2 1.83422 2.2941 0.0597781 0.00328573 -1 -1 -1 -1 -1 -1
8 3 1.82819 2.17017 1.92673 2.12962 2.01962 -1 -1 -1 -1 -1
8 4 1.7604 1.92495 1.8172 1.82013 1.91156 1.75861 -1 -1 -1 -1
8 5 1.5262 1.61376 1.56948 1.59646 1.62459 1.6162 1.47433 -1 -1 -1
8 6 1.20017 1.29201 1.3076 1.331 1.2984 1.33584 1.33539 1.26996 -1 -1
8 7 0.913029 0.950091 0.942883 0.983806 0.974704 0.96467 0.975618 1.01724 0.908831 0.680058
8 8 0.373747 0.614707 0.548453 0.592915 0.622846 0.63953 0.624651 0.630063 0.578093 0.601495
8 9 0.0813846 0.0836326 0.173202 0.227314 0.206869 0.22164 0.219021 0.266029 0.260996 0.277353
9 0 1.6971 -1 -1 -1 -1 -1 -1 -1 -1 -1
9 1 0.28365 0.0105656 -1 -1 -1 -1 -1 -1 -1 -1
9 2 0.262444 0.0125469 0.00504976 -1 -1 -1 -1 -1 -1 -1
9 3 0.0759137 0.0137125 0.00848122 0.00989628 -1 -1 -1 -1 -1 -1
9 4 0.967881 0.154282 0.247877 0.00995839 0.0117549 -1 -1 -1 -1 -1
9 5 0.998985 0.364243 0.251531 0.306189 0.716337 0.013182 -1 -1 -1 -1
9 6 1.1111 0.951113 0.909054 1.02294 0.850591 0.93565 0.885326 -1 -1 -1
9 7 0.825353 0.870351 0.853744 0.872582 0.875064 0.866103 0.871032 0.788075 0.63875 -1
9 8 0.560999 0.541045 0.611102 0.625475 0.619734 0.605832 0.623263 0.633247 0.653468 0.405851
9 9 0.221425 0.251812 0.28319 0.2379 0.280591 0.274536 0.278189 0.287788 0.289273 0.229307

