0 23 0.0256235 4 4 4 -1 0 0 0
0 0 -1 -1 -1 0.00278702 -1 -1 -1 -1 -1 -1
0 1 -1 -1 -1 -1 0.0039093 -1 -1 -1 -1 -1
0 2 -1 -1 -1 -1 -1 -1 -1 -1 -1 -1
0 3 -1 -1 -1 -1 -1 -1 -1 -1 -1 -1
0 4 -1 -1 -1 -1 -1 -1 -1 -1 -1 -1
0 5 -1 -1 -1 -1 -1 -1 -1 -1 -1 -1
0 6 -1 -1 -1 -1 -1 -1 -1 -1 0.00459541 -1
0 7 -1 -1 -1 -1 -1 -1 -1 -1 -1 -1
0 8 -1 -1 -1 -1 -1 -1 -1 -1 -1 -1
0 9 -1 -1 -1 -1 -1 -1 -1 -1 -1 -1
1 0 -1 -1 -1 -1 -1 -1 -1 -1 -1 -1
1 1 -1 -1 -1 -1 -1 -1 -1 -1 -1 -1
1 2 -1 -1 -1 -1 -1 -1 -1 -1 -1 -1
1 3 -1 -1 -1 -1 -1 -1 -1 -1 -1 -1
1 4 -1 -1 -1 -1 -1 -1 -1 -1 -1 -1
1 5 -1 -1 -1 -1 -1 -1 -1 -1 -1 0.00930141
1 6 -1 -1 -1 -1 -1 -1 -1 -1 -1 -1
1 7 -1 -1 -1 -1 -1 -1 -1 -1 -1 -1
1 8 -1 -1 -1 -1 -1 -1 -1 -1 -1 -1
1 9 -1 -1 -1 -1 -1 -1 -1 -1 -1 -1
2 0 -1 -1 -1 -1 -1 -1 -1 -1 -1 -1
2 1 -1 -1 -1 -1 -1 -1 -1 -1 -1 -1
2 2 -1 -1 -1 -1 -1 -1 -1 -1 -1 -1
2 3 -1 -1 -1 -1 0.00045245 -1 -1 -1 -1 -1
2 4 -1 -1 -1 -1 -1 -0.000403814 0.000312876 -1 -1 -1
2 5 -1 -1 -1 -1 -1 -1 -0.000523951 -1 -1 -1
2 6 -1 -1 -1 -1 -1 -1 -1 -1 -1 -1
2 7 -1 -1 -1 -1 -1 -1 -1 -1 -1 -1
2 8 -1 -1 -1 -1 -1 -1 -1 -1 -1 -1
2 9 -1 -1 -1 -1 -1 -1 -1 -1 -1 -1
3 0 0.00463396 -1 -1 -1 -1 -1 -1 -1 -1 -1
3 1 -1 -1 -1 -1 -1 -1 -1 -1 -1 -1
3 2 -1 -1 -1 -1 -1 -1 -1 -1 -1 -1
3 3 -1 -1 -1 -1 -1 -1 -1 -1 -1 -1
3 4 -1 -1 -1 -1 -1 0.000536222 -1 -1 -1 -1
3 5 -1 -1 -1 -1 -1 -1 0.000329674 -1 -1 -1
3 6 -1 -1 -1 -1 -1 -1 -1 -1 -1 -1
3 7 -1 -1 -1 -1 -1 -1 -1 -1 -1 -1
3 8 -1 -1 -1 -1 -1 -1 -1 -1 -1 -1
3 9 -1 -1 -1 -1 -1 -1 -1 -1 -1 -1
4 0 -1 -1 -1 -1 -1 -1 -1 -1 -1 -1
4 1 -1 -1 -1 -1 -1 -1 -1 -1 -1 -1
4 2 -1 -1 -1 -1 -1 -1 -1 -1 -1 -1
4 3 -1 -1 -1 -1 -1 -1 -1 -1 -1 -1
4 4 -1 -1 0.000166728 0.000855459 0.0256235 -1 -1 -1 -1 -1
4 5 -1 -1 -1 -1 0.000627802 -1 -1 -1 -1 -1
4 6 -1 -1 -1 -1 -1 -0.00455543 -1 -1 -1 -1
4 7 -1 -1 -1 -1 -1 -1 -1 -1 -1 -1
4 8 -1 -1 -1 -1 -1 -1 -1 -1 -1 -1
4 9 -1 -1 -1 -1 -1 -1 -1 -1 -1 -1
5 0 -1 -1 -1 -1 -1 -1 -1 -1 -1 -1
5 1 -1 -1 -1 -1 -1 -1 -1 -1 -1 -1
5 2 -1 -1 -1 -1 -1 -1 -1 -1 -1 -1
5 3 -1 -1 -1 -1 -1 -1 -1 -1 -1 -1
5 4 -1 -1 -1 -1 -1 -1 -1 -1 -1 -1
5 5 -1 -1 -1 8.61958e-07 -1 -1 -1 -1 -1 -1
5 6 -1 -1 -1 -1 -1 0.000570383 -1 -1 -1 -1
5 7 -1 -1 -1 -1 -1 -1 -1 -1 -1 -1
5 8 -1 -1 -1 -1 -1 -1 -1 -1 0.0137143 -1
5 9 -1 -1 -1 -1 -1 0.00877655 -1 -1 -1 -1
6 0 -1 -1 -1 -1 -1 -1 -1 -1 -1 -1
6 1 -1 -1 -1 -1 -1 -1 -1 -1 -1 -1
6 2 -1 -1 -1 -1 -1 -1 -1 -1 -1 -1
6 3 -1 -1 -1 -1 -1 -1 -1 -1 -1 -1
6 4 -1 -1 -1 -1 -1 -1 -1 -1 -1 -1
6 5 -1 -1 -1 -1 -1 -1 -1 -1 -1 -1
6 6 -1 -1 -1 -1 -1 -1 -1 -1 -1 -1
6 7 -1 -1 -1 -1 -1 -1 -1 -0.000273424 -1 -1
6 8 -1 -1 -1 -1 -1 -1 -1 -1 -1 -1
6 9 -1 -1 -1 -1 -1 -1 -1 -1 -1 -1
7 0 -1 -1 -1 -1 -1 -1 -1 -1 -1 -1
7 1 -1 -1 -1 -1 -1 -1 -1 -1 -1 -1
7 2 -1 -1 -1 -1 -1 -1 -1 -1 -1 -1
7 3 -1 -1 -1 -1 -1 -1 -1 -1 -1 -1
7 4 -1 -1 -1 -1 -1 -1 -1 -1 -1 -1
7 5 -1 -1 -1 -1 -1 -1 -1 -1 -1 -1
7 6 -1 -1 -1 -1 -1 -1 -1 -1 -1 -1
7 7 -1 -1 -1 -1 -1 -1 -1 -1 -1 -1
7 8 -1 -1 -1 -1 -1 -1 -1 -1 -1 -1
7 9 -1 -1 -1 -1 -1 -1 -1 -1 -1 -1
8 0 -1 -1 -1 -1 -1 -1 -1 -1 -1 -1
8 1 -1 -1 -1 -1 -1 -1 -1 -1 -1 -1
8 2 -1 -1 -1 -1 -1 -1 -1 -1 -1 -1
8 3 -1 -1 -1 -1 -1 -1 -1 -1 -1 -1
8 4 -1 -1 -1 -1 -1 -1 -1 -1 -1 -1
8 5 -1 -1 -1 -1 -1 -1 -1 -1 -1 -1
8 6 -1 -1 -1 -1 -1 -1 -1 -1 -1 -1
8 7 -1 -1 -1 -1 -1 -1 -1 -1 -1 -1
8 8 -1 -1 -1 -1 -1 -1 -1 -1 -1 -1
8 9 -1 -1 -1 -1 -1 -1 -1 -1 -1 -1
9 0 -1 -1 -1 -1 -1 -1 -1 -1 -1 -1
9 1 -1 -1 -1 -1 -1 -1 -1 -1 -1 -1
9 2 -1 -1 -1 -1 -1 -1 -1 -1 -1 -1
9 3 -1 -1 -1 -1 -1 -1 -1 -1 -1 -1
9 4 0.00314242 -1 -1 -1 -1 -1 -1 -1 -1 -1
9 5 -1 -1 -1 -1 -1 -1 -1 -1 -1 -1
9 6 -1 -1 -1 -1 -1 -1 -1 -1 -1 -1
9 7 -1 -1 -1 -1 -1 -1 -1 -1 -1 -1
9 8 -1 -1 -1 -1 -1 -1 -1 -1 -1 -1
9 9 -1 -1 -1 -1 -1 -1 0.00258015 -1 -1 -1

5000 779 3.75826 5 0 3 -1 0 0 0
0 0 0.519677 0.845625 1.23956 1.29159 1.62763 2.04792 2.76296 3.42382 3.74596 0.70641
0 1 0.018355 0.468244 0.73506 0.949491 1.2118 1.35008 1.21683 2.24332 2.85327 0.0847882
0 2 0.00033517 0.0318708 0.519647 0.651224 0.97725 1.39671 1.56013 1.79962 2.73731 0.0887186
0 3 -1 0.000961227 0.0197995 0.357555 0.633372 1.0095 0.474028 0.956327 1.82056 0.0959752
0 4 -1 -1 0.000824017 0.0704084 0.270937 0.560982 0.854107 0.526777 1.89789 0.992646
0 5 -1 -1 0.00113014 0.00129092 0.00862804 0.115789 0.339619 0.421828 0.554838 0.350699
0 6 -1 -0.000284958 0.000744222 0.000828874 0.000613593 0.00863031 0.107515 0.395467 0.39219 0.493391
0 7 -1 -1 -1 -1 -0.000335328 0.000324707 0.0225259 0.0545338 0.478748 0.795431
0 8 -1 -1 -1 -1 -1 -3.54514e-05 0.000630673 0.000638879 0.107454 0.394193
0 9 -1 -1 -1 -1 -1 -1 0.000484847 0.00859231 0.0135744 0.188087
1 0 0.55932 1.11837 1.48235 1.83118 2.36097 2.6382 3.49718 3.74771 3.74676 -1
1 1 0.506677 0.52576 1.1858 1.37395 1.55107 2.01579 2.36601 2.8303 1.54713 0.00530904
1 2 0.00809499 0.0669086 0.494528 1.17619 1.37726 2.05393 1.5844 2.36657 2.36652 0.0389651
1 3 -1 0.00854547 0.115291 0.862038 0.965259 1.15698 1.51019 2.05889 2.01198 0.00436035
1 4 -1 0.000713292 0.00101233 0.181232 0.46389 0.844146 0.97725 1.33255 1.90612 2.05912
1 5 -0.00185483 -0.00021841 0.00162884 0.00271122 0.064438 0.293639 0.626533 1.33817 1.07271 0.0958875
1 6 -1 0.000951774 0.00177886 0.001782 0.00103177 0.059467 0.405884 0.991126 0.526431 0.832634
1 7 -1 -0.000154355 -1 0.0007007 0.000879033 0.133136 0.05788 0.291223 0.601373 0.955046
1 8 -1 -1 -1 -0.000450096 -1 0.000575718 0.3149 0.0663092 0.538036 0.421157
1 9 -1 -1 -1 -1 -1 0.00865481 0.008522 0.0207876 0.0664939 0.243508
2 0 1.15858 1.51681 1.85738 2.22106 2.6603 3.16321 3.63141 3.72178 -1 -1
2 1 0.648127 0.904493 1.64311 1.99364 2.14663 2.29216 2.88224 3.01639 0.00194787 -1
2 2 0.140759 0.31749 0.521597 1.40067 1.75505 2.35127 2.65948 2.62116 2.44219 -1
2 3 0.000745708 0.0231424 0.2376 0.613976 1.32834 1.78698 1.86616 2.21756 0.0183673 0.0176252
2 4 0.000258038 0.000606643 0.0940772 0.518613 0.619144 1.39796 1.52301 1.47473 1.83034 0.00536631
2 5 -0.000903211 0.00131284 0.0028602 0.0952485 0.258825 0.298528 0.950832 1.34075 1.61119 0.0130362
2 6 -1 0.000845009 0.00184411 0.00164399 0.0291859 0.253992 0.348871 1.22548 1.11911 0.0825865
2 7 -0.000460644 0.00117458 7.13137e-05 0.00130002 0.00103897 0.0560294 0.0434899 0.440514 0.819089 0.449743
2 8 -1 -1 -1 -0.00031713 0.000747109 0.0342211 0.0293095 0.0548042 0.510657 0.56067
2 9 -1 -1 -1 -1 -1 0.0086502 0.0205322 0.142738 0.157093 0.249663
3 0 1.54528 1.69935 1.88384 2.67478 3.07047 3.74452 3.75246 0.99229 -1 -1
3 1 0.906231 1.28048 1.32702 2.16815 2.50023 3.06592 3.04034 -1 -1 -1
3 2 0.675779 1.22735 0.894222 1.92368 1.85805 2.72586 2.86183 0.380617 0.00275989 -1
3 3 0.430698 0.0545273 0.594589 0.913109 1.84619 2.07316 2.15038 1.98388 2.05979 0.00478594
3 4 0.00538473 0.129024 0.0535801 0.802105 0.880422 1.25426 1.63497 1.55954 1.87831 0.00983851
3 5 -5.66053e-05 0.0221671 0.0106622 0.144101 0.237096 0.828747 1.44912 1.41294 0.794451 0.00748301
3 6 -0.00102803 0.00143239 0.0021195 0.00511242 0.061951 0.188566 0.931799 1.11895 1.0754 0.0676363
3 7 -0.000673493 0.00102575 0.00108586 0.000788092 0.00708252 0.091809 0.709263 0.629775 0.845237 0.623849
3 8 -1 -1 -0.000284477 -0.000104505 0.161062 0.0372917 0.359676 0.557758 0.535286 0.526386
3 9 -1 -1 -1 -1 0.113926 0.0258777 0.201329 0.154277 0.163276 0.219089
4 0 1.37134 2.63929 2.36789 2.82837 3.74483 3.63378 1.97807 -1 -1 -1
4 1 0.824974 1.34152 1.80926 2.46759 2.90956 3.17012 2.3646 -1 -1 -1
4 2 0.716072 0.962407 1.43382 2.1913 2.45573 2.52951 2.56877 0.00213683 -1 -1
4 3 0.557939 0.845664 0.868116 1.08739 2.3403 2.44938 2.11343 2.23931 0.450868 -1
4 4 0.182161 0.102566 0.183363 0.349783 0.867032 1.34935 1.68406 1.54483 0.448147 1.85094
4 5 0.00068115 0.0751252 0.286015 0.448444 0.259236 0.737863 1.38392 1.24245 1.15844 0.00594795
4 6 -0.000143443 0.00169598 0.00786712 0.0405728 0.108371 0.585791 0.8005 1.18692 1.00431 0.934668
4 7 -0.00032614 0.00112127 0.00103496 0.00166558 0.0230122 0.0344688 0.67841 0.725616 0.810376 0.603252
4 8 -1 -1 8.09745e-05 0.00855471 0.0284698 0.0411927 0.49934 0.339945 0.507192 0.529226
4 9 -1 -1 -1 -1 0.0184622 0.0609117 0.0738672 0.19508 0.0394026 0.255
5 0 2.15825 2.94145 2.94471 3.75826 3.75467 2.27301 -1 -1 -1 -1
5 1 1.14156 1.73149 2.2087 3.30971 3.02676 2.73655 -1 -1 -1 -1
5 2 1.07614 2.20403 1.83719 1.95994 2.68393 2.42148 2.18223 -1 -1 -1
5 3 0.992916 1.30458 1.64755 1.10755 1.81037 2.15826 2.34993 -1 -1 -1
5 4 0.635561 0.622185 0.629822 0.882326 2.00073 1.51857 1.78019 1.99332 0.0121197 -1
5 5 0.246457 0.493152 1.3217 0.35093 1.09345 1.19464 1.45173 1.34653 1.28258 0.0122553
5 6 0.00043638 0.0885007 0.058245 0.109863 1.10483 1.08387 1.00312 1.15052 1.1774 0.00625612
5 7 0.000731905 0.0277332 0.00862017 0.0325234 0.102626 0.0255104 0.573927 0.866567 0.88677 0.650752
5 8 -0.000635314 0.000709214 0.00859017 0.0198384 0.0568561 0.369773 0.39638 0.470612 0.516197 0.465171
5 9 -1 -1 0.0182225 0.0183 0.0989669 0.173557 0.190431 0.149493 0.0459943 0.241537
6 0 2.02996 3.1798 3.73576 3.71351 -1 -1 -1 -1 -1 -1
6 1 1.92174 2.0091 2.48645 2.75741 2.74202 -1 -1 -1 -1 -1
6 2 1.06459 1.82055 2.27644 2.42323 2.84972 2.34554 -1 -1 -1 -1
6 3 0.933498 1.37732 1.72215 2.08954 2.50839 2.12284 1.92396 -1 -1 -1
6 4 0.715024 1.11337 1.43708 1.86513 1.31995 1.6654 1.95436 1.72313 1.60639 -1
6 5 0.52683 0.835257 0.757317 1.2751 1.42814 1.0126 1.48452 1.36899 0.00635598 -1
6 6 0.0335736 0.275682 0.416138 0.299489 0.973236 0.503233 0.982926 1.16384 1.15107 0.00673517
6 7 0.000675564 0.0259759 0.678536 0.215833 0.493373 0.313978 0.576678 0.723039 0.886461 0.228423
6 8 0.00034945 0.0127166 0.115612 0.378491 0.324889 0.380154 0.350428 0.551137 0.564579 0.475785
6 9 -1 -1 0.0140402 0.0722623 0.190742 0.240236 0.0246985 0.0587445 0.0649351 0.253162
7 0 3.38814 3.72581 3.70384 -1 -1 -1 -1 -1 -1 -1
7 1 2.74304 2.73297 2.59189 1.81537 -1 -1 -1 -1 -1 -1
7 2 1.3266 2.36811 2.40533 2.2124 2.2261 -1 -1 -1 -1 -1
7 3 1.16695 2.11606 2.14928 2.01608 2.1275 2.05856 -1 -1 -1 -1
7 4 0.983814 1.59232 1.74231 1.70367 1.98748 1.7923 2.07704 -1 -1 -1
7 5 0.569605 1.29425 1.4749 1.57314 1.48553 1.43575 1.54105 1.47411 -1 -1
7 6 0.417959 0.752902 1.08177 1.01687 1.11477 1.18984 1.09468 1.26814 1.08148 -1
7 7 0.131667 0.758807 0.817513 0.0598771 0.695625 0.584234 0.599059 0.841953 0.852185 0.758111
7 8 0.0150874 0.0297214 0.201198 0.278646 0.342546 0.0236539 0.0204487 0.0921254 0.563123 0.519755
7 9 0.0192541 0.03192 0.124883 0.109966 0.129569 0.158954 0.0845113 0.0144679 0.170732 0.270738
8 0 3.71912 3.72501 -1 -1 -1 -1 -1 -1 -1 -1
8 1 2.7877 0.436672 0.0084998 -1 -1 -1 -1 -1 -1 -1
8 2 1.71031 0.0463513 0.0383377 -0.00133146 -1 -1 -1 -1 -1 -1
8 3 1.85588 1.98891 0.0104721 1.96346 1.93415 -1 -1 -1 -1 -1
8 4 1.6585 1.76195 1.68088 1.73136 0.0252318 1.63933 -1 -1 -1 -1
8 5 1.34768 1.50358 1.35254 1.27267 1.58982 1.44745 1.36424 1.34277 -1 -1
8 6 0.956783 1.25332 1.03356 1.16112 1.07171 1.06532 1.15771 1.15274 -1 -1
8 7 0.831483 0.812599 0.89081 0.860889 0.880376 0.928253 0.899215 0.825397 0.782773 -1
8 8 0.0642829 0.506154 0.510399 0.447097 0.368837 0.512465 0.507056 0.528852 0.589471 0.535054
8 9 0.0235314 0.0834241 0.111094 0.024425 0.0758636 0.153734 0.0403323 0.0380227 0.104991 0.273251
9 0 2.649 -1 -1 -1 -1 -1 -1 -1 -1 -1
9 1 1.45001 0.00206548 -1 -1 -1 -1 -1 -1 -1 -1
9 2 0.155528 0.0101928 0.00874409 -1 -1 -1 -1 -1 -1 -1
9 3 0.736287 0.014231 0.0890923 0.00876378 -1 -1 -1 -1 -1 -1
9 4 0.0333611 0.0170955 0.00677505 0.0122588 0.0239772 -1 -1 -1 -1 -1
9 5 0.0508042 0.0213285 0.0118641 0.0552605 0.0105344 0.00613834 -1 -1 -1 -1
9 6 0.928741 0.952963 0.0244968 0.0114458 0.004443 0.907683 0.0206042 -1 -1 -1
9 7 0.69495 0.879503 0.765652 0.699257 0.773815 0.733619 0.564691 0.719282 0.599838 -1
9 8 0.466048 0.546905 0.525657 0.581693 0.555491 0.554416 0.5677 0.581165 0.472565 0.260609
9 9 0.205743 0.219658 0.227592 0.276252 0.239077 0.257935 0.267967 0.238853 0.253218 0.237175

10000 802 3.7788 2 0 7 -1 0 0 0
0 0 0.626943 0.966513 1.23956 1.64671 2.0659 2.18275 2.76296 3.42382 3.75862 3.64808
0 1 0.0571491 0.474549 0.881026 1.18538 1.4793 2.08234 2.22412 2.32212 3.23175 0.186876
0 2 0.00033517 0.0318708 0.519647 0.811086 1.27138 1.69332 1.83412 1.79962 2.80239 0.516073
0 3 -1 0.0368597 0.0373877 0.357555 0.958343 1.0095 1.65382 1.83021 2.24956 1.74418
0 4 -1 0.000711275 0.000824017 0.0704084 0.270937 0.646489 1.27006 0.765833 1.89789 2.17749
0 5 -1 -0.00144524 0.00168671 0.00135309 0.0105709 0.115789 0.605433 0.464547 0.861782 1.21809
0 6 -1 -0.000284958 0.0019064 0.00111931 0.00111364 0.037543 0.287606 0.41041 0.72303 0.989602
0 7 -1 -1 -1 3.68456e-05 0.0279338 0.000569821 0.0225259 0.297319 0.478748 0.87238
0 8 -1 -1 -1 -1 -1 0.000747951 0.000825635 0.000896575 0.107454 0.543658
0 9 -1 -1 -1 -1 -1 -1 0.0085316 0.161967 0.181605 0.197288
1 0 0.946564 1.28214 1.68348 2.02742 2.48816 2.6382 3.49718 3.76607 3.74737 -1
1 1 0.506677 0.660775 1.197 1.69512 2.00249 2.33464 2.49252 3.28019 3.19804 0.00530904
1 2 0.0170347 0.257473 0.690601 1.21031 1.67407 2.05393 2.33629 2.66929 2.36652 0.0389651
1 3 0.000735576 0.00854547 0.6322 0.862038 1.02902 1.35915 1.79548 2.44871 2.03158 0.228155
1 4 -0.000590453 0.000713292 0.00116406 0.181232 0.46389 0.979336 1.39611 1.97186 1.90612 2.05912
1 5 -0.000109169 0.000636369 0.00162884 0.00271122 0.102293 0.533606 0.933149 1.60694 1.48072 1.76262
1 6 -1 0.000962679 0.00177886 0.00228329 0.00112148 0.059467 0.530005 0.991126 1.32242 0.832634
1 7 -1 0.000678833 -1 0.0007007 0.000879033 0.133136 0.11932 0.39085 0.79725 0.955046
1 8 -1 -1 -1 -0.000450096 -0.000103744 0.000673391 0.3149 0.0663092 0.571386 0.526052
1 9 -1 -1 -1 -1 0.123488 0.00865481 0.00866771 0.0207876 0.20089 0.243508
2 0 1.37191 1.59228 2.07019 2.22106 2.6603 3.16321 3.76557 3.7788 -1 -1
2 1 0.917709 0.911248 1.64311 2.00789 2.44851 2.58046 3.1956 3.01639 3.00813 -1
2 2 0.188327 0.56245 0.883977 1.43178 1.93908 2.35127 2.65948 2.76766 2.66637 -1
2 3 0.00100912 0.135376 0.487637 0.613976 1.32834 1.78698 2.30962 2.53401 2.06008 0.0176252
2 4 0.000370045 0.00100921 0.0940772 0.518613 0.619576 1.39796 2.03213 1.76015 2.08267 2.05049
2 5 -0.000903211 0.00131284 0.0028602 0.0952485 0.527597 0.662716 1.55959 1.34075 1.61119 0.0205322
2 6 -1 0.00128896 0.00184411 0.00164399 0.0291859 0.31553 0.666756 1.22548 1.11911 0.785743
2 7 -0.000460644 0.00117458 0.000836645 0.00130002 0.00851301 0.0560294 0.285346 0.806542 0.933097 0.854124
2 8 -0.000756067 -1 -0.000395398 -0.00031713 0.000747109 0.0342211 0.0471489 0.555868 0.550913 0.582778
2 9 -1 -1 -1 -1 0.00862142 0.0182237 0.0373394 0.180719 0.189087 0.249663
3 0 1.54528 1.69935 2.09815 2.67478 3.07047 3.75345 3.75246 0.99229 -1 -1
3 1 0.906231 1.31093 1.64391 2.18873 2.69822 3.26478 3.06394 3.11107 -1 -1
3 2 0.75034 1.22735 1.61146 1.98179 2.33867 2.78289 2.86183 2.80156 2.23181 0.000487079
3 3 0.430698 0.681136 1.06399 0.994525 1.84619 2.32806 2.42383 2.13206 2.08611 0.0106632
3 4 0.00538473 0.129024 0.0660134 0.802105 0.880422 1.76554 1.80213 1.94774 1.87831 0.0112275
3 5 -5.66053e-05 0.0221671 0.17587 0.156728 0.572671 0.828747 1.49537 1.41294 1.80654 0.00748301
3 6 -0.000993876 0.00143239 0.0021195 0.00671341 0.158198 0.670628 1.0897 1.15693 1.22244 1.26531
3 7 -0.000603382 0.00115825 0.00180461 0.00109966 0.0127872 0.091809 0.709263 0.803999 0.845237 1.0047
3 8 -1 -1 -0.000284477 0.000190111 0.161062 0.108138 0.451875 0.557758 0.550637 0.606519
3 9 -1 -1 0.0181503 0.0278937 0.239307 0.0258777 0.201329 0.20165 0.206385 0.260904
4 0 1.47553 2.63929 2.58747 2.90734 3.75631 3.74455 1.97807 -1 -1 -1
4 1 1.03537 1.64033 1.80926 2.74429 3.12102 3.25767 2.85347 -1 -1 -1
4 2 0.765815 1.12062 1.51832 2.64826 2.74586 2.89592 2.77015 0.00254543 0.551219 -1
4 3 0.572594 0.879923 1.00333 1.26127 2.3403 2.47047 2.41383 2.2589 0.450868 -1
4 4 0.182161 0.304503 0.730322 0.9245 1.00925 1.85066 1.77895 2.04497 1.76219 1.85094
4 5 0.143303 0.0751252 0.621975 0.448444 0.259236 1.50041 1.4904 1.4521 1.45766 0.00935708
4 6 0.000189148 0.0473864 0.0952082 0.0405728 0.108371 1.03114 1.27837 1.18692 1.27371 1.04076
4 7 0.00020285 0.00186309 0.00154998 0.0350392 0.699553 0.364054 0.826143 0.880702 0.967611 0.785504
4 8 -1 -0.000419153 0.0276451 0.00855471 0.0382074 0.396021 0.583145 0.539023 0.655457 0.645756
4 9 -1 -1 0.229268 0.00870285 0.203457 0.181943 0.154584 0.238657 0.210885 0.266872
5 0 2.15825 2.94145 3.09541 3.75826 3.75467 2.27301 -1 -1 -1 -1
5 1 1.19531 2.32192 2.59906 3.30971 3.02676 2.87914 -1 -1 -1 -1
5 2 1.21549 2.20403 1.83719 2.39212 2.8252 2.67393 2.52871 -1 -1 -1
5 3 0.992916 1.30458 1.64755 2.08373 2.10593 2.15826 2.34993 1.91752 -1 -1
5 4 0.698554 0.622185 0.876271 0.882326 2.00073 1.76088 1.97193 2.18057 1.8321 -1
5 5 0.246457 0.493152 1.3217 0.550815 1.41119 1.65696 1.57002 1.43663 1.48482 0.984703
5 6 0.0105892 0.0885007 0.578783 0.935547 1.17091 1.10716 1.10002 1.37022 1.1774 0.0548484
5 7 0.000731905 0.0277332 0.232288 0.0847402 0.547732 0.718519 0.656209 0.866567 0.964997 0.936339
5 8 0.000403562 0.000709214 0.00859017 0.0447868 0.268186 0.419523 0.47405 0.494886 0.570772 0.586775
5 9 -1 -1 0.0519625 0.0183 0.206307 0.173557 0.190431 0.184789 0.224411 0.266995
6 0 2.02996 3.1798 3.74834 3.74331 2.41038 -1 -1 -1 -1 -1
6 1 1.92174 2.32334 3.00184 2.77376 3.01489 -1 -1 -1 -1 -1
6 2 1.36934 1.82055 2.42004 2.92648 2.84972 2.60619 -1 -1 -1 -1
6 3 1.21334 1.69652 2.30585 2.15371 2.50839 2.20243 2.28967 -1 -1 -1
6 4 0.727553 1.1949 1.43708 1.86513 1.57252 1.96106 1.97229 1.72313 1.60639 -1
6 5 0.749464 0.835257 0.952408 1.48336 1.66375 1.6452 1.7303 1.43497 1.35933 -1
6 6 0.0952666 0.306404 0.737716 1.1144 1.19429 0.503233 1.29685 1.23217 1.15107 0.908963
6 7 0.000780968 0.0506307 0.851644 0.719815 0.801057 0.833442 0.691304 0.730013 0.886461 0.76873
6 8 0.00034945 0.0127166 0.115612 0.488643 0.326409 0.380154 0.350428 0.551137 0.564579 0.672099
6 9 -1 0.0279213 0.137731 0.138876 0.190742 0.240236 0.0780478 0.258657 0.144924 0.289362
7 0 3.39575 3.73992 3.74189 -1 -1 -1 -1 -1 -1 -1
7 1 2.86006 2.89514 2.8995 2.74426 -1 -1 -1 -1 -1 -1
7 2 2.42107 2.38588 2.70505 2.42927 2.43809 -1 -1 -1 -1 -1
7 3 1.16695 2.36816 2.30002 2.08047 2.38019 2.05856 1.8944 -1 -1 -1
7 4 0.983814 1.92455 1.91745 1.75562 1.98748 1.96768 2.07704 -1 -1 -1
7 5 0.849008 1.65465 1.4749 1.59105 1.60095 1.53811 1.62944 1.6521 -1 -1
7 6 0.612027 1.03771 1.19245 1.21494 1.11477 1.32176 1.27803 1.26814 1.21469 -1
7 7 0.178518 0.758807 0.953288 0.750609 0.695625 0.584234 0.599059 0.898038 0.888928 0.758111
7 8 0.0181656 0.343036 0.48746 0.453024 0.342546 0.441811 0.411917 0.536631 0.579449 0.519755
7 9 0.0192541 0.03192 0.158672 0.159702 0.129569 0.158954 0.128318 0.210279 0.204857 0.270738
8 0 3.75051 3.74767 -1 -1 -1 -1 -1 -1 -1 -1
8 1 2.8613 0.436672 0.0084998 -1 -1 -1 -1 -1 -1 -1
8 2 2.71741 2.75264 2.47387 -0.00133146 -1 -1 -1 -1 -1 -1
8 3 1.96798 2.18128 2.12066 2.05308 1.93415 -1 -1 -1 -1 -1
8 4 1.95154 1.91345 1.72992 1.73136 1.68605 1.63933 -1 -1 -1 -1
8 5 1.58298 1.60844 1.52324 1.59299 1.58982 1.62317 1.58526 1.34277 -1 -1
8 6 1.18933 1.25332 1.2139 1.1776 1.18835 1.24141 1.29113 1.21326 0.815774 -1
8 7 0.831483 0.902105 0.916344 0.860889 0.944031 0.953456 0.955266 0.945607 0.782773 -1
8 8 0.274687 0.558935 0.51257 0.553994 0.459624 0.605819 0.545378 0.583289 0.665585 0.535054
8 9 0.0470451 0.175486 0.152606 0.164166 0.185269 0.153734 0.163946 0.206385 0.244188 0.273251
9 0 3.38768 -1 -1 -1 -1 -1 -1 -1 -1 -1
9 1 1.82554 0.00895459 -1 -1 -1 -1 -1 -1 -1 -1
9 2 0.155528 0.0774149 0.0471243 -1 -1 -1 -1 -1 -1 -1
9 3 0.736287 0.014231 0.0890923 0.0140398 -1 -1 -1 -1 -1 -1
9 4 0.0650453 0.0170955 0.0129173 0.0151235 0.0239772 -1 -1 -1 -1 -1
9 5 0.445742 0.0344205 0.0233457 0.0552605 0.0109357 0.0305436 -1 -1 -1 -1
9 6 1.12093 1.00868 1.01012 0.991801 0.948413 0.986497 0.0206042 -1 -1 -1
9 7 0.874802 0.879503 0.822813 0.733455 0.806108 0.893811 0.859691 0.805773 0.599838 -1
9 8 0.587509 0.546905 0.573385 0.581693 0.587171 0.585855 0.579122 0.58663 0.472565 0.324975
9 9 0.233673 0.219658 0.227592 0.276252 0.280258 0.257935 0.281232 0.257441 0.260168 0.237175

15000 811 3.78518 1 0 7 -1 0 0 0
0 0 0.626943 0.973514 1.35251 1.65313 2.1406 2.63853 2.76296 3.49109 3.75909 3.64808
0 1 0.0571491 0.583655 0.881026 1.18538 1.72799 2.08234 2.22412 2.32212 3.30761 2.89188
0 2 0.000406311 0.0551608 0.519647 0.873734 1.38941 1.69332 1.88333 1.89753 2.91746 2.59395
0 3 -0.000233747 0.0368597 0.0565287 0.446742 0.958343 1.40567 1.65382 1.83021 2.24956 2.50014
0 4 -1 0.000711275 0.000824017 0.0704084 0.417965 0.865832 1.27006 1.41071 1.89789 2.17749
0 5 -1 -0.00111697 0.00168671 0.00175527 0.189931 0.13932 0.717652 0.70378 0.959251 1.49457
0 6 -1 -0.000284958 0.0019064 0.00111931 0.00111364 0.037543 0.468531 0.517305 0.72303 1.12442
0 7 -1 -1 -1 3.68456e-05 0.0279338 0.00838724 0.0372453 0.297319 0.500491 0.971395
0 8 -1 -1 -1 -1 -1 0.000747951 0.000825635 0.00181424 0.552586 0.621833
0 9 -1 -1 -1 -1 -1 -1 0.0133854 0.161967 0.181605 0.243206
1 0 0.946564 1.28843 1.68348 2.03832 2.48816 2.72696 3.49718 3.78518 3.74737 -1
1 1 0.506677 0.83489 1.2583 1.69998 2.00249 2.49606 2.64485 3.34398 3.19804 0.00530904
1 2 0.0170347 0.373955 0.690601 1.21208 1.67407 2.19523 2.41397 2.94673 2.83988 0.0796587
1 3 0.000735576 0.0257015 0.6322 0.862038 1.14924 1.56353 1.81646 2.44871 2.38883 2.46277
1 4 -0.000590453 0.000713292 0.00140021 0.181232 0.46389 0.979336 1.39611 2.16336 2.15834 2.08209
1 5 -0.000109169 0.00109507 0.00162884 0.00271122 0.102293 0.533606 0.933149 1.60694 1.48072 1.76262
1 6 -1 0.000962679 0.00185367 0.00228329 0.0278413 0.182975 0.530005 1.22501 1.32242 1.13122
1 7 -1 0.000678833 -1.78471e-05 0.000751134 0.000879033 0.133136 0.382535 0.39085 0.79725 0.955046
1 8 -1 -1 -1 0.000209867 -0.000103744 0.000673391 0.3149 0.147861 0.571386 0.617198
1 9 -1 -1 -1 -1 0.123488 0.00865481 0.0184432 0.104306 0.20089 0.249125
2 0 1.37191 1.62911 2.07019 2.31565 2.6603 3.16321 3.77164 3.7834 -1 -1
2 1 0.917709 0.911248 1.64311 2.02994 2.44851 2.66038 3.20823 3.32348 3.00813 -1
2 2 0.400001 0.56245 1.37199 1.56428 1.93908 2.44643 2.78557 2.88383 2.78821 0.0808304
2 3 0.00833901 0.135376 0.758216 0.830819 1.32834 1.96718 2.45 2.57998 2.4298 0.0176252
2 4 0.000370045 0.00108971 0.0940772 0.930256 0.858238 1.39796 2.03213 2.02678 2.08267 2.05092
2 5 0.000608354 0.00131284 0.0028602 0.0952485 0.527597 0.662716 1.55959 1.64454 1.61119 1.64822
2 6 -1 0.00130148 0.00184411 0.00208743 0.120015 0.336924 0.741233 1.22548 1.31082 0.785743
2 7 -0.000460644 0.00157415 0.000836645 0.00130002 0.00863361 0.758271 0.285346 0.806542 0.933097 1.0171
2 8 -0.000756067 -1 -0.000395398 -0.00031713 0.000747109 0.0342211 0.0471489 0.577899 0.550913 0.600651
2 9 -1 -1 -1 -1 0.00862668 0.0182237 0.15246 0.191146 0.200798 0.253004
3 0 1.54528 1.69935 2.2691 2.67478 3.07047 3.75345 3.75555 0.99229 -1 -1
3 1 0.906231 1.31093 1.96049 2.45637 2.79978 3.26906 3.23459 3.11107 -1 -1
3 2 0.75034 1.22735 1.61146 1.98179 2.33867 2.78289 2.89824 2.80156 2.23181 0.000487079
3 3 0.430698 0.681136 1.06399 1.07969 1.84619 2.32806 2.54135 2.23909 2.59781 0.0106632
3 4 0.00816723 0.469714 0.292266 0.802105 1.03838 1.76554 1.84005 1.94774 2.17194 2.14718
3 5 -5.66053e-05 0.0221671 0.17587 0.427223 0.851237 0.828747 1.49537 1.46458 1.80654 1.30349
3 6 -0.000559913 0.00143239 0.00246856 0.0744584 0.158198 0.670628 1.0897 1.15693 1.22244 1.27518
3 7 0.000207641 0.00123518 0.00180461 0.00109966 0.0247128 0.093703 0.813765 0.908521 0.848039 1.0047
3 8 -1 -0.00068051 -0.000284477 0.000190111 0.161062 0.108138 0.464723 0.557758 0.550637 0.630465
3 9 -1 -1 0.0181503 0.0278937 0.239307 0.0258777 0.201329 0.20165 0.265983 0.291326
4 0 1.78062 2.63929 2.68474 3.10483 3.76377 3.76048 1.97807 -1 -1 -1
4 1 1.10656 1.64033 2.11893 2.77887 3.16617 3.25767 3.16356 -1 -1 -1
4 2 0.957142 1.30312 1.52197 2.64826 2.74586 2.89592 2.77015 2.20216 0.551219 -1
4 3 0.63424 0.879923 1.00333 1.26127 2.39233 2.47047 2.41383 2.41216 2.35588 -1
4 4 0.241915 0.411562 0.730322 0.95543 1.41184 1.85066 2.07991 2.04497 2.08006 1.85094
4 5 0.143303 0.150848 0.621975 0.448444 0.843384 1.50041 1.4904 1.72627 1.79292 1.62983
4 6 0.000189148 0.0473864 0.0952082 0.0827523 0.216733 1.03114 1.27837 1.18692 1.32603 1.08535
4 7 0.00020285 0.00186309 0.0181621 0.0897626 0.727346 0.364054 0.859951 0.881168 0.967611 1.03655
4 8 0.000167532 0.00114903 0.0276451 0.181387 0.382523 0.396021 0.583145 0.600357 0.655457 0.645756
4 9 -1 -1 0.229268 0.095021 0.203457 0.181943 0.154584 0.249765 0.238804 0.282185
5 0 2.18976 2.94145 3.45597 3.75826 3.75467 2.71876 -1 -1 -1 -1
5 1 1.44091 2.32192 2.61937 3.30971 3.1297 2.96961 1.5167 -1 -1 -1
5 2 1.21549 2.20403 1.93238 2.75849 2.96609 2.67393 2.59031 -1 -1 -1
5 3 0.997339 1.38434 1.64755 2.08373 2.10593 2.53958 2.36764 1.91752 -1 -1
5 4 0.698554 0.855218 0.876271 1.51432 2.00073 1.76088 1.97193 2.18057 1.8321 -1
5 5 0.263032 0.493152 1.3217 0.909099 1.50554 1.65696 1.57002 1.62844 1.70451 0.984703
5 6 0.0105892 0.0885007 0.578783 0.935547 1.18286 1.23976 1.19431 1.37022 1.28303 1.3215
5 7 0.000940691 0.0277332 0.232288 0.158243 0.71815 0.871914 0.804288 0.919938 1.00531 1.01319
5 8 0.000403562 0.000709214 0.00861383 0.0447868 0.473892 0.421069 0.529384 0.506092 0.573963 0.65512
5 9 -1 0.0277168 0.0564432 0.0252652 0.206307 0.194032 0.190431 0.184789 0.244436 0.279241
6 0 2.44347 3.1798 3.75559 3.7457 2.41038 -1 -1 -1 -1 -1
6 1 1.92174 2.51117 3.22628 3.04994 3.2627 -1 -1 -1 -1 -1
6 2 1.52837 1.98487 2.50787 2.92648 2.84972 2.62108 -1 -1 -1 -1
6 3 1.21334 1.69652 2.30585 2.4067 2.50839 2.34212 2.44892 -1 -1 -1
6 4 1.0223 1.27299 1.43708 1.86513 1.9156 2.00504 2.00839 1.7818 1.60639 -1
6 5 0.749464 0.918447 1.1292 1.48336 1.66375 1.6452 1.7303 1.69769 1.35933 -1
6 6 0.300415 0.489294 0.737716 1.23299 1.20518 1.23834 1.29685 1.23217 1.19714 0.908963
6 7 0.00097231 0.148342 0.851644 0.862612 0.842608 0.844667 0.743796 0.845201 0.886461 0.873026
6 8 0.000635168 0.0127166 0.115612 0.488643 0.531081 0.380154 0.445488 0.593771 0.564579 0.672099
6 9 0.00860191 0.0279213 0.137731 0.138876 0.19421 0.240236 0.0987398 0.258657 0.231537 0.297805
7 0 3.41014 3.74049 3.75756 -1 -1 -1 -1 -1 -1 -1
7 1 2.86006 3.11613 3.3099 2.81094 -1 -1 -1 -1 -1 -1
7 2 2.42107 2.63968 2.70505 2.65072 2.84909 -1 -1 -1 -1 -1
7 3 1.45182 2.36816 2.3616 2.39607 2.38019 2.18864 1.8944 -1 -1 -1
7 4 1.24393 1.92455 1.91745 1.75562 2.00168 2.0972 2.07704 -1 -1 -1
7 5 1.0393 1.65465 1.56257 1.5949 1.67878 1.61505 1.62944 1.6521 -1 -1
7 6 0.612027 1.03771 1.2097 1.21615 1.2063 1.32176 1.32918 1.26814 1.21469 -1
7 7 0.178518 0.758807 0.953288 0.828091 0.695625 0.88387 0.924004 0.898038 0.888928 0.758111
7 8 0.0181853 0.343036 0.539791 0.610604 0.373399 0.441811 0.518229 0.544684 0.579449 0.58068
7 9 0.0192541 0.03192 0.236537 0.208763 0.211568 0.160696 0.128318 0.210279 0.232953 0.270738
8 0 3.75564 3.74767 -1 -1 -1 -1 -1 -1 -1 -1
8 1 2.98069 2.92387 2.90312 -1 -1 -1 -1 -1 -1 -1
8 2 2.80316 2.75264 2.47387 2.3345 -1 -1 -1 -1 -1 -1
8 3 2.328 2.2688 2.15004 2.17894 1.99282 -1 -1 -1 -1 -1
8 4 1.95154 2.01793 1.83022 1.98466 2.01871 1.78327 -1 -1 -1 -1
8 5 1.58298 1.65077 1.52324 1.59299 1.58982 1.63405 1.58526 1.34277 -1 -1
8 6 1.29579 1.3351 1.39469 1.27139 1.33675 1.36127 1.29113 1.21326 0.815774 -1
8 7 0.928804 0.928246 0.916344 0.962216 0.97537 1.00479 0.970166 0.949076 0.789453 4.74672e-05
8 8 0.332646 0.558935 0.51257 0.553994 0.559614 0.605819 0.545378 0.583289 0.665585 0.549107
8 9 0.0470451 0.24026 0.24749 0.216139 0.185269 0.153734 0.163946 0.206385 0.244188 0.273251
9 0 3.49066 -1 -1 -1 -1 -1 -1 -1 -1 -1
9 1 1.82554 0.00895459 -1 -1 -1 -1 -1 -1 -1 -1
9 2 0.715093 0.0774149 0.0471243 -1 -1 -1 -1 -1 -1 -1
9 3 0.736287 0.014231 0.0890923 0.0140398 -1 -1 -1 -1 -1 -1
9 4 1.87382 0.0170955 0.0137008 0.0151235 0.0239772 -1 -1 -1 -1 -1
9 5 1.48976 1.65475 0.0233457 0.0704108 0.0291766 0.0305436 -1 -1 -1 -1
9 6 1.26602 1.20646 1.01012 1.29839 1.10827 1.15942 0.984998 -1 -1 -1
9 7 0.925494 0.951142 0.822813 0.913557 0.92266 0.893811 0.859691 0.846722 0.599838 -1
9 8 0.587509 0.588735 0.573385 0.596754 0.61816 0.624972 0.58871 0.58663 0.472565 0.404778
9 9 0.235162 0.219944 0.234389 0.276252 0.280258 0.257935 0.281232 0.280334 0.287839 0.254503

20000 814 3.78518 1 0 7 -1 0 0 0
0 0 0.626943 1.04199 1.51267 1.75611 2.1406 2.63853 2.92955 3.49109 3.76051 3.64808
0 1 0.0571491 0.583655 0.881026 1.18538 1.72799 2.08234 2.42203 2.32212 3.30761 2.89188
0 2 0.00807173 0.0562388 0.531075 0.873734 1.38941 1.69332 1.88333 1.89753 2.91746 2.64998
0 3 0.000124001 0.0368597 0.171451 0.446742 0.958343 1.40567 1.65382 1.97399 2.24956 2.5011
0 4 -1 0.000711275 0.00129354 0.0704084 0.417965 1.00661 1.27006 1.41071 1.96391 2.17749
0 5 -1 -0.00111697 0.00168671 0.00175527 0.189931 0.240663 0.717652 0.70378 1.2792 1.51014
0 6 -1 0.000475813 0.0019064 0.00111931 0.00144676 0.037543 0.468531 0.652801 1.06298 1.36418
0 7 -1 -1 -1 4.88505e-05 0.0279338 0.00838724 0.0372453 0.297319 0.58583 0.971395
0 8 -1 -1 -1 -1 -1 0.000747951 0.00103645 0.00181424 0.552586 0.621833
0 9 -1 -1 -1 -1 -1 -1 0.0133854 0.161967 0.181605 0.243206
1 0 0.946564 1.28843 1.73108 2.03832 2.49394 2.75058 3.49718 3.78518 3.76591 -1
1 1 0.506677 0.903933 1.2583 1.75091 2.00249 2.49606 2.86088 3.34398 3.19804 0.00530904
1 2 0.0170347 0.373955 0.690601 1.21208 1.73288 2.19523 2.42209 2.94673 2.88599 0.0796587
1 3 0.000735576 0.0257015 0.6322 0.862038 1.30359 1.63122 1.99773 2.56484 2.38883 2.46277
1 4 -0.000590453 0.000713292 0.0170395 0.181232 0.46389 1.03836 1.39611 2.16336 2.15834 2.08209
1 5 -0.000109169 0.00109507 0.00168642 0.00271122 0.106547 0.533606 0.933149 1.60694 1.64384 1.78435
1 6 -1 0.00111404 0.00208395 0.00228329 0.0278413 0.182975 0.530005 1.22501 1.32242 1.1955
1 7 -1 0.000678833 0.000336531 0.000927776 0.00117532 0.133136 0.382535 0.579958 0.798606 0.955046
1 8 -1 -1 -1 0.000209867 0.000380937 0.000673391 0.3149 0.276385 0.571386 0.617198
1 9 -1 -1 -1 -1 0.123488 0.00865481 0.0184432 0.104306 0.20089 0.249125
2 0 1.37191 1.6618 2.07019 2.31565 2.71288 3.16321 3.77914 3.7834 -1 -1
2 1 1.00597 0.911248 1.64311 2.02994 2.44851 2.72287 3.24595 3.32348 3.00813 -1
2 2 0.400001 0.56245 1.37199 1.6958 1.93908 2.44643 2.90461 2.9352 2.92229 2.30108
2 3 0.248489 0.148212 0.758216 0.830819 1.33838 1.96718 2.45 2.57998 2.53883 2.224
2 4 0.000370045 0.00907856 0.0940772 0.930256 0.858238 1.39796 2.03213 2.02678 2.08267 2.05092
2 5 0.000608354 0.00131284 0.0028602 0.1837 0.527597 0.662716 1.55959 1.64454 1.63805 1.71208
2 6 -0.000912708 0.00130148 0.00850848 0.00208743 0.141411 0.366102 0.741233 1.22548 1.31082 0.796773
2 7 -0.000460644 0.00157415 0.000836645 0.00130002 0.00906416 0.758271 0.476296 0.817941 0.933097 1.0171
2 8 -0.000756067 -1 -0.000395398 0.000746618 0.000747109 0.0757102 0.0482766 0.577899 0.550913 0.648134
2 9 -1 -1 -1 0.0182123 0.00862668 0.0182237 0.15246 0.214577 0.217203 0.253004
3 0 1.54528 2.04625 2.35715 2.67478 3.10956 3.75767 3.75555 1.03543 -1 -1
3 1 0.949965 1.32031 1.96467 2.45637 2.79978 3.26906 3.23459 3.11107 -1 -1
3 2 0.75034 1.22735 1.61146 2.16478 2.4701 2.87996 2.89824 2.80156 2.23181 0.000487079
3 3 0.430698 0.681136 1.06399 1.07969 1.84619 2.35892 2.54135 2.49792 2.59781 0.0106632
3 4 0.00816723 0.469714 0.433672 0.802105 1.38415 1.76554 2.04883 2.2079 2.17194 2.14718
3 5 -4.45672e-05 0.0221671 0.210329 0.427223 0.851237 0.828747 1.49537 1.46458 1.80654 1.30349
3 6 -0.000559913 0.00143239 0.00246856 0.100733 0.339057 1.23515 1.0897 1.25333 1.35683 1.27518
3 7 0.000207641 0.00123518 0.00180461 0.00109966 0.17481 0.247354 0.880561 0.908521 0.910299 1.02738
3 8 -1 -0.00068051 0.000458563 0.000634498 0.161062 0.108138 0.464723 0.557758 0.566034 0.674899
3 9 -1 -1 0.0181503 0.0278937 0.239307 0.0258777 0.210962 0.20165 0.273907 0.291326
4 0 1.78062 2.63929 2.68474 3.10483 3.76397 3.76048 1.97807 -1 -1 -1
4 1 1.22269 1.64033 2.35985 2.79794 3.33237 3.25767 3.16356 -1 -1 -1
4 2 1.03799 1.345 1.52299 2.64826 2.74586 2.89592 2.77015 2.28532 0.551219 -1
4 3 0.837062 0.879923 1.09978 1.43504 2.39233 2.47047 2.41383 2.42477 2.35588 -1
4 4 0.364662 0.411562 0.924237 0.95543 1.41184 1.85066 2.07991 2.04497 2.08006 1.85094
4 5 0.143303 0.150848 0.621975 0.480803 0.843384 1.55839 1.4904 1.72627 1.79292 1.62983
4 6 0.000189148 0.0473864 0.0952082 0.189976 0.344857 1.31567 1.33091 1.2785 1.32603 1.2
4 7 0.00020285 0.00186309 0.0181621 0.0897626 0.785979 0.633883 0.886337 0.972772 0.967844 1.03655
4 8 0.000167532 0.00114903 0.0276451 0.181387 0.382523 0.396021 0.583145 0.600357 0.655457 0.645756
4 9 -1 -1 0.229268 0.095021 0.203457 0.225296 0.15639 0.249765 0.245877 0.282185
5 0 2.18976 2.94145 3.45597 3.76449 3.75467 2.71876 -1 -1 -1 -1
5 1 1.47033 2.32192 2.82896 3.30971 3.3746 2.96961 1.5167 -1 -1 -1
5 2 1.21549 2.20403 1.99237 2.75849 2.96609 2.7484 2.59031 -1 -1 -1
5 3 0.997339 1.38434 1.64755 2.08373 2.53592 2.53958 2.36764 2.32997 -1 -1
5 4 0.705013 0.855218 0.876271 1.51432 2.00073 1.76088 2.01545 2.18057 1.8321 -1
5 5 0.369685 0.493152 1.3217 0.909099 1.52888 1.65696 1.70375 1.62844 1.70451 0.984703
5 6 0.0185301 0.131679 0.61323 0.935547 1.18286 1.26201 1.24077 1.37022 1.4285 1.3215
5 7 0.000940691 0.0277332 0.232288 0.158243 0.865817 0.871914 0.893589 0.919938 1.00531 1.01319
5 8 0.000403562 0.000709214 0.305666 0.0447868 0.473892 0.481151 0.529384 0.537153 0.633532 0.65512
5 9 -1 0.0277168 0.0564432 0.0261476 0.207835 0.194032 0.190431 0.238327 0.281536 0.279241
6 0 2.44347 3.1798 3.75979 3.76174 3.2598 -1 -1 -1 -1 -1
6 1 2.18977 2.51117 3.22628 3.19567 3.2627 -1 -1 -1 -1 -1
6 2 1.52837 1.98487 2.50787 2.92648 2.84972 2.80552 -1 -1 -1 -1
6 3 1.21334 1.69652 2.30585 2.4067 2.50839 2.49861 2.44892 -1 -1 -1
6 4 1.0223 1.27299 1.89731 1.89947 1.9156 2.00504 2.10684 1.7818 1.60639 -1
6 5 0.749464 0.918447 1.1292 1.48336 1.66375 1.6452 1.7303 1.75735 1.42353 -1
6 6 0.300415 0.489294 0.766736 1.23299 1.32078 1.23986 1.32438 1.2463 1.19714 0.908963
6 7 0.0469488 0.148342 0.851644 0.862612 0.842608 0.844667 0.944468 0.966259 0.886461 0.88112
6 8 0.000635168 0.0127166 0.210354 0.488643 0.531081 0.46167 0.445488 0.593771 0.641245 0.672099
6 9 0.0181994 0.0279213 0.137731 0.190219 0.19421 0.240236 0.0987398 0.258657 0.231537 0.298615
7 0 3.41122 3.75694 3.75841 -1 -1 -1 -1 -1 -1 -1
7 1 2.86006 3.11613 3.3099 2.96572 -1 -1 -1 -1 -1 -1
7 2 2.42107 2.63968 2.70505 2.73777 2.84909 -1 -1 -1 -1 -1
7 3 1.65447 2.36816 2.3616 2.39607 2.38019 2.18864 1.8944 -1 -1 -1
7 4 1.24393 2.04176 1.96424 2.08163 2.02088 2.0972 2.07704 -1 -1 -1
7 5 1.0393 1.65465 1.6004 1.5949 1.67878 1.71786 1.7525 1.6521 -1 -1
7 6 0.612027 1.03771 1.25761 1.27052 1.2063 1.32176 1.3373 1.26814 1.24441 -1
7 7 0.186033 0.758807 0.953288 0.838324 0.695625 0.906942 0.924004 0.898038 0.888928 0.760911
7 8 0.0184058 0.343036 0.54894 0.610604 0.420419 0.459437 0.528471 0.544684 0.630039 0.65702
7 9 0.0192541 0.03192 0.243446 0.208936 0.211568 0.160696 0.20091 0.220472 0.252242 0.291969
8 0 3.75564 3.74767 -1 -1 -1 -1 -1 -1 -1 -1
8 1 3.05507 3.03993 3.14139 -1 -1 -1 -1 -1 -1 -1
8 2 2.86887 2.75264 2.67958 2.52575 -1 -1 -1 -1 -1 -1
8 3 2.328 2.46012 2.21401 2.29169 2.53406 -1 -1 -1 -1 -1
8 4 1.95154 2.01793 1.83022 2.04594 2.01871 1.78327 -1 -1 -1 -1
8 5 1.58298 1.65077 1.52561 1.59299 1.6916 1.63405 1.58526 1.34277 -1 -1
8 6 1.29579 1.34231 1.39469 1.27139 1.33675 1.36463 1.31301 1.21326 0.815774 -1
8 7 0.928804 0.928246 0.916344 0.962216 0.97537 1.00479 0.970166 0.949076 0.857434 8.77944e-05
8 8 0.332646 0.558935 0.554654 0.553994 0.559614 0.605819 0.586421 0.609722 0.665585 0.549107
8 9 0.0470451 0.24026 0.24749 0.216139 0.231596 0.153734 0.163946 0.265914 0.244188 0.289221
9 0 3.65441 -1 -1 -1 -1 -1 -1 -1 -1 -1
9 1 1.82554 0.00895459 -1 -1 -1 -1 -1 -1 -1 -1
9 2 0.715093 0.0774149 0.0471243 -1 -1 -1 -1 -1 -1 -1
9 3 2.53856 0.014231 0.0890923 0.0140398 -1 -1 -1 -1 -1 -1
9 4 1.87382 0.0170955 0.0158193 0.0165682 1.79026 -1 -1 -1 -1 -1
9 5 1.61576 1.65475 0.0233457 0.0704108 1.25271 0.0305436 -1 -1 -1 -1
9 6 1.35956 1.34894 1.01012 1.29839 1.10827 1.26553 1.12271 0.906479 -1 -1
9 7 0.935849 0.951142 0.822813 0.913557 1.02831 0.898317 0.983982 0.850937 0.599838 -1
9 8 0.587509 0.588735 0.573385 0.616297 0.61816 0.624972 0.616787 0.590142 0.572535 0.404778
9 9 0.272804 0.227494 0.274224 0.276252 0.280258 0.263854 0.287808 0.280334 0.290616 0.254676

