0 21 0.0306134 0 4 9 -1 0 0 0
0 0 -1 -1 -1 -1 -1 -1 -1 -1 -1 -1
0 1 -1 -1 -1 -1 -1 -1 -1 -1 -1 -1
0 2 -1 -1 -1 -1 -1 -1 -1 -1 -1 -1
0 3 -1 -1 -1 -1 -1 -1 -1 -1 -1 -1
0 4 -1 -1 -1 -1 -1 -1 -1 -1 -1 0.0306134
0 5 -1 -1 -1 -1 -1 -1 -1 -1 -1 -1
0 6 -1 -1 -1 -1 -1 -1 -1 -1 -1 0.00607547
0 7 -1 -1 -1 -1 -1 -1 -1 -1 -1 -1
0 8 -1 -1 -1 -1 -1 -1 -1 -1 -1 0.00259443
0 9 -1 -1 -1 -1 -1 -1 -1 -1 -1 0.00223553
1 0 -1 -1 -1 -1 -1 -1 -1 -1 -1 -1
1 1 -1 -1 -1 -1 -1 -1 -1 -1 -1 -1
1 2 -1 -1 -1 -1 -1 -1 -1 -1 -1 -1
1 3 -1 -1 -1 -1 -1 -1 -1 -1 -1 -1
1 4 -1 -1 -1 -1 -1 -1 -1 -1 -1 -1
1 5 -1 -1 -1 -1 -1 -1 -1 -1 -1 -1
1 6 -1 -1 -1 -1 -1 -1 -1 -1 -1 -1
1 7 -1 -1 -1 -1 -1 -1 -1 -1 -1 -1
1 8 -1 -1 -1 -1 -1 -1 -1 -1 -1 -1
1 9 -1 -1 -1 -1 -1 -1 -1 -1 -1 0.0062321
2 0 -1 -1 -1 -1 -1 -1 -1 -1 -1 -1
2 1 -1 -1 -1 -1 -1 -1 -1 -1 -1 -1
2 2 -1 -1 -1 -1 -1 -1 -1 -1 -1 -1
2 3 -1 -1 -1 -1 -1 -1 -1 -1 -1 -1
2 4 -1 -1 -1 -1 -1 -1 -1 -1 -1 -1
2 5 -1 -1 -1 -1 -1 -1 -1 -0.000390652 -1 -1
2 6 -1 -1 -1 -1 -1 -1 -1 -1 -1 -1
2 7 -1 -1 -1 -1 -1 -1 -1 -1 -1 -1
2 8 -1 -1 -1 -1 -1 -1 -1 -1 -1 -1
2 9 -1 -1 -1 -1 -1 -1 -1 -1 -1 0.00262641
3 0 -1 -1 -1 -1 -1 -1 -1 -1 -1 -1
3 1 -1 -1 -1 -1 -1 -1 -1 -1 -1 -1
3 2 -1 -1 -1 -1 -1 -1 -1 -1 -1 -1
3 3 -1 -1 -1 -1 -1 -1 -1 -1 -1 -1
3 4 -1 -1 -1 -1 -1 -1 -1 -1 -1 -1
3 5 -1 -1 -1 -1 -1 -1 -1 -1 -1 -1
3 6 -1 -1 -1 -1 -1 -1 -1 -1 -1 -1
3 7 -1 -1 -1 -1 -1 -1 -1 -1 -1 -1
3 8 -1 -1 -1 -1 -1 -1 -1 -1 -1 -1
3 9 -1 -1 -1 -1 -1 -1 -1 -1 -1 -1
4 0 -1 -1 -1 -1 -1 -1 -1 -1 -1 -1
4 1 -1 -1 -1 -1 -1 -1 -1 -1 -1 -1
4 2 -1 -1 -1 -1 -1 -1 -1 -1 -1 -1
4 3 -1 -1 -1 -0.00079954 -1 -1 -1 -1 -1 -1
4 4 -1 -1 -1 -1 0.00129261 -1 -1 -1 -1 -1
4 5 -1 -1 -1 -1 -1 -1 -1 -1 -1 -1
4 6 -1 -1 -1 -1 -1 -1 -1 -1 -1 -1
4 7 -1 -1 -1 -1 -1 -1 -1 -1 -1 -1
4 8 -1 -1 -1 -1 -1 -1 -1 -1 -1 -1
4 9 -1 -1 -1 -1 -1 -1 -1 -1 -1 -1
5 0 -1 -1 -1 -1 -1 -1 -1 -1 -1 -1
5 1 -1 -1 -1 -1 -1 -1 -1 -1 -1 -1
5 2 -1 -1 -1 -1 -1 -1 -1 -1 -1 -1
5 3 -1 -1 -1 -1 -1 -1 -1 -1 -1 -1
5 4 -1 -1 -1 0.000526795 0.000856387 -1 -1 -1 -1 -1
5 5 -1 -1 -1 -1 -1 -1 -1 -1 -1 -1
5 6 -1 -1 -1 -1 -1 -1 -1 -1 -1 -1
5 7 -1 -1 -1 -1 -1 -1 0.00135046 -1 -1 -1
5 8 -1 -1 -1 -1 -1 -1 -1 -1 -1 -1
5 9 -1 -1 -1 -1 -1 -1 -1 -1 0.0139118 -1
6 0 -1 -1 -1 -1 -1 -1 -1 -1 -1 -1
6 1 -1 -1 -1 -1 -1 -1 -1 -1 -1 -1
6 2 -1 -1 -1 -1 -1 -1 -1 -1 -1 -1
6 3 -1 -1 -1 -1 -1 -1 -1 -1 -1 -1
6 4 -1 -1 -1 -1 -1 -1 -1 -1 -1 -1
6 5 -1 -1 -1 0.000282405 -1 -1 -1 -1 -1 -1
6 6 -1 -1 -1 0.00129404 -1 -1 -1 -1 -1 -1
6 7 -1 -1 -1 -1 -1 -1 -1 -1 -1 -1
6 8 -1 -1 -1 -1 -1 -1 -1 -1 -1 -1
6 9 -1 -1 -1 -1 -1 -1 -1 0.00337919 -1 0.00194546
7 0 -1 -1 -1 -1 -1 -1 -1 -1 -1 -1
7 1 -1 -1 -1 -1 -1 -1 -1 -1 -1 -1
7 2 -1 -1 -1 -1 -1 -1 -1 -1 -1 -1
7 3 -1 -1 -1 -1 -1 -1 -1 -1 -1 -1
7 4 -1 -1 -1 -1 -1 -1 -1 -1 -1 -1
7 5 -1 -1 -1 -1 -1 -1 -1 -1 -1 -1
7 6 -1 -1 -1 -1 -1 -1 -1 -1 -1 -1
7 7 -1 -1 -1 -1 -1 -1 -1 -1 -1 -1
7 8 -1 -1 -1 -1 -1 -1 -1 -1 -1 -1
7 9 -1 -1 -1 -1 -1 -1 -1 -1 -1 -1
8 0 -1 -1 -1 -1 -1 -1 -1 -1 -1 -1
8 1 -1 -1 -1 -1 -1 -1 -1 -1 -1 -1
8 2 -1 -1 -1 -1 -1 -1 -1 -1 -1 -1
8 3 -1 -1 -1 -1 -1 -1 -1 -1 -1 -1
8 4 -1 -1 -1 -1 -1 -1 -1 -1 -1 -1
8 5 0.00556358 -1 -1 -1 -1 -1 -1 -1 -1 -1
8 6 -1 -1 -1 -1 -1 -1 -1 -1 -1 -1
8 7 -1 -1 -1 -1 -1 -1 -1 -1 -1 -1
8 8 -1 -1 -1 -1 -1 -1 -1 -1 -1 -1
8 9 -1 -1 -1 -1 -1 -1 -1 -1 -1 -1
9 0 -1 -1 -1 -1 -1 -1 -1 -1 -1 -1
9 1 -1 -1 -1 -1 -1 -1 -1 -1 -1 -1
9 2 -1 -1 -1 -1 -1 -1 -1 -1 -1 -1
9 3 -1 -1 -1 -1 -1 -1 -1 -1 -1 -1
9 4 0.00825504 -1 -1 -1 -1 -1 -1 -1 -1 -1
9 5 -1 -1 -1 -1 -1 -1 -1 -1 -1 -1
9 6 -1 -1 -1 -1 -1 -1 -1 -1 -1 -1
9 7 0.00434371 -1 -1 -1 -1 -1 -1 -1 -1 -1
9 8 -1 -1 -1 -1 -1 -1 -1 -1 -1 -1
9 9 0.00725594 -1 -1 -1 -1 -1 -1 -1 -1 -1

5000 783 3.77962 1 0 7 -1 0 0 0
0 0 0.500558 0.95541 1.18924 1.599 1.92975 2.51895 2.60831 3.46938 3.73628 1.64595
0 1 0.0163212 0.428887 0.683653 1.17644 1.29822 1.85743 2.00981 2.42596 3.18526 0.617299
0 2 -2.02422e-05 0.0083568 0.608839 0.628944 1.03771 1.84481 1.74068 1.27054 1.55989 0.314285
0 3 -0.000241325 -0.000244644 0.00215797 0.439031 0.701318 0.951382 1.37975 1.48323 2.04758 0.086363
0 4 -1 0.00123159 0.000828524 0.00151199 0.185144 0.664891 0.874916 1.51846 1.28548 0.059748
0 5 -1 -1 0.000956562 0.00155382 0.00797382 0.0282764 0.444524 0.813193 0.841973 0.196524
0 6 -1 -1 0.000957315 0.000773135 0.000523878 0.00664364 0.125764 0.435974 0.640408 0.840616
0 7 -1 -1 -1 -1 0.000647371 0.000443204 0.000845349 0.161983 0.481189 0.274535
0 8 -1 -1 -1 -1 -7.52019e-05 0.0466736 0.000604828 0.0234413 0.141779 0.407931
0 9 -1 -1 -1 -1 -1 -1 -0.00019798 0.0182527 0.033071 0.185423
1 0 0.794805 1.14924 1.57931 1.8823 2.23072 2.65092 3.0923 3.77962 3.75444 -1
1 1 0.359971 0.865671 1.01612 1.22543 1.76433 1.93347 2.46916 3.14417 0.0390843 0.0457069
1 2 0.101372 0.0972945 0.72156 1.01097 1.17685 1.7698 1.78225 2.29427 0.015755 0.00599602
1 3 -0.000232896 0.00833025 0.0176676 0.321795 0.936625 1.40448 1.68396 1.70195 2.22327 0.0173974
1 4 -1 0.000484408 0.161603 0.0415572 0.501733 0.374564 1.26129 1.65839 1.25639 0.0159479
1 5 -1 0.000728733 0.0093488 0.0170359 0.0200806 0.384094 0.561294 0.856332 1.04073 0.0479084
1 6 -1 0.00063828 0.00176214 0.00163081 0.00181212 0.00967658 0.350524 0.463173 0.910523 0.465058
1 7 -1 -1 -0.000754003 -1 0.00846843 0.0180399 0.00285858 0.906939 0.748796 0.549041
1 8 -1 -1 -1 -1 5.75836e-05 0.000533194 0.267162 0.333944 0.437274 0.322464
1 9 -1 -1 -1 -1 -1 0.0085756 0.0469969 0.0198225 0.172013 0.228235
2 0 1.2874 1.61797 1.54442 2.05342 2.53323 3.36617 3.77784 3.74946 -1 -1
2 1 0.493178 1.04173 1.48988 1.80216 2.13381 2.61607 2.8951 3.23927 0.00406144 -1
2 2 0.197828 0.543101 0.745511 1.53212 1.52004 2.16633 2.52877 2.90931 0.00881814 0.017706
2 3 0.0181095 0.0368788 0.0296404 0.559351 1.29403 1.44939 1.67725 2.33654 0.956597 0.00457858
2 4 -0.000181809 0.00035993 0.0272385 0.0311879 0.649437 0.998335 1.25668 1.69026 1.5695 0.0144299
2 5 -1 0.00129467 0.00665319 0.0112577 0.0780412 0.539958 0.691127 1.36553 1.17668 0.295143
2 6 -0.000173175 0.00163232 0.00815316 0.00589479 0.0141279 0.363824 0.330016 0.813757 0.813635 0.261151
2 7 -1 0.000874287 0.000678951 0.00227593 0.209497 0.0166694 0.0875378 0.161564 0.725552 0.619881
2 8 -1 -1 -1 -1 -1 0.00850453 0.0216387 0.0381709 0.501208 0.53932
2 9 -1 -1 -1 -1 0.00863534 0.209118 0.0275422 0.0354893 0.280911 0.201849
3 0 1.79328 1.89789 2.16553 2.19966 2.83241 3.76581 3.76672 -1 -1 -1
3 1 0.661179 1.3495 1.94803 1.96189 2.43188 2.89748 2.86517 3.01052 -1 -1
3 2 0.595677 0.844224 1.22364 1.96337 1.96851 2.58972 2.56158 2.04687 0.00216119 -1
3 3 0.516816 0.138991 0.479838 0.741519 1.72345 2.02833 2.38454 1.73196 0.00456707 0.00790714
3 4 0.000880406 0.0180716 0.130161 0.0453744 0.492703 0.932364 1.66462 1.70775 2.02981 0.0198895
3 5 -0.000614329 0.00134618 0.0211016 0.020086 0.0220894 0.478268 0.849989 1.49692 1.11158 0.00863706
3 6 0.000460713 0.0130924 0.011721 0.248065 0.0133327 0.100116 0.825871 0.764243 1.1314 0.018353
3 7 0.000181752 0.0104273 0.00816314 0.00108193 0.00873609 0.032674 0.2527 0.661952 0.754073 0.757532
3 8 -1 -1 -1 0.00856046 0.066021 0.043182 0.194171 0.0433617 0.518638 0.541924
3 9 -1 -1 -1 0.00866851 0.00856078 0.0136144 0.0233983 0.0910972 0.215586 0.21415
4 0 2.02273 2.27296 2.36993 2.62923 3.70114 3.72409 3.26014 -1 -1 -1
4 1 0.745095 1.55358 2.36252 2.21116 3.21417 3.14185 3.00344 -1 -1 -1
4 2 0.542135 1.30379 1.63982 2.06652 2.35554 2.82042 2.81242 2.72204 -1 -1
4 3 0.693789 1.00915 1.02036 0.909801 2.33205 1.79554 2.43534 2.30849 -1 -1
4 4 0.147016 0.401106 0.381569 0.460442 1.04847 1.73546 1.82159 1.67348 0.00928122 0.00143803
4 5 0.0386376 0.0175741 0.690679 1.38849 0.232518 0.591326 1.53234 1.33731 1.14754 0.00667522
4 6 -0.000121578 0.0179592 0.0412474 0.0195978 0.0357445 0.438875 1.11145 1.05797 1.07078 0.0106901
4 7 -4.14967e-05 0.00388961 0.012801 0.0110809 0.0349333 0.412465 0.704616 0.817785 0.921912 0.506205
4 8 -0.000810668 -1 -0.000127749 0.000423682 0.0333496 0.0650696 0.0367252 0.597689 0.442538 0.420917
4 9 -1 -1 0.00854387 -1 0.0167521 0.0323187 0.0262145 0.0250893 0.155027 0.208201
5 0 2.12996 2.72483 2.89941 3.63057 3.65003 2.53452 -1 -1 -1 -1
5 1 0.884368 2.32089 2.58477 3.26341 3.10532 2.98606 2.45418 -1 -1 -1
5 2 0.90387 1.72695 1.86539 2.6953 2.72045 2.76062 2.68476 -1 -1 -1
5 3 0.672994 1.19406 1.45502 1.60148 1.96953 2.41707 2.30084 2.25491 -1 -1
5 4 0.671489 0.977784 1.45881 0.972641 1.15783 1.83345 2.10898 1.95673 1.47491 -1
5 5 0.295385 0.36509 0.17019 0.387365 0.853343 1.64895 1.47893 1.6151 1.30255 0.00597745
5 6 0.00129947 0.015039 0.0223728 0.21125 0.568065 1.20154 1.31326 1.11837 0.928704 0.0109571
5 7 0.0026346 0.0184124 0.0154768 0.0267624 0.0414213 0.0378054 0.860057 0.864318 0.768379 0.589462
5 8 -0.000772402 -0.000462567 -0.000237174 0.0347018 0.0385513 0.0317869 0.0255731 0.557027 0.5156 0.428493
5 9 0.00751211 0.00855596 0.200437 0.0177123 0.0226373 0.168198 0.131023 0.173788 0.195742 0.23258
6 0 2.90891 3.48032 3.71781 3.63914 -1 -1 -1 -1 -1 -1
6 1 1.28339 2.31641 3.14187 2.96961 3.0444 2.62834 -1 -1 -1 -1
6 2 1.00915 1.36874 2.07208 2.30578 2.69846 2.67568 2.10427 -1 -1 -1
6 3 0.7898 1.33153 1.81169 1.97078 2.32342 2.39947 2.24062 -1 -1 -1
6 4 0.558313 1.18793 1.31444 1.24485 1.79638 2.08144 2.03869 1.98956 -1 -1
6 5 0.439648 0.825896 1.20583 1.33006 1.01771 1.5541 1.65495 1.60056 1.5703 -1
6 6 0.0492949 0.0755965 0.583306 0.541703 0.575112 0.651595 1.26337 1.03206 1.34562 0.00963921
6 7 0.000612964 0.0183005 0.0473568 0.0772513 0.182747 0.0169742 0.939397 0.838674 0.766284 0.92174
6 8 3.77282e-05 0.0182447 0.0241647 0.0379617 0.103276 0.0729966 0.0154818 0.623658 0.427702 0.429232
6 9 -1 0.0151956 0.0204337 0.0308097 0.0186283 0.0328552 0.0220664 0.162746 0.136266 0.242863
7 0 3.57201 3.73929 3.72285 -1 -1 -1 -1 -1 -1 -1
7 1 2.38186 3.14274 2.79823 2.56821 -1 -1 -1 -1 -1 -1
7 2 1.55055 2.55553 2.68889 2.65238 2.52024 -1 -1 -1 -1 -1
7 3 0.891068 1.8843 2.15183 2.19416 2.31067 2.34405 -1 -1 -1 -1
7 4 0.890944 1.79047 1.73607 1.98529 2.0776 2.08402 1.8578 -1 -1 -1
7 5 0.784816 1.06304 1.40852 1.58041 1.40008 1.66366 1.62908 1.5472 -1 -1
7 6 0.44735 0.601877 0.60329 0.812091 0.987113 1.12376 1.3886 1.33256 1.28656 -1
7 7 0.0202672 0.236533 0.40822 0.535792 0.378361 0.590886 0.895374 0.717361 0.833643 0.800421
7 8 0.0144893 0.0968055 0.0389425 0.0313211 0.0405181 0.0294241 0.0259868 0.541221 0.531454 0.441341
7 9 0.0121275 0.0320073 0.0854493 0.0219201 0.0245084 0.0469877 0.172552 0.148572 0.220858 0.22589
8 0 3.7405 3.74113 -1 -1 -1 -1 -1 -1 -1 -1
8 1 2.34461 1.94 2.65401 -1 -1 -1 -1 -1 -1 -1
8 2 2.35058 2.45377 2.55141 2.52322 -1 -1 -1 -1 -1 -1
8 3 1.91906 2.19546 2.2224 2.4224 2.07229 -1 -1 -1 -1 -1
8 4 1.76297 1.78422 1.84378 1.89311 1.87025 1.80575 -1 -1 -1 -1
8 5 1.30306 1.52305 1.47744 1.57911 1.55245 1.56904 1.53261 1.21907 -1 -1
8 6 0.939034 1.07237 1.11425 1.20373 1.21612 1.27422 1.23222 1.19819 1.0869 -1
8 7 0.414716 0.882703 0.67732 0.89748 0.98947 0.947014 0.95915 0.974434 0.889927 -1
8 8 0.143926 0.166012 0.51153 0.566423 0.569082 0.623963 0.637603 0.622925 0.619362 0.452032
8 9 0.0724022 0.0298912 0.0296488 0.0197674 0.196175 0.0720096 0.19048 0.149141 0.238262 0.279912
9 0 3.34226 -1 -1 -1 -1 -1 -1 -1 -1 -1
9 1 1.02757 0.00894497 -1 -1 -1 -1 -1 -1 -1 -1
9 2 0.528455 0.00137921 0.00109335 -1 -1 -1 -1 -1 -1 -1
9 3 0.141415 0.00696745 0.00890257 -1 -1 -1 -1 -1 -1 -1
9 4 0.0922199 0.0576293 0.0105425 0.0125162 -1 -1 -1 -1 -1 -1
9 5 0.239507 0.0242507 0.0709566 0.574453 0.0177713 -1 -1 -1 -1 -1
9 6 0.589243 0.234903 1.09448 1.05898 1.13992 1.14709 1.04101 -1 -1 -1
9 7 0.549125 0.877759 0.835796 0.904802 0.926992 0.906934 0.939607 0.928701 -1 -1
9 8 0.545376 0.571231 0.512146 0.570848 0.620598 0.595448 0.620989 0.593508 0.559243 0.424591
9 9 0.201371 0.242902 0.239139 0.275633 0.259852 0.251855 0.268421 0.279613 0.278149 0.286875

10000 803 3.78241 3 0 5 -1 0 0 0
0 0 0.53589 0.960035 1.38696 1.73813 1.97681 2.51895 2.89537 3.59896 3.75506 3.00192
0 1 0.219607 0.55363 0.750032 1.20794 1.65969 2.07763 2.22147 2.89311 3.18526 1.35413
0 2 0.000335906 0.00880097 0.608839 0.883158 1.25207 1.84481 1.98226 2.23827 2.80816 0.314285
0 3 -0.000241325 0.00143765 0.00215797 0.439031 0.710804 1.04377 1.49428 1.60192 2.29923 0.301015
0 4 7.84186e-05 0.00123159 0.00108755 0.0415553 0.315228 0.664891 1.01632 1.51846 1.54136 0.669192
0 5 -1 -1 0.000956562 0.00155382 0.00828388 0.295701 0.444524 0.881787 1.48451 0.307461
0 6 -1 0.000343037 0.00119357 0.000773135 0.00664099 0.00869595 0.125764 0.435974 0.640408 1.00317
0 7 -1 -1 -1 -1 0.000647371 0.000942443 0.00874672 0.200093 0.527693 0.811187
0 8 -1 -1 -1 -1 -7.52019e-05 0.0466736 0.00557163 0.0234413 0.141779 0.55042
0 9 -1 -1 -1 -1 -1 -1 -0.00019798 0.0182527 0.033071 0.199468
1 0 0.937327 1.14924 1.57931 1.89142 2.3749 2.71908 3.25472 3.77962 3.76544 -1
1 1 0.359971 0.9961 1.19944 1.32875 2.07266 2.34898 2.78699 3.31966 3.26409 0.0457069
1 2 0.101372 0.130587 0.72156 1.10179 1.2613 1.7698 2.13083 2.49317 2.90941 0.013793
1 3 7.80652e-05 0.0562916 0.100595 0.939019 1.04155 1.40448 1.68396 2.25679 2.22327 0.0283551
1 4 0.000209414 0.000686297 0.161603 0.157715 0.546637 0.693165 1.26129 1.65839 1.95188 0.201219
1 5 -1 0.000920736 0.0093488 0.0170359 0.0761068 0.384094 0.561294 0.972898 1.56469 1.45931
1 6 -1 0.00063828 0.00831059 0.00163081 0.00203826 0.0483262 0.412435 0.560835 1.11268 0.465058
1 7 -1 0.000110989 0.000718307 0.000478202 0.00846843 0.151562 0.0461838 0.906939 0.858105 0.782163
1 8 -1 -1 -1 -1 0.0004834 0.0106885 0.267162 0.333944 0.437274 0.585583
1 9 -1 -1 -1 -1 0.00856855 0.00866881 0.0469969 0.0855319 0.172013 0.245908
2 0 1.35398 1.61797 1.70627 2.05342 2.65161 3.36617 3.77794 3.77947 -1 -1
2 1 0.556158 1.17192 1.48988 1.80772 2.13381 2.61607 3.21318 3.23927 3.15622 -1
2 2 0.329661 0.543101 0.948932 1.53212 1.57493 2.16633 2.8279 2.90931 0.00881814 0.0310622
2 3 0.0413086 0.0368788 0.440907 1.18851 1.29403 1.44939 2.44607 2.3724 2.29912 0.0111392
2 4 0.000222914 0.00035993 0.0272385 0.147993 1.01921 0.998335 1.34804 1.69026 2.00711 1.96477
2 5 -0.000800393 0.00129467 0.0177646 0.0256824 0.158962 0.652497 0.691127 1.36553 1.23633 0.68067
2 6 -0.000173175 0.00163232 0.00834239 0.00638221 0.583999 0.363824 0.538361 0.813757 1.11017 0.802037
2 7 -1 0.00106708 0.0273634 0.0100423 0.209497 0.0200183 0.0875378 0.582071 0.725552 0.952846
2 8 -1 -1 -1 -0.000990051 0.0102211 0.0946485 0.0283642 0.468773 0.542046 0.614467
2 9 -1 -1 -1 0.00871227 0.0279739 0.209118 0.191181 0.0469215 0.280911 0.23273
3 0 1.79328 1.89789 2.16553 2.4583 2.83241 3.78241 3.76672 -1 -1 -1
3 1 1.02822 1.54178 1.94803 2.24032 3.08934 2.89748 3.2659 3.17005 -1 -1
3 2 0.652105 0.844224 1.22364 1.96337 1.96851 2.58972 2.89618 2.66266 2.75812 -1
3 3 0.516816 0.302951 0.479838 1.20948 1.72345 2.13913 2.38454 2.46607 1.74226 0.00790714
3 4 0.0562627 0.0180716 0.143691 0.245859 1.0504 1.94898 1.66462 1.70775 2.02981 0.0198895
3 5 0.00474829 0.00692216 0.0211016 0.0309769 0.351715 0.886386 1.6126 1.49692 1.74597 1.68802
3 6 0.000460713 0.0130924 0.0171952 0.248065 0.239092 0.258244 1.14656 1.02374 1.39229 1.32858
3 7 0.000360857 0.0104273 0.00855796 0.00892757 0.0120816 0.168652 0.2527 0.731849 0.855526 0.936884
3 8 -1 -1 -1 0.00856046 0.0660921 0.043182 0.194171 0.546435 0.545826 0.598414
3 9 -1 -1 -1 0.00866851 0.00862993 0.0280723 0.13954 0.0910972 0.239603 0.258044
4 0 2.06284 2.46108 2.62477 2.66657 3.76475 3.75276 3.26014 -1 -1 -1
4 1 1.18939 1.95592 2.36252 2.49727 3.21417 3.14185 3.18222 -1 -1 -1
4 2 0.822432 1.33874 1.68497 2.31871 2.39419 2.82042 2.81242 2.72204 -1 -1
4 3 0.693789 1.00915 1.02036 1.37824 2.33205 2.23899 2.43534 2.49298 2.3911 -1
4 4 0.147016 0.695728 0.671115 1.34092 1.41 2.00536 1.82159 1.70579 1.89182 0.00143803
4 5 0.0386376 0.661029 0.690679 1.38849 0.276466 1.20663 1.793 1.69024 1.36021 0.00667522
4 6 -0.000121578 0.0190784 0.0412474 0.0464261 1.05231 0.564602 1.37607 1.22621 1.2003 0.113282
4 7 0.00602371 0.00864113 0.018597 0.0110809 0.0349333 0.412465 0.930323 0.951354 0.921912 0.860401
4 8 -6.77298e-05 -0.000949655 0.171686 0.00528767 0.0333496 0.184611 0.0395826 0.597689 0.545546 0.525222
4 9 -1 -1 0.00854387 0.00865681 0.0167521 0.219491 0.0262145 0.0744242 0.244648 0.296397
5 0 2.30535 2.8687 2.89941 3.7635 3.6963 3.17721 -1 -1 -1 -1
5 1 1.33799 2.35674 2.8294 3.26341 3.10532 2.98606 2.45418 -1 -1 -1
5 2 1.00464 1.72695 1.86539 2.74488 2.72595 2.88101 2.72795 -1 -1 -1
5 3 1.02242 1.19406 1.45502 1.93882 2.4045 2.41707 2.40258 2.27726 -1 -1
5 4 0.671489 0.977784 1.45881 0.972641 1.957 2.06353 2.10898 1.95673 1.47491 -1
5 5 0.295385 0.36509 0.22926 0.421018 1.38239 1.64895 1.6335 1.6151 1.55507 0.0102467
5 6 0.00863746 0.0472717 0.123669 0.434296 0.568065 1.20154 1.31326 1.32845 1.41024 1.30899
5 7 0.00877036 0.018598 0.661337 0.0273058 0.0414213 0.0378054 0.95094 0.914422 0.8428 0.773236
5 8 -0.000144737 0.00818975 0.0108483 0.0347018 0.0385513 0.228833 0.417913 0.557027 0.53282 0.668983
5 9 0.00751211 0.00855596 0.200437 0.0292155 0.0411237 0.168198 0.174632 0.215766 0.243685 0.254161
6 0 2.95542 3.5082 3.76506 3.70857 3.08004 -1 -1 -1 -1 -1
6 1 1.7653 2.31641 3.22337 3.17664 3.0444 2.88146 -1 -1 -1 -1
6 2 1.00915 2.20338 2.51785 2.8107 2.76485 2.67568 2.10427 -1 -1 -1
6 3 0.7898 1.33153 1.81169 2.23814 2.32342 2.45116 2.34767 1.99527 -1 -1
6 4 0.967405 1.18793 1.399 1.90353 2.03909 2.14494 2.05374 1.98956 -1 -1
6 5 0.604893 0.825896 1.20583 1.33006 1.55053 1.73081 1.65495 1.72573 1.5984 -1
6 6 0.112762 0.282074 0.583306 0.541703 0.707939 1.27597 1.32587 1.27437 1.34562 1.10815
6 7 0.00530099 0.033821 0.139707 0.0772513 0.522805 0.603506 0.946053 0.91636 0.828534 0.92174
6 8 0.0119143 0.0182447 0.0241647 0.0379617 0.103276 0.0729966 0.448973 0.63373 0.480127 0.614201
6 9 -1 0.0852282 0.0212869 0.0318347 0.215151 0.0646231 0.17962 0.272407 0.257363 0.261981
7 0 3.59533 3.75937 3.76046 -1 -1 -1 -1 -1 -1 -1
7 1 2.38186 3.14274 3.11975 2.94914 -1 -1 -1 -1 -1 -1
7 2 1.55973 2.55553 2.68889 2.65238 2.52024 -1 -1 -1 -1 -1
7 3 0.891068 1.99911 2.15183 2.41607 2.44828 2.34405 -1 -1 -1 -1
7 4 0.890944 1.79047 1.73734 1.98529 2.1232 2.08402 1.96988 1.82638 -1 -1
7 5 0.896164 1.09669 1.5521 1.58041 1.64107 1.75216 1.73597 1.56928 -1 -1
7 6 0.44735 0.601877 0.646217 0.812091 1.18613 1.31479 1.3886 1.35004 1.28656 -1
7 7 0.0545648 0.236533 0.465607 0.535792 0.730696 0.809649 0.956889 0.999819 1.01175 0.800421
7 8 0.0144893 0.0968055 0.276923 0.0313211 0.234531 0.0294241 0.480877 0.604844 0.566471 0.550891
7 9 0.0373084 0.0320073 0.0854493 0.148925 0.0245084 0.085568 0.174028 0.247937 0.267916 0.264908
8 0 3.77084 3.74447 -1 -1 -1 -1 -1 -1 -1 -1
8 1 2.36721 2.71724 2.66372 -1 -1 -1 -1 -1 -1 -1
8 2 2.35058 2.58885 2.63911 2.52322 -1 -1 -1 -1 -1 -1
8 3 2.07941 2.19734 2.2224 2.4224 2.07229 -1 -1 -1 -1 -1
8 4 1.76297 1.78422 1.84378 1.96213 1.96186 1.8231 1.66077 -1 -1 -1
8 5 1.34746 1.56337 1.59419 1.6025 1.67983 1.61738 1.55331 1.21907 -1 -1
8 6 0.939034 1.07237 1.20824 1.23685 1.29357 1.31314 1.30037 1.23824 1.0869 -1
8 7 0.430195 0.92939 0.758811 0.987081 0.98947 0.947014 1.03054 1.01999 0.933745 -1
8 8 0.242106 0.594954 0.540352 0.566423 0.569082 0.623963 0.637603 0.623747 0.619362 0.48772
8 9 0.181027 0.1332 0.0296488 0.0235702 0.196175 0.189707 0.230777 0.253977 0.244228 0.279912
9 0 3.40065 -1 -1 -1 -1 -1 -1 -1 -1 -1
9 1 1.25818 0.00894497 -1 -1 -1 -1 -1 -1 -1 -1
9 2 0.63775 0.00895136 0.00639055 -1 -1 -1 -1 -1 -1 -1
9 3 0.141415 0.00696745 0.00890257 0.0013537 -1 -1 -1 -1 -1 -1
9 4 0.363837 0.21974 0.143752 0.0125162 0.00366016 -1 -1 -1 -1 -1
9 5 0.271715 0.126057 0.466589 0.574453 0.0301516 -1 -1 -1 -1 -1
9 6 1.04443 1.12802 1.18152 1.2841 1.20626 1.40634 1.24269 -1 -1 -1
9 7 0.879457 0.877759 0.884376 0.984054 0.940469 0.923607 0.94067 0.928701 0.729979 -1
9 8 0.596507 0.571231 0.607064 0.580466 0.626186 0.625949 0.660339 0.628656 0.630623 0.424591
9 9 0.233819 0.242902 0.241544 0.275633 0.268668 0.268966 0.275615 0.279613 0.28131 0.319054

15000 808 3.78642 3 0 5 -1 0 0 0
0 0 0.682186 0.960035 1.38696 1.73813 2.0445 2.58375 2.89537 3.59896 3.77885 3.03194
0 1 0.219607 0.55363 0.750032 1.20794 1.65969 2.07763 2.29377 2.89311 3.32932 1.35413
0 2 0.000335906 0.021976 0.608839 0.905034 1.25207 1.84481 1.98226 2.63387 2.82426 0.347221
0 3 6.45506e-05 0.00143765 0.0166641 0.439031 0.751092 1.04844 1.49428 1.73188 2.29923 0.301015
0 4 7.84186e-05 0.00123159 0.0018643 0.0415553 0.315228 0.790522 1.01734 1.63932 1.60839 1.90211
0 5 -1 -1 0.00128804 0.0253356 0.00828388 0.295701 0.787278 0.881787 1.48451 1.74088
0 6 -1 0.000343037 0.00119357 0.000773135 0.00664099 0.02141 0.158012 0.512082 1.22998 1.00317
0 7 -1 -1 -1 -0.000202214 0.0854412 0.00146821 0.00874672 0.200093 0.527693 0.811187
0 8 -1 -1 -1 -1 -7.52019e-05 0.0466736 0.00557163 0.0234413 0.141779 0.55042
0 9 -1 -1 -1 -1 0.00850072 -1 -0.00019798 0.0182527 0.033071 0.21275
1 0 0.937327 1.14924 1.57931 1.94897 2.3749 2.91262 3.25472 3.78098 3.78108 -1
1 1 0.359971 0.9961 1.19944 1.35613 2.07266 2.34898 2.78699 3.31966 3.26409 0.0457069
1 2 0.101372 0.130587 0.799141 1.33361 1.38883 1.94764 2.23216 2.60667 2.90941 0.013793
1 3 7.80652e-05 0.0562916 0.219625 0.939019 1.04155 1.40448 1.70832 2.25679 2.42637 0.0283551
1 4 0.000209414 0.142685 0.161603 0.157715 0.691726 0.847194 1.26129 1.94135 2.10048 0.201219
1 5 -1 0.00289176 0.0093488 0.0953116 0.149825 0.496982 0.593221 1.61967 1.56469 1.45931
1 6 -1 0.00100337 0.00831059 0.0126431 0.00203826 0.0483262 0.412435 0.560835 1.11268 0.687953
1 7 -1 0.00109938 0.000718307 0.000478202 0.00846843 0.151562 0.217212 0.906939 0.941098 0.81321
1 8 -1 -1 -1 -1 0.306598 0.0106885 0.401545 0.333944 0.448093 0.585583
1 9 -1 -1 -1 -1 0.00856855 0.00866881 0.0854466 0.0855319 0.172013 0.255687
2 0 1.37216 1.72493 1.98817 2.14781 2.82003 3.36617 3.78024 3.78578 -1 -1
2 1 0.632428 1.31487 1.48988 1.80772 2.13381 2.76902 3.27381 3.23927 3.16442 -1
2 2 0.469639 0.602181 1.0792 1.57768 1.95701 2.16633 2.94873 2.90931 2.83625 0.0310622
2 3 0.0413086 0.0695274 0.440907 1.18851 1.29403 1.54033 2.44607 2.3724 2.53452 0.0111392
2 4 0.000636512 0.00127554 0.0272385 0.27138 1.0469 1.14363 1.34804 1.69026 2.00711 1.96477
2 5 -0.000800393 0.00129467 0.0177646 0.0325049 0.158962 0.965649 1.43116 1.36553 1.38993 0.990535
2 6 -0.000173175 0.00941853 0.00834239 0.00894396 0.583999 0.669213 0.538361 1.10079 1.11017 1.1517
2 7 -1 0.00106708 0.0273634 0.0100423 0.209497 0.482653 0.15289 0.922646 0.733793 0.952846
2 8 -1 -1 -1 0.0084322 0.0102211 0.583594 0.0283642 0.468773 0.542046 0.614467
2 9 -1 -1 -1 0.00871227 0.0279739 0.209118 0.191181 0.0469215 0.280911 0.245037
3 0 1.8426 1.99779 2.34282 2.55257 3.11874 3.78642 3.77665 -1 -1 -1
3 1 1.02822 1.54178 1.94803 2.34799 3.08934 3.0589 3.2659 3.17005 -1 -1
3 2 0.652105 0.844224 1.22364 1.96337 1.96851 2.58972 2.89618 2.932 2.75812 -1
3 3 0.516816 0.483091 0.479838 1.20948 1.75418 2.51278 2.60177 2.46607 2.29219 0.055705
3 4 0.334766 0.0550813 0.199856 0.245859 1.0504 1.94898 1.66462 1.70775 2.08611 1.86569
3 5 0.00474829 0.0119203 0.022044 0.0628762 0.351715 1.71147 1.63319 1.52613 1.74597 1.68802
3 6 0.000460713 0.123778 0.0237408 0.248065 0.239092 0.381502 1.2921 1.26783 1.39229 1.32858
3 7 0.000360857 0.0104273 0.0100366 0.401926 0.554978 0.767437 0.535872 0.834927 0.983245 0.936884
3 8 -1 -1 0.0077149 0.00856046 0.0660921 0.190999 0.471923 0.579704 0.560379 0.663893
3 9 -1 -1 -1 0.0374796 0.0180982 0.181667 0.240345 0.12418 0.239603 0.267731
4 0 2.14797 2.46108 2.62477 2.82752 3.78015 3.75294 3.26014 -1 -1 -1
4 1 1.31316 2.00081 2.36297 2.67936 3.21417 3.14765 3.18222 -1 -1 -1
4 2 1.02211 1.33874 1.85204 2.39804 2.51726 2.82042 2.81242 2.75049 -1 -1
4 3 0.693789 1.00915 1.02036 1.57557 2.33205 2.28508 2.5628 2.49298 2.3911 -1
4 4 0.207703 0.695728 0.671115 1.34092 1.41 2.00536 1.90974 1.97634 1.89182 0.00143803
4 5 0.0386376 0.661029 0.690679 1.38849 0.444767 1.47719 1.793 1.81138 1.68705 0.00667522
4 6 -0.000121578 0.0190784 0.0412474 0.0464261 1.05231 1.34706 1.37607 1.22621 1.31651 1.26402
4 7 0.00602371 0.0167282 0.018597 0.0283134 0.0349333 0.412465 0.930323 0.951354 0.96784 1.00792
4 8 2.33551e-05 -0.000949655 0.171686 0.354192 0.0333496 0.184611 0.522861 0.600247 0.574041 0.643967
4 9 -1 -1 0.00864468 0.00865681 0.152159 0.219491 0.057629 0.232749 0.2489 0.296397
5 0 2.3782 2.8687 2.89941 3.7748 3.78354 3.17721 -1 -1 -1 -1
5 1 1.33799 2.35674 2.8294 3.26341 3.26683 3.0693 2.45418 -1 -1 -1
5 2 1.07026 1.72695 2.01231 2.74488 2.86238 2.88101 2.77786 -1 -1 -1
5 3 1.02242 1.19406 1.47967 1.93882 2.4045 2.44901 2.40258 2.27726 -1 -1
5 4 0.690699 0.977784 1.45881 1.90252 1.957 2.06353 2.12583 2.00167 1.47491 -1
5 5 0.295385 0.36509 0.717937 0.465585 1.38239 1.64895 1.69567 1.6151 1.56855 0.0336103
5 6 0.00863746 0.136547 0.123669 0.434296 0.568065 1.20154 1.31632 1.36918 1.41024 1.30899
5 7 0.00877036 0.018598 0.661337 0.0565862 0.709599 0.399404 0.958173 1.00984 0.869504 1.02739
5 8 -0.000144737 0.00818975 0.38275 0.0347018 0.0970349 0.228833 0.563374 0.582808 0.627367 0.668983
5 9 0.00751211 0.00855596 0.200437 0.0292155 0.148014 0.168198 0.174632 0.239511 0.280603 0.281722
6 0 3.07313 3.5082 3.77212 3.77776 3.08004 -1 -1 -1 -1 -1
6 1 1.7653 2.49525 3.2554 3.27389 3.0444 2.88146 -1 -1 -1 -1
6 2 1.00915 2.20338 2.70919 2.81651 2.78903 2.87707 2.10427 -1 -1 -1
6 3 0.955147 1.33153 1.81169 2.23814 2.3695 2.49027 2.38884 1.99527 -1 -1
6 4 0.967405 1.62056 1.5756 1.90353 2.03909 2.14494 2.12325 2.06277 -1 -1
6 5 0.710023 1.03504 1.62373 1.33006 1.66806 1.73081 1.65495 1.72573 1.5984 1.43577
6 6 0.112762 0.282074 0.583306 0.541703 0.763627 1.27597 1.32587 1.27437 1.34562 1.10815
6 7 0.00867648 0.033821 0.228864 0.0772513 0.522805 0.603506 0.946053 0.924247 0.935744 0.92174
6 8 0.0119143 0.0182447 0.0278629 0.132862 0.103276 0.411291 0.52908 0.63373 0.577144 0.647939
6 9 -1 0.0852282 0.162445 0.0318347 0.215151 0.0671145 0.209461 0.272407 0.257363 0.26281
7 0 3.59533 3.77782 3.77149 -1 -1 -1 -1 -1 -1 -1
7 1 2.48113 3.14274 3.11975 3.03221 -1 -1 -1 -1 -1 -1
7 2 1.55973 2.63904 2.68889 2.88184 2.80852 -1 -1 -1 -1 -1
7 3 0.943645 2.0573 2.20365 2.54969 2.51071 2.34405 -1 -1 -1 -1
7 4 0.973984 2.06557 1.89687 1.98529 2.15842 2.10292 1.96988 1.82638 -1 -1
7 5 0.896164 1.63115 1.5521 1.58041 1.67355 1.76031 1.75845 1.72482 1.38554 -1
7 6 0.44735 0.601877 0.732025 0.924969 1.18613 1.31479 1.3886 1.38529 1.28656 -1
7 7 0.122943 0.462228 0.701236 0.535792 0.730696 0.847267 1.04702 0.999819 1.01175 0.800421
7 8 0.0144893 0.0968055 0.276923 0.0313211 0.234531 0.07495 0.63634 0.649822 0.626309 0.60106
7 9 0.0776658 0.0320073 0.0854493 0.148925 0.114296 0.191293 0.174028 0.247937 0.267916 0.282527
8 0 3.77084 3.77056 -1 -1 -1 -1 -1 -1 -1 -1
8 1 2.36721 3.16483 2.88944 -1 -1 -1 -1 -1 -1 -1
8 2 2.35058 2.60236 2.63911 2.52322 -1 -1 -1 -1 -1 -1
8 3 2.07941 2.19734 2.29542 2.4224 2.13657 -1 -1 -1 -1 -1
8 4 1.76297 1.78422 1.91551 1.99507 2.06287 1.92872 1.83574 -1 -1 -1
8 5 1.525 1.60653 1.70118 1.6025 1.73656 1.6605 1.59623 1.21907 -1 -1
8 6 1.00677 1.18364 1.20824 1.23685 1.35048 1.4057 1.43176 1.28433 1.0869 -1
8 7 0.856789 0.92939 0.901621 0.987081 0.98947 1.03449 1.03054 1.01999 0.933745 -1
8 8 0.242106 0.606453 0.540352 0.566423 0.609628 0.6444 0.637603 0.668131 0.672799 0.553058
8 9 0.181027 0.1332 0.0296488 0.203697 0.196175 0.189707 0.230777 0.253977 0.271006 0.279912
9 0 3.40065 -1 -1 -1 -1 -1 -1 -1 -1 -1
9 1 1.8065 0.00894497 -1 -1 -1 -1 -1 -1 -1 -1
9 2 0.63775 0.0155064 0.0107347 -1 -1 -1 -1 -1 -1 -1
9 3 0.444305 0.00753775 0.00890257 0.0013537 -1 -1 -1 -1 -1 -1
9 4 0.363837 0.21974 0.158726 0.0125162 0.00366016 -1 -1 -1 -1 -1
9 5 1.5325 1.27127 1.31756 1.37396 0.0738007 -1 -1 -1 -1 -1
9 6 1.20608 1.12802 1.18152 1.2841 1.29671 1.40634 1.24269 -1 -1 -1
9 7 0.879457 0.877759 0.903428 0.984054 0.940469 0.990366 0.94067 0.928701 0.729979 -1
9 8 0.596507 0.572652 0.607064 0.603336 0.652455 0.625949 0.660339 0.643343 0.652088 0.440431
9 9 0.233819 0.262404 0.250045 0.275633 0.276712 0.281257 0.285562 0.280459 0.28481 0.319054

20000 813 3.79276 4 0 4 -1 0 0 0
0 0 0.682186 0.960035 1.38696 1.73813 2.05618 2.58375 2.89537 3.59896 3.77885 3.03194
0 1 0.219607 0.55363 0.838919 1.32124 1.68074 2.07763 2.56599 2.89311 3.32932 1.39161
0 2 0.00830095 0.268302 0.608839 0.905034 1.25829 1.84481 2.18613 2.63387 2.82426 0.458196
0 3 0.00736179 0.00665327 0.315957 0.439031 0.751092 1.04844 1.66741 1.76646 2.29923 0.301015
0 4 0.00016908 0.00126376 0.0018643 0.0415553 0.448266 0.790522 1.18584 1.63932 1.82983 1.90211
0 5 -1 0.000514756 0.00975459 0.0253356 0.14281 0.295701 0.787278 0.881787 1.48451 1.74088
0 6 -1 0.000343037 0.00119357 0.000887616 0.00664099 0.02141 0.207328 0.512082 1.22998 1.00317
0 7 -1 -1 -1 -0.000202214 0.0854412 0.00540703 0.209949 0.468057 0.527693 0.882381
0 8 -1 -1 -1 -1 -7.52019e-05 0.0466736 0.00866115 0.0234413 0.141779 0.55042
0 9 -1 -1 -1 -1 0.00850072 -1 0.151893 0.0182527 0.033071 0.241172
1 0 0.937327 1.14924 1.63931 2.0558 2.3749 2.91262 3.40256 3.78098 3.78118 -1
1 1 0.369626 0.9961 1.19944 1.6404 2.07266 2.37881 2.84302 3.33923 3.30721 0.0457069
1 2 0.161479 0.233895 0.874175 1.33361 1.42681 1.94764 2.41353 2.81249 2.90941 0.013793
1 3 0.000605732 0.0943632 0.219625 0.939019 1.10693 1.41001 1.73988 2.25679 2.42637 0.0285405
1 4 0.000209414 0.142685 0.161603 0.157715 0.721912 0.852247 1.26129 1.94135 2.10048 0.201219
1 5 -0.000782419 0.00289176 0.0103855 0.0953116 0.149825 0.526176 0.593221 1.61967 1.56469 1.45931
1 6 -1 0.00100337 0.00831059 0.0126431 0.0148997 0.746026 0.469508 0.997802 1.11268 1.11755
1 7 -1 0.00109938 0.000718307 0.00391206 0.286351 0.469314 0.421341 0.906939 0.941098 0.904675
1 8 -1 -1 -1 -1 0.306598 0.0106885 0.401545 0.333944 0.448093 0.585583
1 9 -1 -1 -1 -1 0.00856855 0.00866881 0.0854466 0.0855319 0.17263 0.255687
2 0 1.40098 1.72493 1.98817 2.14781 2.82003 3.36617 3.78388 3.78578 -1 -1
2 1 0.632428 1.41905 1.57596 1.8564 2.25886 2.76902 3.27381 3.306 3.16442 -1
2 2 0.469639 0.602181 1.0792 1.59584 1.95701 2.71478 2.94873 2.90931 2.90633 0.0310622
2 3 0.0413086 0.0695274 0.604817 1.18851 1.29403 1.54033 2.44607 2.3724 2.54128 0.0244269
2 4 0.000636512 0.00860764 0.0272385 0.488187 1.0469 1.14363 1.34804 1.69026 2.02882 1.96477
2 5 -0.000800393 0.00967172 0.0223937 0.0562339 0.289096 1.04685 1.43116 1.57339 1.63948 1.60625
2 6 -0.000173175 0.015859 0.0117646 0.00894396 0.583999 0.669213 0.837448 1.1675 1.26822 1.1517
2 7 -0.000725848 0.00106708 0.0273634 0.0100423 0.209497 0.987727 0.209351 0.922646 0.762405 0.952846
2 8 -1 -1 -1 0.0084322 0.0102211 0.583594 0.0283642 0.468773 0.542046 0.614467
2 9 -1 -1 -1 0.00871227 0.0279739 0.209118 0.191181 0.217585 0.280911 0.272179
3 0 1.86545 1.99779 2.42311 3.00542 3.11874 3.78642 3.78396 -1 -1 -1
3 1 1.02822 1.54178 1.96682 2.34799 3.08934 3.26434 3.29515 3.17005 -1 -1
3 2 1.00578 0.910118 1.5315 1.96337 1.96851 2.58972 2.89618 2.932 2.75812 -1
3 3 0.680686 0.483091 0.479838 1.39057 1.76103 2.51278 2.60177 2.46607 2.39984 0.055705
3 4 0.334766 0.113154 1.01581 1.34077 1.31161 1.94898 1.66462 1.83281 2.08611 1.86569
3 5 0.00474829 0.0226257 0.022044 0.0628762 0.361701 1.71147 1.63319 1.63987 1.74597 1.68802
3 6 0.000460713 0.123778 0.0237408 0.248065 0.500538 0.381502 1.2921 1.26783 1.39229 1.40978
3 7 0.000360857 0.0176508 0.0100366 0.401926 0.554978 0.767437 0.535872 0.970394 0.983245 0.936884
3 8 -1 -1 0.0077149 0.402463 0.0660921 0.190999 0.471923 0.579704 0.560379 0.663893
3 9 -1 -1 -1 0.0374796 0.0180982 0.181667 0.240345 0.196395 0.239603 0.297404
4 0 2.26453 2.46108 2.80567 2.82752 3.79276 3.7825 3.26014 -1 -1 -1
4 1 1.32775 2.00081 2.39142 2.67936 3.28346 3.14765 3.18222 -1 -1 -1
4 2 1.02211 1.33874 1.89171 2.39804 2.67922 2.82042 2.81242 2.88567 -1 -1
4 3 0.693789 1.00915 1.02036 1.7734 2.36536 2.28508 2.5628 2.56916 2.3911 -1
4 4 0.445688 0.695728 0.671115 1.34092 2.04658 2.00536 1.98718 2.08296 2.09499 0.0189662
4 5 0.0386376 0.661029 0.690679 1.38849 0.444767 1.7469 1.793 1.81138 1.78946 0.00667522
4 6 0.00851122 0.0854751 0.0412474 0.478988 1.05231 1.34706 1.37607 1.32074 1.32747 1.28326
4 7 0.00602371 0.0167282 0.018597 0.0283134 0.0349333 0.412465 0.930323 0.965926 1.05063 1.00792
4 8 2.33551e-05 -0.000858006 0.171686 0.354192 0.325628 0.184611 0.522861 0.600247 0.659589 0.643967
4 9 -1 -1 0.00864468 0.00865681 0.152159 0.219491 0.115934 0.232749 0.254902 0.296397
5 0 2.58929 2.8687 3.42043 3.78818 3.78354 3.17721 -1 -1 -1 -1
5 1 1.72096 2.35674 2.8294 3.26341 3.28396 3.211 2.94964 -1 -1 -1
5 2 1.24901 1.72695 2.01231 2.74488 2.86238 2.89285 2.77786 -1 -1 -1
5 3 1.02242 1.19406 1.47967 1.93882 2.44208 2.49755 2.43028 2.27726 -1 -1
5 4 0.690699 0.977784 1.45881 1.90252 1.957 2.06353 2.15578 2.00167 1.93466 -1
5 5 0.295385 0.36509 0.717937 0.592544 1.38239 1.64895 1.69567 1.6151 1.56855 0.0336103
5 6 0.00863746 0.136547 0.135202 1.19732 1.2264 1.20154 1.31632 1.36918 1.41024 1.30899
5 7 0.00877036 0.018598 0.661337 0.0565862 0.709599 0.646173 0.962412 1.00984 0.910582 1.02739
5 8 -0.000144737 0.00818975 0.38275 0.0347018 0.0970349 0.245095 0.563374 0.654695 0.627367 0.671628
5 9 0.00751211 0.00855596 0.200437 0.0468706 0.191566 0.168198 0.205885 0.239511 0.280603 0.295702
6 0 3.07313 3.5082 3.78143 3.78634 3.08004 -1 -1 -1 -1 -1
6 1 2.23387 2.49525 3.2554 3.27389 3.0444 2.88146 -1 -1 -1 -1
6 2 1.2611 2.20338 2.79668 2.89181 2.79545 2.87707 2.10427 -1 -1 -1
6 3 0.992896 1.67542 1.81169 2.51624 2.41836 2.49027 2.51376 1.99527 -1 -1
6 4 0.967405 1.62056 1.73842 1.90353 2.03909 2.14494 2.15993 2.09188 -1 -1
6 5 0.710023 1.03504 1.62373 1.33006 1.66806 1.73831 1.75511 1.72573 1.60883 1.43577
6 6 0.2967 0.593621 0.583306 0.541703 0.763627 1.30524 1.33542 1.27437 1.34562 1.10815
6 7 0.0086771 0.033821 0.228864 0.814923 0.522805 0.603506 1.00947 1.05311 0.935744 0.945665
6 8 0.0119143 0.0182447 0.171844 0.408179 0.103276 0.411291 0.576296 0.644199 0.577144 0.647939
6 9 0.00860827 0.228947 0.162445 0.0318347 0.215151 0.248197 0.209461 0.272407 0.273185 0.283951
7 0 3.60417 3.78139 3.78004 -1 -1 -1 -1 -1 -1 -1
7 1 2.53041 3.14274 3.17594 3.03221 2.85257 -1 -1 -1 -1 -1
7 2 1.55973 2.78065 2.78156 2.88233 2.80852 -1 -1 -1 -1 -1
7 3 0.943645 2.0573 2.35055 2.54969 2.51071 2.46135 -1 -1 -1 -1
7 4 1.2889 2.06557 1.89687 1.98529 2.15842 2.15481 2.05804 1.82638 -1 -1
7 5 1.02409 1.63115 1.61451 1.64626 1.68941 1.76031 1.77731 1.72482 1.38554 -1
7 6 0.461871 0.785743 0.808061 0.924969 1.18613 1.32239 1.42528 1.42725 1.28656 -1
7 7 0.122943 0.462228 0.743518 1.00039 0.730696 0.906737 1.04702 0.999819 1.01175 0.800421
7 8 0.0567892 0.471473 0.276923 0.0313211 0.234531 0.460177 0.63634 0.649822 0.626309 0.672445
7 9 0.0776658 0.0320073 0.145188 0.148925 0.114296 0.235187 0.221763 0.262066 0.267916 0.282527
8 0 3.77084 3.77056 -1 -1 -1 -1 -1 -1 -1 -1
8 1 2.7245 3.16483 2.88944 -1 -1 -1 -1 -1 -1 -1
8 2 2.35058 2.60236 2.68177 2.52322 -1 -1 -1 -1 -1 -1
8 3 2.19148 2.20335 2.29821 2.4496 2.13657 -1 -1 -1 -1 -1
8 4 1.76297 1.88329 2.08448 2.07445 2.06287 1.92872 1.83574 -1 -1 -1
8 5 1.60884 1.60653 1.70118 1.63352 1.77933 1.6605 1.59623 1.29569 -1 -1
8 6 1.00677 1.25686 1.30746 1.30104 1.35048 1.4057 1.43176 1.32609 1.0869 -1
8 7 0.856789 0.92939 0.918803 0.995747 1.0428 1.04099 1.05496 1.02111 1.00422 -1
8 8 0.317759 0.606453 0.540352 0.566423 0.63388 0.6444 0.637603 0.668131 0.672799 0.553058
8 9 0.181027 0.1332 0.0401997 0.203697 0.196175 0.189707 0.230777 0.253977 0.271006 0.289143
9 0 3.40065 -1 -1 -1 -1 -1 -1 -1 -1 -1
9 1 2.05481 0.0101639 -1 -1 -1 -1 -1 -1 -1 -1
9 2 1.72507 0.0155064 0.0107347 -1 -1 -1 -1 -1 -1 -1
9 3 0.444305 0.00830372 0.00890257 0.0013537 -1 -1 -1 -1 -1 -1
9 4 0.363837 0.21974 0.158726 0.0125162 0.00366016 -1 -1 -1 -1 -1
9 5 1.5325 1.27127 1.31756 1.47033 1.46098 -1 -1 -1 -1 -1
9 6 1.20608 1.12802 1.18152 1.2841 1.29671 1.40634 1.24269 -1 -1 -1
9 7 0.879457 0.910176 0.903428 0.984054 0.940469 0.990366 0.94067 0.928701 0.729979 -1
9 8 0.596507 0.591628 0.635482 0.610779 0.652455 0.629091 0.660339 0.643343 0.652088 0.454711
9 9 0.238549 0.262404 0.266258 0.28015 0.276712 0.287881 0.289545 0.282187 0.286594 0.319054

