0 22 0.0241683 7 7 2 -1 0 0 0
0 0 -1 -1 -1 -1 -1 -1 -1 -1 -1 -1
0 1 -1 -1 -1 -1 -1 -1 -1 -1 -1 -1
0 2 -1 -1 -1 -1 -1 -1 -1 -1 -1 -1
0 3 -1 -1 -1 -1 -1 -1 -1 -1 -1 -1
0 4 -1 -1 -1 -1 -1 -1 -1 -1 -1 -1
0 5 -1 -1 -1 -1 -1 -1 -1 -1 -1 -1
0 6 -1 -1 -1 -1 -1 -1 -1 -1 -1 -1
0 7 -1 -1 -1 -1 -1 -1 -1 -1 -1 -1
0 8 -1 -1 -1 -1 -1 -1 -1 -1 -1 -1
0 9 -1 -1 -1 -1 -1 -1 -1 -1 -1 -1
1 0 -1 -1 -1 -1 -1 -1 -1 -1 -1 -1
1 1 -1 -1 -1 -1 -1 -1 -1 -1 -1 -1
1 2 -1 -1 -1 -1 -1 -1 -1 -1 -1 -1
1 3 -1 -1 -1 -1 -1 -1 -1 -1 -1 -1
1 4 -1 -1 -1 -1 -1 -1 -1 -1 -1 -1
1 5 -1 -1 -1 -1 -1 -1 -1 -1 0.00888891 -1
1 6 -1 -1 -1 -1 -1 -1 -1 -1 -1 -1
1 7 -1 -1 -1 -1 -1 -1 -1 -1 -1 -1
1 8 -1 -1 -1 -1 -1 -1 -1 -1 -1 0.0116001
1 9 -1 -1 -1 -1 -1 -1 -1 -1 -1 -1
2 0 -1 -1 -1 -1 -1 -1 -1 -1 -1 -1
2 1 -1 -1 -1 -1 -1 -1 -1 -1 -1 -1
2 2 -1 -1 -1 -1 -1 -1 -1 -1 -1 -1
2 3 -1 -1 -1 -1 -0.000394127 -1 -1 -1 -1 -1
2 4 -1 -1 -1 -1 -1 0.000252321 -1 -1 -1 -1
2 5 -1 -1 -1 -1 -1 -1 -1 -1 -1 -1
2 6 -1 -1 -1 -1 -1 -1 -1 -1 -1 -1
2 7 -1 -1 -1 -1 -1 -1 -1 -1 -1 -1
2 8 -1 -1 -1 -1 -1 -1 -1 -1 -1 -1
2 9 -1 -1 -1 -1 -1 -1 -1 -1 -1 -1
3 0 -1 -1 -1 -1 -1 -1 -1 -1 -1 -1
3 1 -1 -1 -1 -1 -1 -1 -1 -1 -1 -1
3 2 -1 -1 -1 -1 -1 -1 -1 -1 -1 -1
3 3 -1 -1 -1 -0.000800975 -1 -1 -1 -1 -1 -1
3 4 -1 -1 -1 -1 -1 0.000341828 -1 -1 -1 -1
3 5 -1 -1 -1 -1 -1 -1 -1 -1 -1 -1
3 6 -1 -1 -1 -1 -1 -1 -1 -1 -1 -1
3 7 -1 -1 -1 -1 -1 -1 -1 -1 -1 -1
3 8 -1 -1 -1 -1 -1 -1 -1 -1 -1 -1
3 9 -1 -1 -1 -1 -1 -1 -1 -1 -1 -1
4 0 -1 -1 -1 -1 -1 -1 -1 -1 -1 -1
4 1 -1 -1 -1 -1 -1 -1 -1 -1 -1 -1
4 2 -1 -1 -1 -1 -1 -1 -1 -1 -1 -1
4 3 -1 -1 0.000410999 -1 -1 -1 -1 -1 -1 -1
4 4 -1 -1 -1 -0.000157153 0.000547619 -1 -1 -1 -1 -1
4 5 -1 -1 -1 -1 -1 -1 -1 -1 -1 -1
4 6 -1 -1 -1 -1 -1 -1 -1 0.000368386 -1 -1
4 7 -1 -1 -1 -1 -1 -1 -1 -1 -1 -1
4 8 -1 -1 -1 -1 -1 -1 -1 -1 -1 -1
4 9 -1 -1 -1 -1 -1 -1 -1 -1 -1 -1
5 0 -1 -1 -1 -1 -1 -1 -1 -1 -1 -1
5 1 -1 -1 -1 -1 -1 -1 -1 -1 -1 -1
5 2 -1 -1 -1 -1 -1 -1 -1 -1 -1 -1
5 3 -1 -1 -1 -1 -1 -1 -1 -1 -1 -1
5 4 -1 -1 -0.000216832 -0.00060286 -1 -1 -1 -1 -1 -1
5 5 -1 -1 -1 -1 -1 0.000539247 -1 -1 -1 -1
5 6 -1 -1 -1 -1 -1 0.0121754 -1 -1 -1 -1
5 7 -1 -1 -1 -1 -1 -1 -1 -1 -1 -1
5 8 -1 -1 -1 -1 -1 -1 -1 -1 -1 -1
5 9 -1 -1 -1 -1 -1 -1 -1 -1 -1 -1
6 0 -1 -1 -1 -1 -1 -1 -1 -1 -1 -1
6 1 -1 -1 -1 -1 -1 -1 -1 -1 -1 -1
6 2 -1 -1 -1 -1 -1 -1 -1 -1 -1 -1
6 3 -1 -1 -1 -1 -1 -1 -1 -1 -1 -1
6 4 -1 -1 -1 -1 -1 -1 -1 -1 -1 -1
6 5 -1 -1 0.00213888 -1 -1 -1 -1 -1 -1 -1
6 6 -1 -1 -1 -1 -1 -1 -1 -1 -1 -1
6 7 -1 -1 -1 -1 -1 -1 -1 -1 -1 -1
6 8 -1 -1 -1 -1 -1 -1 -1 -1 -1 -1
6 9 -1 -1 -1 -1 -1 -1 -1 -1 -1 0.00449714
7 0 -1 -1 -1 -1 -1 -1 -1 -1 -1 -1
7 1 -1 -1 -1 -1 -1 -1 -1 -1 -1 -1
7 2 -1 -1 -1 -1 -1 -1 -1 -1 -1 -1
7 3 -1 -1 -1 -1 -1 -1 -1 -1 -1 -1
7 4 -1 -1 -1 -1 -1 -1 -1 -1 -1 -1
7 5 -1 -1 -1 -1 -1 -1 -1 -1 -1 -1
7 6 -1 -1 -1 -1 -1 -1 -1 -1 -1 -1
7 7 -1 -1 0.0241683 -1 9.8663e-05 -1 -1 -1 -1 -1
7 8 -1 -1 -1 -1 -1 -1 -1 -1 -1 -1
7 9 -1 -1 -1 -1 -1 -1 -1 -1 -1 -1
8 0 -1 -1 -1 -1 -1 -1 -1 -1 -1 -1
8 1 -1 -1 -1 -1 -1 -1 -1 -1 -1 -1
8 2 0.00428074 -1 -1 -1 -1 -1 -1 -1 -1 -1
8 3 -1 -1 -1 -1 -1 -1 -1 -1 -1 -1
8 4 -1 -1 -1 -1 -1 -1 -1 -1 -1 -1
8 5 -1 -1 -1 -1 -1 -1 -1 -1 -1 -1
8 6 -1 -1 -1 0.00214797 -1 -1 -1 -1 -1 -1
8 7 -1 -1 -1 -1 -1 -1 -1 -1 -1 -1
8 8 -1 -1 -1 -1 -1 -1 -1 -1 -1 -1
8 9 -1 -1 -1 -1 -1 -1 -1 -1 -1 -1
9 0 -1 -1 -1 -1 -1 -1 -1 -1 -1 -1
9 1 -1 -1 -1 -1 -1 -1 -1 -1 -1 -1
9 2 -1 -1 -1 -1 -1 -1 -1 -1 -1 -1
9 3 -1 -1 -1 -1 -1 -1 -1 -1 -1 -1
9 4 -1 -1 -1 -1 -1 -1 -1 -1 -1 -1
9 5 -1 -1 -1 -1 -1 -1 -1 -1 -1 -1
9 6 -1 -1 -1 -1 -1 -1 -1 -1 -1 -1
9 7 -1 -1 -1 -1 -1 -1 -1 -1 -1 -1
9 8 0.0142001 -1 -1 -1 -1 -1 -1 -1 -1 -1
9 9 -1 0.0025519 -1 -1 -1 -1 -1 -1 -1 -1

5000 776 3.77731 1 0 7 -1 0 0 0
0 0 0.552181 0.757917 1.20241 1.70774 2.0577 2.21238 2.75547 3.40789 3.74435 2.22061
0 1 0.0642787 0.473554 0.842065 0.990831 1.46966 1.18546 1.40375 1.76659 0.47195 2.09305
0 2 -0.00065378 0.0177875 0.51413 0.800629 1.32868 1.53165 1.65419 1.81754 2.144 0.0623277
0 3 -0.000939583 -0.000111347 0.00731091 0.377401 0.689704 1.00905 1.23187 1.41062 2.07726 0.118078
0 4 -1 -2.96735e-05 -7.85098e-05 0.00202601 0.267561 0.603125 0.684066 1.38991 1.48715 0.23541
0 5 -1 -1 0.00130103 0.00202385 0.00859095 0.182764 0.307108 0.532123 1.22568 0.163226
0 6 -1 -1 0.00067825 0.000224083 0.00073962 0.0008397 0.12161 0.459212 0.854003 0.297331
0 7 -1 -1 9.23939e-06 0.000267971 -1 0.000474655 0.000808628 0.0487994 0.784328 0.611838
0 8 -1 -1 -1 -1 -1 0.000608959 0.00088105 0.00058893 0.179923 0.500128
0 9 -1 -1 -1 -1 -1 -1 -1 0.00862721 0.0250912 0.223638
1 0 0.863126 1.10228 1.54983 1.89707 2.01392 2.69482 2.93054 3.77731 3.77301 -1
1 1 0.281875 0.67195 1.17347 1.70902 1.74573 2.09601 2.18693 2.68669 0.0736718 0.00417506
1 2 0.0207941 0.0211239 0.616127 1.16295 1.4788 1.90691 2.04237 2.39858 2.22182 0.000878327
1 3 1.89946e-05 0.000976512 0.0364061 0.403521 1.06292 1.34637 1.54032 2.03591 2.08491 0.0143851
1 4 -3.86573e-05 0.00046731 0.000906376 0.124457 0.24649 0.80035 1.16682 1.57106 1.74784 0.0161804
1 5 -1 0.00204592 0.00283329 0.00200599 0.0116574 0.250025 0.620772 1.13836 1.28404 1.44198
1 6 -1 0.000441217 0.00194622 0.00171934 0.00162176 0.0144484 0.366997 0.588634 1.18763 0.0510311
1 7 -1 0.000919056 0.000381748 -1 0.00109148 0.00144411 0.0101775 0.408317 0.642275 0.748085
1 8 -1 -1 -1 -1 -1 0.000315326 0.00102486 0.147145 0.527407 0.478988
1 9 -1 -1 -1 -1 -1 0.00864774 0.0226583 0.0182311 0.0463731 0.22801
2 0 1.06605 1.46545 2.03816 2.12067 2.52142 3.09102 3.73276 3.74689 -1 -1
2 1 0.5602 0.798078 1.34381 1.8021 2.30027 2.61181 2.54779 2.80078 -1 -1
2 2 0.230896 0.472357 0.517542 1.46383 2.02474 2.15887 2.73572 2.75548 0.00929748 0.0056505
2 3 0.0167684 0.0169761 0.244757 0.214829 1.0124 1.8325 2.23015 2.32322 2.28439 0.0110312
2 4 -1 0.000918581 0.00567051 0.112055 0.287234 1.44743 2.06677 1.85728 1.47187 0.012728
2 5 -1 0.000690336 0.00356251 0.00213951 0.013555 0.372973 0.808151 1.61322 1.46414 0.0284402
2 6 -1 0.00112675 0.00177413 0.0130355 0.00115306 0.0263104 0.398545 1.10805 1.03965 0.982564
2 7 -1 0.000923589 0.00107005 0.00198357 0.00138055 0.00116687 0.0657385 0.515256 0.767969 0.753642
2 8 -1 -1 -1 -1 -0.000263703 0.000226102 0.0328659 0.0488118 0.378401 0.510365
2 9 -1 -1 -1 -1 -1 0.00882018 0.0181136 0.0396563 0.119582 0.213961
3 0 1.43828 1.69955 2.09869 2.45235 2.89789 3.66251 3.68476 -1 -1 -1
3 1 0.834416 1.33806 1.50984 2.33424 2.778 3.09711 2.63725 2.25197 -1 -1
3 2 0.751863 0.978666 1.23805 1.52509 2.23048 2.71209 2.61265 2.24195 -1 -1
3 3 0.166664 0.356247 0.408914 0.745867 1.56661 2.3287 2.3013 2.23654 0.0892482 1.55813
3 4 0.000600119 0.0740876 0.0858036 0.172148 0.350319 0.935246 1.78483 1.58818 1.80058 0.00448039
3 5 -1 0.000480052 0.00782989 0.00774519 0.0373329 0.42476 0.731424 1.52243 1.45728 0.0124761
3 6 -1 0.00164809 0.00838969 0.00489988 0.0106911 0.171988 1.26097 1.31048 1.13937 0.284652
3 7 0.000179796 0.00131882 0.000511403 0.000764839 0.00638324 0.0368723 0.0287626 0.384188 0.949549 0.784803
3 8 -1 -1 -1 -1 0.00865459 0.022103 0.0570481 0.191432 0.624256 0.572582
3 9 -1 -1 -1 -1 0.0230806 0.00888006 0.0324489 0.0430644 0.0241083 0.243536
4 0 1.59786 1.96649 2.61875 2.97162 3.67821 3.65555 0.787259 -1 -1 -1
4 1 0.83035 1.51778 2.19522 2.67476 3.1707 3.19111 2.14535 -1 -1 -1
4 2 0.843127 1.29512 1.64715 2.02564 2.72783 2.69867 2.93344 1.97104 -1 -1
4 3 0.77353 0.809372 0.687314 1.3335 2.49309 2.2292 1.96142 1.89849 0.875173 -1
4 4 0.0737735 0.197757 0.383455 0.181922 0.650065 1.03685 1.95172 1.60594 1.82529 0.00516095
4 5 0.00865441 0.00881406 0.093227 0.171417 0.242809 0.173955 1.29766 1.37123 1.49484 0.00968411
4 6 -0.000416843 0.00201558 0.0120686 0.0116431 0.0325695 0.0992167 0.833495 1.15467 1.1693 1.09162
4 7 0.000232537 0.00129199 0.00140602 0.00776096 0.257705 0.0882622 0.0280079 0.876849 0.883967 0.726666
4 8 -4.60947e-05 -1 0.000952031 -0.00049073 0.0372999 0.0440916 0.0275463 0.575291 0.620785 0.520767
4 9 -1 -1 -1 0.0184582 0.0214455 0.124381 0.0307195 0.0215729 0.0257871 0.272285
5 0 2.18422 2.07009 3.11793 3.74791 3.68411 -1 -1 -1 -1 -1
5 1 0.891176 1.66643 2.2491 3.0369 3.06509 2.6046 -1 -1 -1 -1
5 2 0.787856 1.55369 1.72607 2.77481 2.85519 2.73497 2.01096 -1 -1 -1
5 3 0.804405 1.16493 1.63875 2.09904 1.92614 2.19483 2.30091 2.32486 -1 -1
5 4 0.543909 0.530794 0.782877 0.890302 1.7236 2.08362 1.64751 1.62695 1.50392 -1
5 5 0.188555 0.31303 0.402115 0.294953 0.831266 0.929618 1.46364 1.57109 1.54218 0.0016645
5 6 0.000818099 0.00726232 0.0471739 0.0219172 0.0382861 0.380173 0.327613 1.13965 1.12233 0.00525238
5 7 0.000495897 0.0135661 0.00905136 0.0157401 0.0446661 0.041755 0.820908 0.95322 0.739917 0.615609
5 8 -0.000670931 -0.000167767 0.000239387 0.0274252 0.0916965 0.0323475 0.200561 0.477764 0.595279 0.527503
5 9 -1 0.0085514 0.00855438 0.0219718 0.0223439 0.0252139 0.0219466 0.0521227 0.04549 0.238047
6 0 2.64324 3.32125 3.76174 3.74937 0.288933 -1 -1 -1 -1 -1
6 1 1.62624 2.00058 2.89123 3.03186 2.8967 1.34959 -1 -1 -1 -1
6 2 1.47337 2.16268 2.67643 2.72264 2.44759 2.46872 -1 -1 -1 -1
6 3 1.03064 1.49089 2.32996 2.3682 2.34737 2.40305 2.29653 -1 -1 -1
6 4 0.746144 0.908825 1.90169 1.78992 1.44776 2.10406 1.92603 1.28731 -1 -1
6 5 0.541956 0.621296 0.737983 1.10172 0.851539 1.08948 1.43185 1.44844 1.15907 -1
6 6 0.010866 0.255606 0.158634 0.567033 0.393745 0.503822 1.28374 1.19495 1.07372 0.00573459
6 7 0.000505215 0.00915274 0.0299408 0.292244 0.0291022 0.250085 0.156049 0.775598 0.873252 0.861066
6 8 0.000274739 0.00926658 0.0255876 0.0417 0.39267 0.0221112 0.222209 0.192304 0.616349 0.498481
6 9 -1 0.00865488 0.0198965 0.084677 0.0617211 0.027485 0.018623 0.0232154 0.108581 0.250686
7 0 3.5719 3.75255 3.76308 -1 -1 -1 -1 -1 -1 -1
7 1 1.99361 2.86924 2.77238 2.50467 -1 -1 -1 -1 -1 -1
7 2 1.01344 2.55037 2.52701 2.4857 1.32633 -1 -1 -1 -1 -1
7 3 1.2506 2.16624 2.29168 2.15499 2.4871 2.13395 -1 -1 -1 -1
7 4 0.914022 1.8129 1.98755 1.88779 2.01223 1.89704 1.94661 -1 -1 -1
7 5 0.768362 1.5512 1.63547 1.37717 1.26716 1.75156 1.44934 1.42221 -1 -1
7 6 0.364576 1.28161 0.838282 0.803937 0.857729 1.22909 1.39631 1.30535 0.928342 0.909805
7 7 0.075415 0.429985 0.468994 0.489568 0.674869 0.165101 0.45873 0.623573 0.787654 0.794345
7 8 0.0112702 0.0258346 0.0336764 0.0738154 0.0960792 0.0571929 0.638575 0.239097 0.465568 0.455667
7 9 0.00867466 0.0173637 0.0271823 0.0299299 0.0263909 0.075822 0.019027 0.150437 0.0663588 0.249442
8 0 3.76047 3.73764 -1 -1 -1 -1 -1 -1 -1 -1
8 1 1.07004 0.450936 0.315723 -1 -1 -1 -1 -1 -1 -1
8 2 1.08261 1.74926 0.207712 0.000625944 -1 -1 -1 -1 -1 -1
8 3 1.11324 1.9831 2.07537 2.1165 2.0808 0.595422 -1 -1 -1 -1
8 4 1.87557 1.77834 1.6644 0.563355 1.75318 1.56023 0.514111 -1 -1 -1
8 5 1.27734 1.57923 1.11419 1.2786 1.54469 1.52564 1.55296 -1 -1 -1
8 6 1.07848 1.25749 1.21687 1.19233 1.26897 1.22135 1.26155 1.11612 -1 -1
8 7 0.924497 0.857886 0.788012 0.833117 0.742306 0.978318 0.861505 0.727643 0.45899 -1
8 8 0.528122 0.373067 0.485638 0.286296 0.21322 0.33427 0.619664 0.475153 0.524201 0.480923
8 9 0.0181376 0.033652 0.112893 0.040608 0.0212629 0.0729854 0.20823 0.0809445 0.0975945 0.250091
9 0 3.1911 -1 -1 -1 -1 -1 -1 -1 -1 -1
9 1 0.11796 -1 -1 -1 -1 -1 -1 -1 -1 -1
9 2 0.128305 0.119054 0.00671883 -1 -1 -1 -1 -1 -1 -1
9 3 0.152565 0.127998 0.151327 0.00317816 -1 -1 -1 -1 -1 -1
9 4 0.206575 0.148104 0.158592 0.163471 0.101517 -1 -1 -1 -1 -1
9 5 1.26439 0.138975 0.194292 0.144024 0.169761 0.176895 -1 -1 -1 -1
9 6 0.842175 0.19165 0.726511 0.619371 0.713211 0.292675 0.199143 -1 -1 -1
9 7 0.800937 0.73463 0.890002 0.87866 0.803169 0.764183 0.822427 0.641037 -1 -1
9 8 0.485426 0.392906 0.570911 0.563767 0.555433 0.56128 0.575904 0.632105 0.401301 0.000166952
9 9 0.215269 0.188068 0.208834 0.227616 0.258869 0.255584 0.264723 0.272673 0.259523 0.170239

10000 792 3.78568 1 0 7 -1 0 0 0
0 0 0.572637 0.933086 1.2309 1.70774 2.07415 2.43311 2.75547 3.40846 3.76772 2.41008
0 1 0.13293 0.473554 0.842065 1.09394 1.48688 1.66928 2.09046 1.92417 3.00427 2.09305
0 2 0.000795559 0.0752675 0.51413 0.800629 1.32868 1.53165 1.65419 1.81754 2.144 0.0623277
0 3 0.00206779 0.000608511 0.0942081 0.400644 0.807221 1.00905 1.51277 1.79413 2.07726 0.118078
0 4 -1 0.000929684 0.00131234 0.0545302 0.267561 0.603125 0.813944 1.38991 1.73188 0.23541
0 5 -1 -1 0.00130103 0.00202385 0.00859095 0.182764 0.699949 1.12523 1.5994 1.4767
0 6 -1 -1 0.00102595 0.000224083 0.0175802 0.0153371 0.153298 0.601788 1.19651 1.1977
0 7 -1 -1 9.23939e-06 0.000267971 0.000464659 0.00783521 0.000808628 0.0682071 0.784328 0.737335
0 8 -1 -1 -1 -1 -1 0.000608959 0.00088105 0.0662355 0.213412 0.500128
0 9 -1 -1 -1 -1 -1 -1 0.00910494 0.00862721 0.0268985 0.238174
1 0 0.863126 1.28841 1.54983 1.89707 2.31207 2.69482 3.15447 3.78568 3.77301 -1
1 1 0.381886 0.870715 1.26615 1.70902 1.84476 2.4066 2.38702 3.1067 3.1422 0.00512463
1 2 0.0207941 0.145413 0.616127 1.39512 1.4788 1.90691 2.34799 2.5131 2.71036 0.00822632
1 3 0.000323781 0.00835969 0.255535 0.594494 1.09935 1.42464 1.54032 2.29388 2.23664 0.0189761
1 4 -3.86573e-05 0.00046731 0.00227994 0.124457 0.402018 0.949633 1.16682 1.87301 1.74784 0.0192835
1 5 -1 0.00204592 0.00283329 0.00281371 0.0629594 0.250688 0.729028 1.45913 1.54355 1.44198
1 6 -1 0.00049599 0.00194622 0.00171934 0.00162176 0.256613 0.388375 0.753214 1.18763 0.656331
1 7 -1 0.000919056 0.000381748 -0.000384377 0.00120641 0.00159147 0.111548 0.408317 0.854477 0.764875
1 8 -1 -1 -1 -1 -1 0.000422638 0.00231947 0.147145 0.590383 0.585974
1 9 -1 -1 -1 -1 -1 0.00864774 0.0226583 0.0182311 0.1285 0.228571
2 0 1.19821 1.6238 2.03816 2.25804 2.60932 3.09102 3.73439 3.76819 -1 -1
2 1 0.578437 0.924226 1.56501 2.02246 2.30027 2.61181 3.03706 2.80078 0.00079167 -1
2 2 0.230896 0.472357 0.871793 1.46383 2.02474 2.20748 2.73572 2.75548 2.65897 0.0056505
2 3 0.0167684 0.0782455 0.671379 0.639192 1.42258 1.9545 2.23015 2.32322 2.28439 0.0110312
2 4 0.000955769 0.00122866 0.0074114 0.112055 0.489677 1.44743 2.06677 1.88523 1.89048 0.012728
2 5 -1 0.00200636 0.00359807 0.0121807 0.308413 0.492775 0.996347 1.64743 1.51375 0.41964
2 6 -0.000588521 0.00112675 0.00195108 0.0130355 0.122418 0.454199 0.445208 1.32686 1.16259 1.25019
2 7 -1 0.00100419 0.00107005 0.00198357 0.00138055 0.14367 0.121985 0.842685 0.983425 0.886904
2 8 -1 -1 -1 -1 -0.000107072 0.00106614 0.0328659 0.583351 0.542262 0.510365
2 9 -1 -1 -1 -1 -1 0.00882018 0.0754919 0.0906772 0.177183 0.231746
3 0 1.54072 2.03952 2.44914 2.90871 2.96023 3.69651 3.68831 -1 -1 -1
3 1 0.89953 1.33806 1.77011 2.33424 2.778 3.09711 3.03454 2.48144 -1 -1
3 2 0.751863 0.978666 1.23805 1.9788 2.34423 2.76788 2.78241 2.3451 2.54659 -1
3 3 0.166664 0.356247 0.468798 1.05319 1.56661 2.48953 2.3013 2.23654 2.2948 1.55813
3 4 0.000807956 0.209908 0.0858036 0.341969 0.592864 0.935246 1.99509 2.06981 1.80058 0.00501007
3 5 4.35569e-05 0.00816228 0.0529438 0.554734 0.103367 0.58549 1.44254 1.52243 1.62083 0.382508
3 6 -1 0.00164809 0.00838969 0.00489988 0.871251 0.743884 1.26097 1.31048 1.20191 1.00959
3 7 0.000179796 0.0013356 0.00130326 0.000764839 0.0144924 0.13015 0.532953 0.819132 0.949549 0.889121
3 8 -1 5.26376e-06 -1 -1 0.00865459 0.0222173 0.0570481 0.562824 0.624256 0.618313
3 9 -1 -1 -1 0.00884683 0.0230806 0.0152419 0.213344 0.0430644 0.218614 0.243536
4 0 1.78611 2.08078 2.69135 2.97162 3.68412 3.68161 3.3457 -1 -1 -1
4 1 1.12243 1.63737 2.19522 2.67476 3.24429 3.19111 2.23305 -1 -1 -1
4 2 0.843127 1.29512 1.64715 2.30256 2.72783 2.69867 2.93344 2.16921 -1 -1
4 3 0.77353 1.2628 0.881366 1.44444 2.49309 2.39567 2.4066 2.07157 2.15621 -1
4 4 0.231507 0.300514 0.596559 0.640131 0.85851 1.26394 1.95172 1.81088 2.03793 1.89378
4 5 0.00865441 0.022231 0.880608 0.417057 0.612246 1.29182 1.78392 1.55653 1.49484 1.60515
4 6 -0.000176734 0.00851168 0.0201361 0.255555 0.890158 1.19731 1.26638 1.27482 1.24815 1.09162
4 7 0.000954842 0.00149635 0.00195 0.0210752 0.257705 0.523319 0.342029 0.900506 0.939626 0.748865
4 8 -4.60947e-05 -1 0.000952031 0.000307909 0.0372999 0.0624865 0.133719 0.575291 0.620785 0.562885
4 9 -1 -1 -1 0.0184582 0.152078 0.175697 0.205461 0.181646 0.227601 0.272285
5 0 2.18422 2.35912 3.17718 3.74791 3.69492 1.58141 -1 -1 -1 -1
5 1 1.22353 2.15389 2.53591 3.21746 3.17903 2.9392 -1 -1 -1 -1
5 2 1.33584 1.73477 1.86521 2.77481 2.86068 2.74898 2.4417 -1 -1 -1
5 3 0.804405 1.16493 1.63875 2.09904 2.36249 2.54478 2.40181 2.32486 -1 -1
5 4 0.644096 0.740754 1.01281 1.80504 1.7529 2.08362 2.10667 1.90446 1.70465 -1
5 5 0.188555 0.405293 0.402115 0.563701 1.52592 1.12755 1.58779 1.67655 1.5536 1.56165
5 6 0.000818099 0.0511496 0.244212 0.829731 0.545174 0.709716 1.2194 1.19747 1.20955 1.35726
5 7 0.000672466 0.0135661 0.00905136 0.382361 0.191039 0.77271 0.820908 0.95322 0.961868 0.650825
5 8 -0.000245393 -0.000167767 0.0139849 0.0760163 0.346231 0.301467 0.200561 0.555635 0.598678 0.590993
5 9 -1 0.0085514 0.0194318 0.0219718 0.0693173 0.227187 0.0901386 0.0521227 0.226299 0.256478
6 0 2.64324 3.32125 3.76174 3.74937 0.288933 -1 -1 -1 -1 -1
6 1 1.6724 2.32442 3.2549 3.09133 3.08589 1.34959 -1 -1 -1 -1
6 2 1.47337 2.16268 2.67643 2.74165 2.73098 2.70834 -1 -1 -1 -1
6 3 1.1214 1.55423 2.3561 2.41803 2.45276 2.40305 2.29653 -1 -1 -1
6 4 0.955529 1.21332 1.90169 1.90783 1.93367 2.10406 2.06424 1.8682 -1 -1
6 5 0.670714 0.726207 1.04277 1.17908 1.62344 1.38559 1.71166 1.66233 1.28325 -1
6 6 0.0897292 0.507389 0.964209 1.0911 0.968339 1.20182 1.28374 1.20225 1.17636 1.28385
6 7 0.00858222 0.187083 0.689416 0.571709 0.419522 0.555577 0.8013 0.775598 0.873252 0.952109
6 8 0.0183635 0.0255571 0.106151 0.546194 0.448974 0.122215 0.359486 0.399964 0.616349 0.555856
6 9 0.018215 0.0182826 0.0198965 0.084677 0.133685 0.0852807 0.0787823 0.211868 0.12496 0.250686
7 0 3.5719 3.7629 3.76308 -1 -1 -1 -1 -1 -1 -1
7 1 2.03086 2.86924 2.81503 2.77534 -1 -1 -1 -1 -1 -1
7 2 1.14481 2.55037 2.61231 2.60273 2.39104 0.452931 -1 -1 -1 -1
7 3 1.48114 2.17288 2.39186 2.18925 2.4871 2.36863 -1 -1 -1 -1
7 4 1.14733 1.99452 2.07608 1.91435 2.01223 2.11467 1.98479 0.739221 -1 -1
7 5 0.884649 1.62224 1.64267 1.67598 1.63052 1.75156 1.7229 1.76914 -1 -1
7 6 0.414819 1.28161 1.13137 0.908863 1.32071 1.34337 1.39631 1.30535 1.12178 0.909805
7 7 0.0848746 0.55674 0.638559 0.589195 0.674869 0.528186 1.01213 0.780749 1.0053 0.940055
7 8 0.0112702 0.162009 0.281549 0.232208 0.199748 0.456191 0.638575 0.620594 0.619406 0.616253
7 9 0.0137345 0.0702303 0.119368 0.104224 0.0949191 0.171454 0.0661871 0.168163 0.222578 0.254907
8 0 3.76047 3.75384 -1 -1 -1 -1 -1 -1 -1 -1
8 1 1.67312 2.7058 2.64746 0.510591 -1 -1 -1 -1 -1 -1
8 2 1.08261 2.39601 2.50183 0.343175 -1 -1 -1 -1 -1 -1
8 3 1.95322 2.23216 2.13767 2.19342 2.0808 0.595422 -1 -1 -1 -1
8 4 1.87557 1.77834 1.88323 1.79779 1.89797 1.88071 0.514111 -1 -1 -1
8 5 1.54441 1.62515 1.5299 1.52765 1.55561 1.64652 1.55296 -1 -1 -1
8 6 1.07848 1.27458 1.21687 1.19233 1.26897 1.26125 1.35617 1.24344 -1 -1
8 7 0.924497 0.912519 0.924768 0.954306 0.951263 0.999169 1.00741 0.948614 0.867602 -1
8 8 0.528122 0.485813 0.485638 0.584982 0.624818 0.606435 0.636482 0.587114 0.524201 0.496046
8 9 0.022636 0.0473138 0.188196 0.117133 0.11043 0.123653 0.20823 0.16231 0.236109 0.250091
9 0 3.63853 -1 -1 -1 -1 -1 -1 -1 -1 -1
9 1 2.00347 -1 -1 -1 -1 -1 -1 -1 -1 -1
9 2 0.128305 0.119054 0.00671883 -1 -1 -1 -1 -1 -1 -1
9 3 0.188508 0.137207 0.151327 0.0762873 -1 -1 -1 -1 -1 -1
9 4 0.251012 0.155705 0.158592 0.163471 0.155739 -1 -1 -1 -1 -1
9 5 1.26439 0.164702 0.194292 0.156554 0.189132 0.176895 -1 -1 -1 -1
9 6 0.849679 0.989603 0.958118 0.979588 0.929167 0.961288 0.247915 0.945913 -1 -1
9 7 0.850641 0.73463 0.890002 0.87866 0.803169 0.875086 0.902176 0.748345 -1 -1
9 8 0.505747 0.528368 0.595366 0.581571 0.587494 0.580978 0.596329 0.632105 0.481811 0.199115
9 9 0.231361 0.239914 0.270427 0.25791 0.267968 0.275801 0.264723 0.272673 0.274103 0.197732

15000 800 3.78568 1 0 7 -1 0 0 0
0 0 0.572637 0.933086 1.33039 1.70774 2.07415 2.57521 3.08791 3.40846 3.76772 2.87033
0 1 0.13293 0.535435 0.842065 1.11014 1.6191 2.03967 2.09046 2.5975 3.11252 2.09305
0 2 0.000795559 0.0752675 0.532338 0.800629 1.32868 1.53165 1.85959 1.94701 2.6119 0.0623277
0 3 0.00206779 0.000759862 0.0942081 0.413266 0.807221 1.0373 1.58026 1.79413 2.40068 1.80949
0 4 -1 0.000929684 0.00131234 0.0545302 0.316304 0.774786 0.983885 1.38991 2.00878 1.7619
0 5 -1 -1 0.00177679 0.00202385 0.00859095 0.251572 0.699949 1.12523 1.5994 1.55696
0 6 -1 -1 0.0015064 0.000224083 0.0175802 0.171463 0.19915 0.601788 1.19651 1.23935
0 7 -1 -1 9.23939e-06 0.000267971 0.000464659 0.00783521 0.00842942 0.0988229 0.784328 0.965177
0 8 -1 -1 -1 -1 -1 0.000757591 0.0277467 0.0662355 0.213412 0.580512
0 9 -1 -1 -1 -1 -1 -1 0.00910494 0.00864284 0.0268985 0.25019
1 0 0.911153 1.28841 1.56297 1.90008 2.31207 2.70061 3.15447 3.78568 3.77301 -1
1 1 0.449946 0.890802 1.28108 1.70902 1.84476 2.4066 2.63247 3.1067 3.1422 0.00512463
1 2 0.0207941 0.151079 0.68038 1.39512 1.61328 1.90691 2.34799 2.75117 2.71036 0.0126559
1 3 0.000447866 0.00835969 0.255535 0.594494 1.14981 1.42464 1.67573 2.29388 2.23664 1.64658
1 4 0.000172727 0.00107239 0.00911246 0.124457 0.632706 0.949633 1.42353 1.87301 1.91389 1.24354
1 5 -1 0.00204592 0.00283329 0.00281672 0.063723 0.33912 0.984041 1.45913 1.54355 1.44198
1 6 -1 0.00089822 0.00237375 0.00201342 0.00162176 0.640471 0.388375 0.753214 1.2036 1.0953
1 7 -1 0.000919056 0.000381748 -1.05447e-05 0.00120641 0.00159147 0.226409 0.408317 0.875211 0.847519
1 8 -1 -1 -1 -1 -2.51327e-05 0.00630195 0.0139984 0.18725 0.590383 0.585974
1 9 -1 -1 -1 0.0660401 -1 0.00864774 0.0226583 0.0182311 0.224685 0.243806
2 0 1.20763 1.6238 2.03816 2.30527 2.63412 3.19108 3.74351 3.76819 -1 -1
2 1 0.578437 0.924226 1.58563 2.09097 2.30027 2.61181 3.08694 3.29165 0.00079167 -1
2 2 0.40004 0.774662 1.14634 1.46383 2.02474 2.34795 2.76242 2.75548 2.68661 0.00656878
2 3 0.0167684 0.0950598 0.671379 0.639192 1.77951 1.9545 2.23015 2.32322 2.28439 0.0114568
2 4 0.000955769 0.00122866 0.245584 0.280428 0.496986 1.44743 2.06677 1.88523 2.01823 0.0156958
2 5 -1 0.00200636 0.0275129 0.087876 0.308413 0.505745 0.996347 1.69992 1.51375 1.6634
2 6 -0.000588521 0.00112675 0.00201972 0.0130355 0.122418 0.454199 0.742393 1.32686 1.16259 1.27749
2 7 0.000169335 0.00115494 0.00107005 0.00198357 0.00138055 0.160538 0.284348 0.927461 0.983425 0.886904
2 8 -1 -1 -1 -1 -2.1135e-05 0.0086174 0.192419 0.583351 0.596097 0.536
2 9 -1 -1 -1 -1 0.00901539 0.00882018 0.0754919 0.191695 0.205287 0.263209
3 0 1.74125 2.08979 2.44914 2.90871 3.00616 3.7124 3.72229 -1 -1 -1
3 1 0.959837 1.33806 1.87677 2.40061 2.778 3.09711 3.1137 2.48144 -1 -1
3 2 0.892111 0.978666 1.23805 2.0113 2.39821 2.86565 2.78241 2.76861 2.59033 -1
3 3 0.238019 0.356247 0.792897 1.20488 1.56661 2.48953 2.40287 2.40722 2.30795 1.55813
3 4 0.00100366 0.209908 0.295826 0.880323 1.37128 1.74514 2.00853 2.06981 1.91093 0.00501007
3 5 4.35569e-05 0.00816228 0.223351 0.563642 0.595145 0.995479 1.44254 1.72939 1.62083 1.59618
3 6 0.000488416 0.00181227 0.00838969 0.36393 0.871251 0.743884 1.26097 1.31048 1.20191 1.01116
3 7 0.000179796 0.0644836 0.00130326 0.219645 0.0144924 0.280099 0.865911 0.91856 1.00493 0.928185
3 8 -1 5.26376e-06 -1 -1 0.00865459 0.120418 0.476943 0.575247 0.624256 0.618313
3 9 -1 -1 -1 0.00884683 0.0230806 0.219176 0.213344 0.190197 0.218614 0.268696
4 0 1.97491 2.2654 2.69135 3.15442 3.69914 3.68635 3.3457 -1 -1 -1
4 1 1.27911 1.71118 2.37356 2.7923 3.24429 3.19111 2.91505 -1 -1 -1
4 2 0.843127 1.34069 1.64715 2.30256 2.86015 2.80691 2.93344 2.16921 -1 -1
4 3 0.77353 1.2628 0.973105 1.54932 2.49309 2.44102 2.58154 2.43138 2.16776 -1
4 4 0.231507 0.300514 0.949316 0.640131 0.936475 1.84332 1.95172 1.94881 2.03793 1.89378
4 5 0.00865441 0.022231 0.880608 0.756362 1.12605 1.29182 1.78392 1.55653 1.49484 1.60515
4 6 0.000334204 0.0103945 0.103112 0.57396 0.890158 1.19731 1.26638 1.29423 1.24815 1.23815
4 7 0.000954842 0.00525325 0.00195 0.132872 0.295818 0.882841 0.762557 0.966369 0.939626 0.835744
4 8 0.000147294 -1 0.00859184 0.000307909 0.226415 0.434501 0.556797 0.575291 0.620785 0.611611
4 9 -1 -1 -1 0.0184582 0.152078 0.175697 0.205461 0.185552 0.237764 0.281635
5 0 2.34071 2.69604 3.45972 3.74976 3.70787 1.58902 -1 -1 -1 -1
5 1 1.22353 2.15389 2.58888 3.36873 3.33624 3.08728 -1 -1 -1 -1
5 2 1.33584 1.73477 1.86521 2.94474 2.86068 2.83106 2.70574 -1 -1 -1
5 3 1.00267 1.24595 1.63875 2.14115 2.52478 2.54478 2.52173 2.32486 -1 -1
5 4 0.644096 0.917611 1.15317 1.80504 1.92438 2.08362 2.10667 2.20217 1.73193 -1
5 5 0.188555 0.615107 0.828791 0.976631 1.52592 1.22351 1.61151 1.67655 1.67846 1.70752
5 6 0.00299533 0.0523812 0.244212 0.829731 1.37102 0.780188 1.2194 1.21568 1.23645 1.35726
5 7 0.000958206 0.382359 0.0182389 0.382361 0.80369 0.77271 0.858089 1.02424 0.961868 0.851336
5 8 0.0964035 0.000789274 0.0139849 0.114049 0.372264 0.532099 0.386216 0.555635 0.598678 0.590993
5 9 -1 0.0085514 0.0194318 0.0219718 0.18338 0.227187 0.235519 0.0864686 0.226299 0.280141
6 0 2.64324 3.37593 3.77376 3.75307 2.85534 -1 -1 -1 -1 -1
6 1 1.73023 2.32442 3.30113 3.19307 3.13086 1.34959 -1 -1 -1 -1
6 2 1.47337 2.16268 2.67643 2.78205 2.77829 2.72856 -1 -1 -1 -1
6 3 1.1214 1.55423 2.3561 2.41803 2.45276 2.42507 2.29653 -1 -1 -1
6 4 0.955529 1.21332 2.0046 1.9478 1.99943 2.10406 2.06424 2.01548 -1 -1
6 5 0.670714 0.807977 1.14892 1.47869 1.64683 1.65676 1.71166 1.68721 1.28888 1.37542
6 6 0.183138 0.507389 0.964209 1.31572 0.968339 1.20182 1.28374 1.20225 1.24436 1.30908
6 7 0.0756839 0.187083 0.689416 0.571709 0.911344 0.555577 0.8013 0.949804 0.954293 0.973264
6 8 0.0183635 0.0255571 0.247984 0.546194 0.533552 0.355342 0.534133 0.578673 0.616349 0.609465
6 9 0.018215 0.0182826 0.0198965 0.160165 0.133685 0.0852807 0.0851947 0.211868 0.232932 0.263898
7 0 3.5719 3.77771 3.77762 -1 -1 -1 -1 -1 -1 -1
7 1 2.59512 2.91091 2.87458 3.04863 2.99972 -1 -1 -1 -1 -1
7 2 1.69932 2.65343 2.62594 2.60273 2.6105 0.452931 -1 -1 -1 -1
7 3 1.48114 2.19004 2.39186 2.46716 2.4871 2.36863 -1 -1 -1 -1
7 4 1.20831 1.99452 2.07608 1.94417 2.13244 2.11467 2.00899 0.739221 -1 -1
7 5 0.884649 1.62224 1.64267 1.67598 1.6819 1.75156 1.7229 1.76914 -1 -1
7 6 0.414819 1.28161 1.20203 1.28892 1.37012 1.34337 1.41023 1.30535 1.12178 0.909805
7 7 0.110485 0.55674 0.807113 0.625042 0.674869 0.528186 1.01213 0.783898 1.0053 0.940055
7 8 0.169036 0.162009 0.281549 0.391736 0.278873 0.456191 0.638575 0.620594 0.619406 0.619681
7 9 0.0137345 0.0702303 0.119368 0.104224 0.105286 0.171454 0.0661871 0.1766 0.222578 0.277976
8 0 3.76617 3.7836 -1 -1 -1 -1 -1 -1 -1 -1
8 1 2.08888 2.7058 2.64746 0.510591 -1 -1 -1 -1 -1 -1
8 2 2.31823 2.39601 2.50183 0.437521 -1 -1 -1 -1 -1 -1
8 3 1.96031 2.23216 2.17971 2.19342 2.22745 0.595422 -1 -1 -1 -1
8 4 1.87557 1.81912 1.88323 1.90546 1.89797 1.88071 0.586841 -1 -1 -1
8 5 1.54441 1.62515 1.5299 1.53643 1.58055 1.64652 1.59025 -1 -1 -1
8 6 1.18605 1.32123 1.21687 1.25261 1.26897 1.33193 1.35617 1.24344 -3.17029e-05 -1
8 7 0.924497 0.912519 0.95434 0.954306 0.951263 0.999169 1.00741 0.948614 0.867602 -1
8 8 0.528122 0.485813 0.587579 0.584982 0.624818 0.625283 0.649507 0.660262 0.631931 0.565145
8 9 0.022636 0.107899 0.220643 0.117133 0.11043 0.123653 0.261187 0.195825 0.236109 0.261375
9 0 3.68004 -1 -1 -1 -1 -1 -1 -1 -1 -1
9 1 2.28187 -1 -1 -1 -1 -1 -1 -1 -1 -1
9 2 0.167264 0.175979 0.109313 -1 -1 -1 -1 -1 -1 -1
9 3 0.283025 0.164567 0.151327 0.0762873 -1 -1 -1 -1 -1 -1
9 4 0.251012 0.187898 0.177924 0.163471 0.155739 -1 -1 -1 -1 -1
9 5 1.29845 0.164702 0.194292 0.734091 0.189132 0.176895 -1 -1 -1 -1
9 6 1.02346 0.989603 1.01786 1.04587 1.09869 1.02054 1.04178 0.945913 -1 -1
9 7 0.911804 0.73463 0.908071 0.882055 0.851719 0.875086 0.975351 0.793351 -1 -1
9 8 0.505747 0.528368 0.603248 0.613685 0.587494 0.619645 0.596329 0.632105 0.600978 0.233175
9 9 0.231361 0.242475 0.270427 0.264349 0.284494 0.275801 0.274724 0.272673 0.274103 0.25001

20000 805 3.78843 7 0 1 -1 0 0 0
0 0 0.572637 1.03272 1.33039 1.75313 2.22185 2.5841 3.08791 3.53622 3.76772 3.19398
0 1 0.13293 0.551036 0.842065 1.26846 1.70037 2.03967 2.09046 2.5975 3.11252 2.15994
0 2 0.000795559 0.0752675 0.532338 0.800629 1.32868 1.5547 1.85959 1.94701 2.8132 0.124523
0 3 0.00206779 0.000759862 0.0942081 0.413266 0.807221 1.24193 1.58026 1.79413 2.40068 1.80949
0 4 -1 0.000929684 0.00166989 0.0545302 0.377568 0.774786 0.983885 1.38991 2.00939 1.81294
0 5 -1 -1 0.00177679 0.00230742 0.00859095 0.265069 0.699949 1.12523 1.5994 1.65347
0 6 -1 0.00060891 0.0015064 0.00148508 0.0175802 0.171463 0.19915 0.601788 1.23099 1.28359
0 7 -1 -1 9.23939e-06 0.000267971 0.000464659 0.00783521 0.00842942 0.1482 0.784328 0.965177
0 8 -1 -1 -1 -1 -1 0.000757591 0.0277467 0.0662355 0.213412 0.612884
0 9 -1 -1 -1 -1 -1 -1 0.00910494 0.00876349 0.0390471 0.25019
1 0 0.942354 1.28841 1.56297 2.04226 2.31207 2.70061 3.33539 3.78568 3.77833 -1
1 1 0.535858 0.890802 1.28108 1.70902 1.86802 2.4066 2.63247 3.1067 3.1422 2.22124
1 2 0.0207941 0.208657 0.89875 1.39512 1.61328 1.90691 2.34799 2.75117 2.75227 0.0126559
1 3 0.000536607 0.00835969 0.255535 0.641108 1.15363 1.42464 1.73915 2.29388 2.41825 1.64658
1 4 0.000172727 0.00107239 0.00911246 0.255934 0.632706 0.949633 1.42353 1.97796 2.02069 1.24354
1 5 -1 0.00204592 0.00283329 0.0116363 0.245258 0.33912 0.984041 1.65422 1.54355 1.58872
1 6 -1 0.00146458 0.00245242 0.0267594 0.00162176 0.640471 0.497697 1.21906 1.25323 1.16234
1 7 -1 0.000919056 0.000381748 -1.05447e-05 0.00120641 0.0148814 0.263001 0.408317 0.930297 0.847519
1 8 -1 -1 -9.3032e-05 -1 -2.51327e-05 0.00630195 0.0139984 0.18725 0.590383 0.585974
1 9 -1 -1 -1 0.0660401 -1 0.00864774 0.0226583 0.0182493 0.224685 0.249504
2 0 1.20763 1.75053 2.03816 2.30527 2.65096 3.19108 3.75377 3.76819 -1 -1
2 1 0.910368 1.15737 1.58563 2.09097 2.30027 2.61181 3.08694 3.29165 3.03486 -1
2 2 0.415193 0.774662 1.14634 1.46383 2.02474 2.34795 2.7959 2.75548 2.78123 0.00656878
2 3 0.0167684 0.0984976 0.671379 0.916687 1.77951 1.9545 2.24428 2.39295 2.28439 0.0114568
2 4 0.000955769 0.181701 0.245584 0.280428 0.496986 1.44743 2.06677 1.90756 2.05722 1.70273
2 5 -1 0.00200636 0.0275129 0.087876 0.439772 0.627568 0.996347 1.69992 1.52404 1.6634
2 6 -0.000588521 0.00804703 0.00227549 0.0130355 0.139077 0.454199 0.742393 1.32686 1.30121 1.27749
2 7 0.000169335 0.00115494 0.00107005 0.00198357 0.00170547 0.324831 0.393469 0.998617 0.983425 0.886904
2 8 -1 -1 -1 -1 -2.1135e-05 0.00867351 0.192419 0.583351 0.596097 0.618332
2 9 -1 -1 -1 -1 0.00901539 0.00882018 0.0754919 0.216036 0.285581 0.263209
3 0 1.74125 2.08979 2.4905 2.90871 3.07157 3.72893 3.72229 -1 -1 -1
3 1 0.959837 1.33806 2.06827 2.40061 2.778 3.17709 3.24711 3.17324 -1 -1
3 2 0.892111 0.978666 1.23805 2.0113 2.41406 2.86565 2.78241 2.86856 2.59033 -1
3 3 0.238019 0.503011 0.8994 1.61208 1.77653 2.48953 2.40287 2.40722 2.42997 1.55813
3 4 0.00177502 0.344716 0.295826 0.880323 1.37128 1.74514 2.09577 2.06981 1.91093 1.35002
3 5 4.35569e-05 0.00816228 0.223351 0.564314 0.833492 0.995479 1.50571 1.72939 1.64881 1.59618
3 6 0.000488416 0.00181227 0.0086273 0.36393 0.871251 0.743884 1.26097 1.32979 1.20191 1.2486
3 7 0.000179796 0.0644836 0.00130326 0.219645 0.0144924 0.280099 0.904063 0.921674 1.00493 0.928185
3 8 -1 5.26376e-06 -1 -1 0.0387282 0.248696 0.476943 0.575247 0.628586 0.618313
3 9 -1 -1 -1 0.00884683 0.0469224 0.219176 0.213344 0.266626 0.218614 0.268696
4 0 1.97491 2.49951 2.69135 3.15442 3.70794 3.68679 3.3457 -1 -1 -1
4 1 1.27911 1.80268 2.37356 2.7923 3.24429 3.24929 2.91505 -1 -1 -1
4 2 0.843127 1.34069 1.64715 2.34643 2.86015 2.81584 2.93715 2.73805 -1 -1
4 3 0.77353 1.2628 1.29145 1.69479 2.49309 2.44102 2.58154 2.43138 2.17148 -1
4 4 0.243507 0.473463 0.949316 1.12775 1.91589 1.95767 2.01577 1.94881 2.03793 1.89378
4 5 0.017774 0.163485 0.880608 0.756362 1.12605 1.50362 1.78392 1.67887 1.64734 1.60515
4 6 0.000489636 0.0103945 0.103112 0.57396 0.890158 1.20938 1.26638 1.29423 1.24815 1.23815
4 7 0.000954842 0.00525325 0.62214 0.132872 0.449408 0.882841 0.773787 0.966369 0.978726 0.854
4 8 0.000147294 -0.00101197 0.00859184 0.0182599 0.226415 0.458388 0.556797 0.575291 0.620785 0.611611
4 9 -1 0.0277855 -1 0.0184582 0.152078 0.175697 0.205461 0.220287 0.237764 0.281635
5 0 2.34071 2.94551 3.45972 3.74976 3.70793 2.19765 -1 -1 -1 -1
5 1 1.38661 2.15389 2.58888 3.36873 3.33624 3.23585 -1 -1 -1 -1
5 2 1.33584 1.82192 2.07643 2.94474 2.9526 2.85467 2.70574 -1 -1 -1
5 3 1.00267 1.24595 1.69336 2.16994 2.52478 2.54478 2.52173 2.33714 -1 -1
5 4 0.665339 0.917611 1.15317 2.13565 1.92438 2.08362 2.13537 2.20217 1.73704 -1
5 5 0.222514 0.615107 0.828791 1.18552 1.58585 1.67953 1.61151 1.67655 1.67846 1.70752
5 6 0.0210042 0.686996 0.27905 0.829731 1.37102 0.780188 1.23371 1.27373 1.23645 1.35726
5 7 0.000958206 0.382359 0.219966 0.382361 0.80369 0.77271 0.900292 1.02424 0.96848 0.977131
5 8 0.0964035 0.00856664 0.0139849 0.114049 0.517281 0.532099 0.386216 0.555635 0.598678 0.59161
5 9 -1 0.0181679 0.0194318 0.0219718 0.217495 0.227187 0.235519 0.0864686 0.226299 0.284073
6 0 2.64324 3.37593 3.77376 3.75403 2.85534 -1 -1 -1 -1 -1
6 1 1.73023 2.45844 3.30113 3.19307 3.13086 1.34959 -1 -1 -1 -1
6 2 1.47337 2.16268 2.67643 2.78205 2.77829 2.72856 -1 -1 -1 -1
6 3 1.15253 1.55423 2.3561 2.41803 2.45276 2.42507 2.32116 -1 -1 -1
6 4 0.955529 1.21959 2.0046 1.9478 2.03068 2.13512 2.15357 2.01548 1.37252 -1
6 5 0.678231 1.20112 1.64357 1.56791 1.64683 1.75966 1.71166 1.71579 1.33161 1.37542
6 6 0.208143 0.507389 0.964209 1.31572 1.10788 1.20182 1.28374 1.29878 1.27805 1.31924
6 7 0.0756839 0.283666 0.689416 0.571709 0.911344 0.829893 0.8013 0.949804 0.960333 0.985806
6 8 0.0183635 0.0255571 0.29614 0.546194 0.549737 0.355342 0.534133 0.578673 0.616349 0.609465
6 9 0.018215 0.0278726 0.181081 0.190723 0.133685 0.0852807 0.129375 0.211868 0.232932 0.263898
7 0 3.5719 3.78843 3.77762 -1 -1 -1 -1 -1 -1 -1
7 1 2.85665 2.91091 2.95925 3.04863 2.99972 -1 -1 -1 -1 -1
7 2 1.69932 2.65343 2.67534 2.63599 2.6105 0.452931 -1 -1 -1 -1
7 3 1.48114 2.20396 2.39186 2.46716 2.4871 2.36863 -1 -1 -1 -1
7 4 1.20831 1.99452 2.07608 1.98715 2.13244 2.11467 2.00899 0.739221 -1 -1
7 5 0.884649 1.62224 1.67187 1.67598 1.77282 1.75156 1.7229 1.76914 -1 -1
7 6 0.552885 1.28161 1.20203 1.28892 1.37012 1.34337 1.41588 1.32093 1.3668 0.909805
7 7 0.305242 0.697612 0.807113 0.625042 0.733805 0.928238 1.01213 0.956899 1.0053 0.940055
7 8 0.169036 0.181313 0.42034 0.391736 0.278873 0.456191 0.638575 0.620594 0.619406 0.621687
7 9 0.0137345 0.0702303 0.13678 0.104224 0.105286 0.171454 0.106276 0.1766 0.222578 0.277976
8 0 3.77085 3.7836 -1 -1 -1 -1 -1 -1 -1 -1
8 1 2.90807 2.8173 2.64746 0.510591 -1 -1 -1 -1 -1 -1
8 2 2.54921 2.56769 2.50183 0.453444 -1 -1 -1 -1 -1 -1
8 3 1.96031 2.23216 2.17971 2.24652 2.22745 0.595422 -1 -1 -1 -1
8 4 1.90168 1.82553 1.88323 1.92787 1.89797 1.88071 0.586841 -1 -1 -1
8 5 1.54441 1.62515 1.5299 1.55399 1.58357 1.64652 1.59025 -1 -1 -1
8 6 1.18605 1.32123 1.29696 1.25261 1.26897 1.33193 1.35839 1.24344 -3.17029e-05 -1
8 7 0.93877 0.912519 0.95434 0.954306 0.951436 0.999169 1.01682 0.971468 0.927367 -1
8 8 0.528122 0.485813 0.587579 0.617477 0.624818 0.625283 0.649507 0.660262 0.631931 0.598097
8 9 0.022636 0.18778 0.220643 0.117133 0.11043 0.181792 0.261187 0.223307 0.236109 0.268478
9 0 3.68004 -1 -1 -1 -1 -1 -1 -1 -1 -1
9 1 2.28187 -1 -1 -1 -1 -1 -1 -1 -1 -1
9 2 0.167264 0.175979 0.109313 -1 -1 -1 -1 -1 -1 -1
9 3 1.32196 0.164567 0.153849 0.0942313 -1 -1 -1 -1 -1 -1
9 4 0.251012 0.496768 0.177924 0.163471 0.197328 -1 -1 -1 -1 -1
9 5 1.29845 0.164702 0.194292 0.734091 0.189132 0.176895 -1 -1 -1 -1
9 6 1.04975 1.10705 1.01786 1.04587 1.15615 1.12016 1.04178 0.945913 -1 -1
9 7 0.911804 0.980578 0.908071 0.882055 0.851719 0.913539 0.975351 0.793351 -1 -1
9 8 0.506176 0.550771 0.603248 0.617152 0.609058 0.63617 0.596329 0.632105 0.600978 0.233175
9 9 0.243583 0.242475 0.270427 0.264349 0.284494 0.285212 0.274724 0.28127 0.274103 0.255693

