0 20 0.0183531 3 0 0 -1 0 0 0
0 0 -1 -1 -1 -1 -1 -1 -1 -1 -1 -1
0 1 -1 -1 -1 -1 -1 -1 -1 -1 -1 -1
0 2 -1 -1 -1 -1 -1 -1 -1 -1 -1 -1
0 3 -1 -1 -1 -1 -1 -1 -1 -1 -1 -1
0 4 -1 -1 -1 -1 -1 -1 -1 -1 -1 -1
0 5 -1 -1 -1 -1 -1 -1 -1 -1 -1 -1
0 6 -1 -1 -1 -1 -1 -1 -1 -1 -1 -1
0 7 -1 -1 -1 -1 -1 -1 -1 -1 -1 0.00440395
0 8 -1 -1 -1 -1 -1 -1 -1 -1 -1 -1
0 9 -1 -1 -1 -1 -1 -1 -1 -1 -1 0.00320313
1 0 -1 -1 -1 -1 -1 -1 -1 -1 -1 -1
1 1 -1 -1 -1 -1 -1 -1 -1 -1 -1 -1
1 2 -1 -1 -1 -1 -1 -1 -1 -1 -1 -1
1 3 -1 -1 -1 -1 -1 -1 -1 -1 -1 -1
1 4 -1 -1 -1 -1 -1 -1 -1 -1 -1 -1
1 5 -1 -1 -1 -1 -1 -1 -1 -1 -1 -1
1 6 -1 -1 -1 -1 -1 -1 -1 -1 -1 -1
1 7 -1 -1 -1 -1 -1 -1 -1 -1 -1 -1
1 8 -1 -1 -1 -1 -1 -1 -1 -1 -1 -1
1 9 -1 -1 -1 -1 -1 -1 -1 -1 -1 -1
2 0 -1 -1 -1 -1 -1 -1 -1 -1 -1 -1
2 1 -1 -1 -1 -1 -1 -1 -1 -1 -1 -1
2 2 -1 -1 -1 -1 -1 -1 -1 -1 -1 -1
2 3 -1 -1 -1 -1 0.00057607 -1 -1 -1 -1 -1
2 4 -1 -1 -1 -1 -1 -1 -1 -1 -1 -1
2 5 -1 -1 -1 -1 -1 -1 -1 -1 -1 -1
2 6 -1 -1 -1 -1 -1 -1 -1 -1 -1 -1
2 7 -1 -1 -1 -1 -1 -1 -1 -1 -1 -1
2 8 -1 -1 -1 -1 -1 -1 -1 -1 -1 -1
2 9 -1 -1 -1 -1 -1 -1 -1 -1 -1 -1
3 0 0.0183531 -1 -1 -1 -1 -1 -1 -1 -1 -1
3 1 -1 -1 -1 -1 -1 -1 -1 -1 -1 -1
3 2 -1 -1 -1 -1 -1 -1 -1 -1 -1 -1
3 3 -1 -1 -1 -0.000949207 -1 -1 -1 -1 -1 -1
3 4 -1 -1 -1 -1 0.000103881 3.6136e-05 -1 -1 -1 -1
3 5 -1 -1 -1 -1 -1 0.000472959 -1 -1 -1 -1
3 6 -1 -1 -1 -1 -1 -1 -1 -1 -1 -1
3 7 -1 -1 -1 -1 -1 -1 -1 -1 -1 -1
3 8 -1 -1 -1 -1 -1 -1 -1 -1 -1 -1
3 9 -1 -1 -1 -1 -1 -1 -1 -1 -1 -1
4 0 -1 -1 -1 -1 -1 -1 -1 -1 -1 -1
4 1 -1 -1 -1 -1 -1 -1 -1 -1 -1 -1
4 2 -1 -1 -1 -1 -1 -1 -1 -1 -1 -1
4 3 -1 -1 -1 -1 -1 -1 -1 -1 -1 -1
4 4 -1 -1 0.000491084 -0.000598679 -1 -1 -1 -1 -1 -1
4 5 -1 -1 -1 -1 -1 -1 -1 -1 -1 -1
4 6 -1 -1 -1 -1 -1 -1 -1 -1 -1 -1
4 7 -1 -1 -1 -1 -1 -1 -1 -1 -1 -1
4 8 -1 -1 -1 -1 -1 -1 -1 -1 -1 -1
4 9 -1 -1 -1 -1 -1 -1 -1 -1 -1 0.00313396
5 0 -1 -1 -1 -1 -1 -1 -1 -1 -1 -1
5 1 -1 -1 -1 -1 -1 -1 -1 -1 -1 -1
5 2 -1 -1 -1 -1 -1 -1 -1 -1 -1 -1
5 3 -1 -1 -1 -1 -1 -1 -1 -1 -1 -1
5 4 -1 -1 0.000867546 0.000583548 -1 -1 -1 -1 -1 -1
5 5 -1 -1 -1 -1 -1 -1 -1 -1 -1 -1
5 6 -1 -1 -1 -1 -1 -1 -0.000852884 -1 -1 -1
5 7 -1 -1 -1 -1 -1 -1 -1 -1 -1 -1
5 8 -1 -1 -1 -1 -1 -1 -1 0.00145234 -1 -1
5 9 -1 -1 -1 -1 -1 -1 -1 -1 -1 -1
6 0 -1 -1 -1 -1 -1 -1 -1 -1 -1 -1
6 1 -1 -1 -1 -1 -1 -1 -1 -1 -1 -1
6 2 -1 -1 -1 -1 -1 -1 -1 -1 -1 -1
6 3 -1 -1 0.00911141 -1 -1 -1 -1 -1 -1 -1
6 4 -1 -1 -1 -1 -1 -1 -1 -1 -1 -1
6 5 -1 -1 -1 0.00110072 -1 -1 -1 -1 -1 -1
6 6 -1 -1 -1 -1 -1 -1 -1 -1 -1 -1
6 7 -1 -1 -1 -1 -1 -1 -1 -1 -1 -1
6 8 -1 -1 -1 -1 -1 -1 -1 -1 -1 -1
6 9 -1 -1 -1 -1 -1 -1 -1 -1 -1 -1
7 0 -1 -1 -1 -1 -1 -1 -1 -1 -1 -1
7 1 -1 -1 -1 -1 -1 -1 -1 -1 -1 -1
7 2 -1 -1 -1 -1 -1 -1 -1 -1 -1 -1
7 3 -1 -1 -1 -1 -1 -1 -1 -1 -1 -1
7 4 -1 -1 -1 -1 -1 -1 -1 -1 -1 -1
7 5 -1 -1 -1 -1 -1 -1 -1 -1 -1 -1
7 6 -1 -1 -1 -1 -1 -1 -1 -1 -1 -1
7 7 -1 -1 -1 -1 -1 -1 -1 -1 -1 -1
7 8 -1 -1 -1 -1 -1 -1 -1 -1 -1 -1
7 9 -1 -1 -1 -1 -1 -1 -1 -1 -1 -1
8 0 -1 -1 -1 -1 -1 -1 -1 -1 -1 -1
8 1 -1 -1 -1 -1 -1 -1 -1 -1 -1 -1
8 2 -1 -1 -1 -1 -1 -1 -1 -1 -1 -1
8 3 -1 -1 -1 -1 -1 -1 -1 -1 -1 -1
8 4 -1 -1 -1 -1 -1 -1 -1 -1 -1 -1
8 5 -1 -1 -1 -1 -1 -1 -1 -1 -1 -1
8 6 -1 -1 -1 -1 -1 -1 -1 -1 -1 -1
8 7 -1 -1 -1 -1 -1 -1 -1 -1 -1 -1
8 8 -1 -1 -1 -1 -1 -1 -1 -1 -1 -1
8 9 -1 -1 -1 -1 -1 -1 -1 -1 -1 -1
9 0 -1 -1 -1 -1 -1 -1 -1 -1 -1 -1
9 1 -1 -1 -1 -1 -1 -1 -1 -1 -1 -1
9 2 -1 -1 -1 -1 -1 -1 -1 -1 -1 -1
9 3 -1 -1 -1 -1 -1 -1 -1 -1 -1 -1
9 4 0.0111746 -1 -1 -1 -1 -1 -1 -1 -1 -1
9 5 0.00970117 -1 -1 -1 -1 -1 -1 -1 -1 -1
9 6 -1 -1 -1 -1 -1 -1 -1 -1 -1 -1
9 7 -1 -1 -1 -1 -1 -1 -1 -1 -1 -1
9 8 -1 -1 -1 -1 -1 -1 -1 -1 -1 -1
9 9 -1 0.00209333 -1 -1 -1 -1 -1 -1 -1 -1

5000 781 3.75228 1 0 8 -1 0 0 0
0 0 0.301786 0.903896 1.04898 1.29819 1.28019 1.72858 1.7807 2.31736 3.73991 2.24033
0 1 0.00959512 0.165975 0.559937 0.89744 1.24896 1.14468 1.38398 1.68621 0.553333 0.0411919
0 2 0.000541321 0.0082348 0.140788 0.437863 0.656847 1.13026 1.31083 1.22187 0.567465 0.0572857
0 3 -1 0.00092831 0.00150025 0.236938 0.324057 0.77592 0.856822 1.46865 0.843484 0.0581062
0 4 -1 0.000330858 0.000660355 0.00833508 0.0524987 0.446298 0.776537 0.986188 1.08362 0.0673205
0 5 -1 0.000610725 0.00120739 0.00387215 0.00825439 0.206318 0.515096 0.583422 1.35572 0.181238
0 6 -1 0.000957958 0.00128473 0.00427956 0.00110392 0.000545671 0.037505 0.245579 0.849567 0.366029
0 7 -1 -1 -1 -1 0.000695302 0.000987038 0.0153705 0.021494 0.151383 0.638465
0 8 -1 -1 -1 -1 -1 0.00855799 0.00996621 0.0128136 0.0571734 0.336989
0 9 -1 -1 -1 -1 -1 -1 0.000294717 0.0085869 0.00971668 0.165271
1 0 0.53882 0.832254 1.28567 1.66057 2.14026 2.58337 3.04965 3.73473 3.75228 -1
1 1 0.136051 0.501596 0.528415 1.05316 1.7482 1.7935 2.07423 2.89135 2.06625 0.0100185
1 2 0.0273204 0.142602 0.653588 0.358763 0.821739 1.42796 1.69874 2.50368 2.04906 0.0209842
1 3 0.000322945 0.00131293 0.0252786 0.0304997 0.28953 0.884626 1.19827 2.04918 2.06603 0.0129189
1 4 0.000161683 0.000524078 0.0015946 0.00998695 0.251184 0.671472 0.5939 1.5151 1.79352 0.0194764
1 5 -1 0.000552079 0.00783763 0.0278588 0.0339197 0.0779855 0.497765 1.03221 1.53032 0.0157878
1 6 -1 0.00107585 0.00180807 0.00784316 0.0159723 0.0181728 0.190891 0.0363532 1.09822 0.913564
1 7 -1 0.000490337 -0.000299781 7.91494e-05 0.00101735 0.00106755 0.0146475 0.164871 0.855296 0.55125
1 8 -1 -1 -1 -1 -1 0.000426119 0.0110015 0.0362259 0.155179 0.376147
1 9 -1 -1 -1 -1 -1 -1 0.0085692 0.0261663 0.0274609 0.13347
2 0 0.800067 1.14792 1.76869 2.14927 2.4661 2.8802 3.66985 3.6987 -1 -1
2 1 0.384106 0.823465 0.820049 1.17451 1.52831 2.47732 2.81942 2.89845 0.00482121 -1
2 2 0.134235 0.442516 0.951922 0.426811 1.02253 1.30398 2.10511 2.45252 0.250667 0.0103286
2 3 0.000576034 0.0306524 0.0380885 0.138604 0.207649 0.736641 2.24735 2.29517 0.0287254 0.0195589
2 4 0.000486532 0.00161525 0.0131181 0.0425651 0.19585 1.11992 1.06547 1.49262 0.248798 0.00845765
2 5 -6.7764e-05 0.000927994 0.00218495 0.0233375 0.0414203 0.397606 0.329835 1.35974 1.3376 0.0226239
2 6 -1 0.0166584 0.00168391 0.00352548 0.0205722 0.0313398 0.194998 0.871559 1.25195 0.142159
2 7 -0.000965442 0.000660292 0.000858828 0.000944859 0.00362787 0.00727762 0.205797 0.54416 0.747473 0.795165
2 8 -1 -1 -0.00029247 0.238305 -0.000132941 0.429429 0.0297844 0.0466681 0.31069 0.405218
2 9 -1 -1 -1 -1 -1 0.018448 0.0198522 0.0214699 0.0237254 0.18241
3 0 0.948577 1.3596 1.8321 1.64573 2.65829 3.6145 3.69364 -1 -1 -1
3 1 0.650286 1.14083 1.53014 1.48277 2.02085 2.8563 2.96068 2.11171 -1 -1
3 2 0.306279 0.705627 0.870777 0.877936 1.5002 2.63457 2.78146 2.37071 -1 -1
3 3 0.214687 0.530369 0.443312 0.547687 0.826008 1.23333 2.12296 2.19285 0.0109022 0.00865806
3 4 0.000525541 0.00677089 0.0158912 0.0994226 0.547132 0.420228 2.13024 1.78732 1.46365 0.0157697
3 5 0.00177426 0.00850786 0.0020854 0.0151701 0.39978 0.3719 1.08871 1.05049 0.0153998 0.0113714
3 6 0.00130029 0.00301568 0.754712 0.0152583 0.526094 0.630223 0.486667 1.03207 1.10757 0.0170471
3 7 -0.000783882 0.266598 0.00839691 0.0365851 0.0038301 0.0846522 0.455443 0.584424 0.910985 0.665057
3 8 -1 -1 -1 -0.000489237 0.00121643 0.0278419 0.0292759 0.0579299 0.0310337 0.466767
3 9 -1 -1 -1 -1 0.00850079 0.0264341 0.0273694 0.0860647 0.0227907 0.162923
4 0 1.06368 1.75711 2.11426 1.85442 3.60339 3.60744 2.23064 -1 -1 -1
4 1 1.1084 1.36805 1.70437 1.96588 2.82212 2.52408 2.29702 -1 -1 -1
4 2 0.55048 1.00799 1.53052 1.44452 1.87735 1.94113 2.11174 2.00644 -1 -1
4 3 0.480855 0.339778 0.92438 1.01541 1.49907 1.4628 1.83607 1.75267 -0.00103173 -1
4 4 0.260717 0.266972 0.439971 0.592613 0.905247 1.14595 1.34045 1.59784 1.60567 0.00257664
4 5 0.0010813 0.192684 0.0311216 0.102993 0.764227 0.985169 0.84884 0.913257 1.13754 0.0350997
4 6 0.000632387 0.00220232 0.00627328 0.0287371 0.0443251 0.345437 0.60729 1.03831 1.08064 0.00648678
4 7 -7.08278e-05 0.001215 0.00862405 0.00348755 0.630711 0.51328 0.455766 0.670651 0.70981 0.555418
4 8 -0.000502564 0.000680326 -1 0.00857134 0.0370143 0.0359257 0.389091 0.192481 0.469494 0.391678
4 9 -1 -1 -1 0.00867887 0.0214032 0.0380858 0.0272517 0.0597891 0.024048 0.249796
5 0 1.535 1.79506 2.42829 3.52404 3.51748 -1 -1 -1 -1 -1
5 1 1.41146 1.99865 1.90125 2.99796 3.07825 2.35445 -1 -1 -1 -1
5 2 0.95817 0.8226 1.82618 2.42293 2.71149 2.2168 2.16081 -1 -1 -1
5 3 0.568703 1.25057 1.0136 2.20352 1.86851 2.14444 2.24224 1.41169 -1 -1
5 4 0.267449 0.676195 0.724422 1.10481 1.50078 1.43615 1.46961 1.43755 1.55588 -1
5 5 0.0126056 0.263847 0.381542 0.889756 1.16661 1.23244 0.833118 1.08351 1.28382 0.00753701
5 6 0.0038084 0.00749127 0.323889 0.515957 0.287136 0.80899 0.737155 0.859958 0.804254 0.64298
5 7 0.000868844 0.00133726 0.0204643 0.0310469 0.0946052 0.565396 0.477823 0.50678 0.860786 0.135257
5 8 -0.00075167 0.000521507 0.0183013 0.0322305 0.0916547 0.152338 0.268301 0.427297 0.367376 0.526325
5 9 -1 0.013186 0.0086479 0.0232342 0.0296323 0.0235173 0.191733 0.174548 0.171767 0.250901
6 0 1.22638 2.59477 3.57746 3.58414 -1 -1 -1 -1 -1 -1
6 1 0.699297 1.95111 2.66852 2.92131 2.42863 -1 -1 -1 -1 -1
6 2 1.17614 1.45389 2.16594 2.60444 2.63515 0.638282 -1 -1 -1 -1
6 3 0.827045 1.43963 2.17047 2.33183 1.76679 1.3146 1.42448 -1 -1 -1
6 4 0.48678 0.922814 2.06346 1.80215 1.61382 1.57632 1.31915 1.42289 -1 -1
6 5 0.399942 0.656796 1.35838 1.19421 1.20031 1.331 1.14829 1.20913 0.0056663 -1
6 6 0.0551596 0.164907 0.410249 0.756397 0.844442 0.894649 0.986018 0.94819 0.890285 0.0110318
6 7 0.000362137 0.0104529 0.558493 0.508036 0.510218 0.775043 0.627367 0.202076 0.642004 0.00723938
6 8 0.000721466 0.00133773 0.0431191 0.257254 0.238348 0.458378 0.49787 0.334262 0.366534 0.428677
6 9 -1 0.0208077 0.0339453 0.043008 0.115608 0.0189198 0.0543147 0.140229 0.18961 0.230373
7 0 1.11295 3.68989 3.38691 -1 -1 -1 -1 -1 -1 -1
7 1 0.402525 2.63333 2.46663 0.74509 -1 -1 -1 -1 -1 -1
7 2 0.292378 2.48793 2.40787 0.688393 0.821684 -1 -1 -1 -1 -1
7 3 1.13849 2.20813 2.07254 2.34889 0.0757384 -1 -1 -1 -1 -1
7 4 0.857147 1.40323 1.90297 1.62657 1.6548 1.00172 1.49117 -1 -1 -1
7 5 0.700377 1.04862 1.6491 1.43578 1.23738 1.10084 0.0367916 1.18162 1.20764 -1
7 6 0.649733 0.549744 1.19412 1.07166 1.09196 0.971271 1.22422 0.898295 1.17953 -1
7 7 0.0866813 0.266574 0.71253 0.744043 0.774743 0.748942 0.73323 0.612328 0.797309 0.012372
7 8 0.00859164 0.0317033 0.207392 0.2663 0.49822 0.39509 0.427288 0.316573 0.406116 0.496778
7 9 0.0142205 0.018422 0.0339015 0.161845 0.154215 0.163566 0.201839 0.0379432 0.178098 0.165393
8 0 3.62352 1.00484 -1 -1 -1 -1 -1 -1 -1 -1
8 1 0.699563 1.50467 0.00562837 -1 -1 -1 -1 -1 -1 -1
8 2 0.671538 0.525421 0.00846675 0.600691 -1 -1 -1 -1 -1 -1
8 3 0.223098 2.04849 0.635803 0.517548 1.86929 -1 -1 -1 -1 -1
8 4 1.54583 1.54536 1.15495 0.540062 0.446882 0.553457 -1 -1 -1 -1
8 5 1.26725 1.4264 1.16847 0.564803 1.06141 0.264823 1.10975 -1 -1 -1
8 6 1.00106 1.23391 0.735757 0.655779 0.902836 1.22158 0.844445 0.977326 -1 -1
8 7 0.629438 0.804765 0.732992 0.642546 0.681131 0.704363 0.868639 0.766206 0.38992 0.503225
8 8 0.325178 0.398919 0.440257 0.481669 0.481768 0.402974 0.421781 0.371213 0.325451 0.0155259
8 9 0.021664 0.0753197 0.0864058 0.127024 0.155897 0.134367 0.13773 0.201026 0.156322 0.24903
9 0 0.194685 -1 -1 -1 -1 -1 -1 -1 -1 -1
9 1 0.651373 0.00551129 -1 -1 -1 -1 -1 -1 -1 -1
9 2 0.024034 0.0117855 0.00891341 -1 -1 -1 -1 -1 -1 -1
9 3 0.0443317 0.112206 0.0145842 0.0112928 -1 -1 -1 -1 -1 -1
9 4 0.0365739 0.0130656 0.126541 0.0110617 -1 -1 -1 -1 -1 -1
9 5 0.216264 0.236641 0.143666 0.121143 0.0897891 0.00991856 -1 -1 -1 -1
9 6 0.982554 0.129352 0.355776 0.182116 0.0500077 0.0990738 0.0160875 -1 -1 -1
9 7 0.668692 0.501162 0.165022 0.545101 0.0112112 0.203031 0.0323289 0.618845 -1 -1
9 8 0.392086 0.443738 0.373347 0.370731 0.463657 0.427871 0.454531 0.32411 0.302294 -1
9 9 0.157287 0.162377 0.205578 0.242095 0.179489 0.241781 0.189555 0.249606 0.102301 0.0776568

10000 798 3.78932 0 0 8 -1 0 0 0
0 0 0.409171 0.903896 1.17603 1.5003 1.82583 1.94597 2.53939 2.31736 3.78932 2.69081
0 1 0.00959512 0.20348 0.708285 0.934343 1.25483 1.4124 1.50243 1.76177 1.98512 0.0949403
0 2 0.000541321 0.0082348 0.164185 0.464436 1.01954 1.13026 1.31083 1.38879 1.84017 0.105813
0 3 0.000114153 0.00092831 0.00962682 0.236938 0.464271 1.08974 1.35611 1.46865 1.42328 0.361235
0 4 -1 0.00100425 0.000660355 0.0344832 0.135827 0.446298 0.984885 1.00634 1.625 0.0971757
0 5 -1 0.000610725 0.00120739 0.00468048 0.00825439 0.206318 0.515096 0.780948 1.35572 0.181238
0 6 -1 0.000957958 0.00128473 0.00427956 0.00110392 0.10378 0.10123 0.558168 1.01433 1.03769
0 7 -1 -1 0.00122195 -1 0.000695302 0.00118331 0.0275736 0.275528 0.714871 0.746571
0 8 -1 -1 -1 -1 -1 0.00855799 0.00996621 0.0128136 0.114813 0.410604
0 9 -1 -1 -1 0.0185207 -1 -1 0.0086902 0.0085869 0.0566865 0.165271
1 0 0.598944 0.880543 1.6009 1.77643 2.14026 2.58337 3.04965 3.7814 3.78807 -1
1 1 0.360962 0.501596 0.820024 1.15204 1.7482 1.85872 2.36853 2.9531 2.06625 0.0128313
1 2 0.0273204 0.142602 0.653588 0.863021 1.09277 1.71898 1.94281 2.50368 2.30372 0.0209842
1 3 0.000950192 0.00131293 0.0252786 0.232553 0.56712 1.38317 1.19827 2.16909 2.14669 0.0155914
1 4 0.000161683 0.00126985 0.0015946 0.0646437 0.251184 0.793071 0.939371 1.87797 1.81859 0.0194764
1 5 -1 0.000819689 0.00783763 0.0278588 1.00206 0.250799 0.800198 1.03221 1.61157 0.0185709
1 6 -1 0.00107585 0.00180807 0.0172164 0.0251717 0.0181728 0.294132 0.426853 1.09822 0.913564
1 7 -1 0.000490337 0.000588671 0.620486 0.0117367 0.371772 0.0518079 0.164871 0.92733 0.791124
1 8 -1 -1 -1 -1 -1 0.00865429 0.0135091 0.0362259 0.404417 0.468505
1 9 -1 -1 -1 -1 -1 -1 0.018499 0.0261663 0.0274609 0.228017
2 0 0.800067 1.14792 1.76869 2.21762 2.4661 2.8802 3.7738 3.78723 -1 -1
2 1 0.566788 0.919699 0.892383 1.76819 1.78919 2.59318 2.88852 2.90632 0.00482121 -1
2 2 0.291157 0.442516 0.951922 0.486113 1.44068 1.60431 2.6856 2.57691 0.250667 0.0126994
2 3 0.00833556 0.0306524 0.284687 0.439459 0.834917 1.01018 2.3223 2.32414 0.0287254 0.0195589
2 4 0.000486532 0.00161525 0.048778 0.104298 0.416929 1.11992 1.06547 1.94607 1.39287 0.00845765
2 5 -6.7764e-05 0.00132738 0.0562879 0.956151 1.12843 1.01586 0.465007 1.50475 1.38772 0.0226239
2 6 -1 0.0166584 0.00844942 0.133654 0.0464088 0.161484 0.570554 0.917839 1.25195 0.759598
2 7 -0.000965442 0.000660292 0.467211 0.648718 0.429569 0.0470124 0.315437 0.648851 0.785462 0.795165
2 8 -1 -1 -0.00029247 0.238305 0.0668832 0.429429 0.0297844 0.134043 0.392195 0.572313
2 9 -1 -1 -1 -1 -1 0.0380285 0.0198522 0.0243576 0.181105 0.211227
3 0 1.13295 1.39389 1.8321 2.09799 2.82751 3.71136 3.72893 -1 -1 -1
3 1 0.708521 1.15728 1.53014 1.55969 2.02472 3.00863 3.08859 2.59209 -1 -1
3 2 0.452093 0.878399 1.10055 1.38948 1.68723 2.63457 2.78146 2.47786 0.000847341 -1
3 3 0.574019 0.530369 0.538496 0.949917 1.20663 1.30046 2.36632 2.19285 1.96193 0.00865806
3 4 0.00865393 0.0136553 0.251203 0.123009 0.547132 1.30136 2.13024 1.78732 1.85758 0.0171284
3 5 0.00652448 0.00850786 0.56391 0.439137 0.39978 0.514455 1.08871 1.53192 1.46487 0.0114085
3 6 0.00130029 0.00619579 0.754712 0.409537 0.526094 0.630223 0.752491 1.03207 1.10757 0.0170471
3 7 0.000247775 0.266598 0.10567 0.0965534 0.13545 0.467101 0.496955 0.731437 0.937834 0.685331
3 8 -1 -1 0.133204 0.115271 0.219589 0.0768323 0.275001 0.463932 0.457447 0.545671
3 9 -1 0.037348 0.0757533 0.0857788 0.0380268 0.0264341 0.0322992 0.0860647 0.120567 0.220272
4 0 1.42092 1.75711 2.30114 2.76771 3.64743 3.68789 2.31569 -1 -1 -1
4 1 1.1084 1.55819 1.70437 2.05348 2.98024 3.08331 2.71825 2.21679 -1 -1
4 2 0.733485 1.33183 1.53052 1.46962 2.08394 2.65995 2.63431 2.27777 -1 -1
4 3 0.659409 0.851379 1.15743 1.61234 1.49907 2.18594 2.32574 2.21234 1.77141 -1
4 4 0.260717 0.266972 0.570156 0.821342 1.02222 1.54843 1.52077 1.72326 1.60567 0.00575456
4 5 0.0010813 0.192684 0.33746 0.553572 0.882148 1.03487 1.12146 1.34097 1.41725 0.0350997
4 6 0.25924 0.0416232 0.620542 0.400783 0.334636 0.620228 0.820673 1.03831 1.18723 0.928978
4 7 -2.72101e-05 0.18329 0.153459 0.316373 0.630711 0.542343 0.768094 0.719983 0.803277 0.899825
4 8 -0.000339532 0.0570197 0.123883 0.0769055 0.138565 0.103508 0.389091 0.460555 0.469494 0.516492
4 9 -1 0.00924307 0.0096718 0.0471702 0.0283752 0.0380858 0.0272517 0.135058 0.0911397 0.259436
5 0 1.66606 2.13726 2.47639 3.71152 3.65594 -1 -1 -1 -1 -1
5 1 1.41146 2.15383 2.19625 3.34083 3.09559 2.86876 -1 -1 -1 -1
5 2 1.09743 1.59936 1.82618 2.80696 2.71149 2.64317 2.16081 -1 -1 -1
5 3 0.737659 1.25529 1.0136 2.20352 1.98326 2.33502 2.31944 2.04689 -1 -1
5 4 0.597817 0.676195 1.26957 1.12738 1.50078 1.65046 1.60664 1.75061 1.55588 -1
5 5 0.0659365 0.333941 0.524013 0.889756 1.54914 1.23244 1.30486 1.44156 1.58968 0.00753701
5 6 0.00792051 0.115047 0.860148 0.569628 0.813516 0.82979 0.854167 1.18282 1.12916 0.64298
5 7 0.000868844 0.201789 0.220555 0.36945 0.458192 0.625615 0.736411 0.639026 0.881657 0.670974
5 8 0.094335 0.0853438 0.144821 0.0948919 0.0916547 0.436255 0.478541 0.430869 0.401661 0.583887
5 9 0.0375987 0.0567368 0.0086479 0.0232342 0.0296323 0.128122 0.191733 0.190836 0.171767 0.250901
6 0 1.93542 2.59477 3.74615 3.73921 -1 -1 -1 -1 -1 -1
6 1 1.20842 2.34421 2.88597 2.92131 2.42863 -1 -1 -1 -1 -1
6 2 1.43271 1.45389 2.62033 2.70028 2.69761 2.50788 -1 -1 -1 -1
6 3 0.96534 1.45095 2.3201 2.36019 2.40512 2.1245 2.21574 -1 -1 -1
6 4 0.926842 0.980189 2.06346 1.80215 1.77905 1.58817 1.94795 1.75887 -1 -1
6 5 0.44001 0.70563 1.35838 1.21464 1.44386 1.331 1.34924 1.42277 1.46445 -1
6 6 0.0749347 0.227829 0.582847 1.05223 1.04303 1.06028 0.986018 1.04672 1.2873 0.944599
6 7 0.0177217 0.0856789 0.558493 0.57848 0.803168 0.775043 0.753967 0.605651 0.90183 0.828638
6 8 0.000721466 0.152621 0.0961024 0.310229 0.457493 0.460124 0.49787 0.460982 0.41709 0.535895
6 9 -1 0.0277188 0.0339453 0.043008 0.133024 0.194367 0.18275 0.201018 0.18961 0.233739
7 0 2.44341 3.73692 3.7218 -1 -1 -1 -1 -1 -1 -1
7 1 1.62181 2.79196 3.14366 2.57629 1.04659 -1 -1 -1 -1 -1
7 2 1.46144 2.48793 2.67052 2.34374 2.5636 -1 -1 -1 -1 -1
7 3 1.44151 2.20813 2.12055 2.34889 2.42828 1.74934 -1 -1 -1 -1
7 4 1.11616 1.83456 1.94767 1.93873 1.6548 1.47703 1.50721 -1 -1 -1
7 5 0.713489 1.62847 1.6695 1.59544 1.47446 1.20693 1.36431 1.18162 1.22502 -1
7 6 0.649733 0.549744 1.28503 1.14674 1.09196 1.08068 1.22422 0.957145 1.17953 -1
7 7 0.23054 0.314839 0.71253 0.744043 0.818757 0.748942 0.758442 0.780211 0.828994 0.765675
7 8 0.153861 0.0694757 0.236396 0.350919 0.49822 0.403339 0.427288 0.412118 0.435095 0.534112
7 9 0.0142205 0.0473866 0.0634143 0.174517 0.205607 0.19543 0.201839 0.186776 0.178098 0.239429
8 0 3.68284 3.66719 -1 -1 -1 -1 -1 -1 -1 -1
8 1 1.87945 2.77651 0.825243 -1 -1 -1 -1 -1 -1 -1
8 2 1.1343 2.20674 0.58551 1.07567 -1 -1 -1 -1 -1 -1
8 3 0.926674 2.04849 0.635803 2.16067 1.86929 -1 -1 -1 -1 -1
8 4 1.61331 1.77458 1.15495 1.60399 1.82757 0.631012 -1 -1 -1 -1
8 5 1.38172 1.49479 1.52067 1.15481 1.60318 1.40777 1.10975 -1 -1 -1
8 6 1.05053 1.27959 1.07781 1.04278 1.06284 1.24453 1.21718 1.05594 -1 -1
8 7 0.707289 0.897823 0.732992 0.80303 0.84485 0.846827 0.942353 0.811478 0.65586 0.573823
8 8 0.325178 0.398919 0.486838 0.537996 0.609313 0.51822 0.506008 0.459142 0.54302 0.44951
8 9 0.021664 0.0753197 0.199844 0.168615 0.179663 0.204952 0.177191 0.201026 0.204457 0.24903
9 0 2.6395 -1 -1 -1 -1 -1 -1 -1 -1 -1
9 1 0.651373 0.00551129 -1 -1 -1 -1 -1 -1 -1 -1
9 2 0.0818905 0.0117855 0.00891341 -1 -1 -1 -1 -1 -1 -1
9 3 0.111144 0.112206 0.0856721 0.101774 -1 -1 -1 -1 -1 -1
9 4 0.201513 0.128192 0.126541 0.136488 -0.000208051 -1 -1 -1 -1 -1
9 5 0.216264 0.236641 0.21054 0.317619 0.206245 0.194491 -1 -1 -1 -1
9 6 0.982554 0.949453 0.355776 0.273826 0.289083 0.949118 0.278816 -1 -1 -1
9 7 0.847228 0.709097 0.578011 0.916163 0.695112 0.774747 0.8911 0.618845 -1 -1
9 8 0.522792 0.549713 0.508094 0.443179 0.56435 0.501453 0.570253 0.507641 0.332064 0.000523784
9 9 0.195283 0.212121 0.205578 0.242095 0.20609 0.241781 0.215285 0.263055 0.193256 0.172348

15000 817 3.78932 0 0 8 -1 0 0 0
0 0 0.409171 0.903896 1.17603 1.66403 1.87944 2.26196 2.53939 3.39451 3.78932 2.95479
0 1 0.0147625 0.254284 0.854967 0.98468 1.37664 1.47036 1.50243 1.76177 2.39156 0.0949403
0 2 0.000541321 0.0082348 0.170821 0.713513 1.01954 1.28944 1.5305 1.75003 1.84017 0.105813
0 3 0.000114153 0.00092831 0.00962682 0.236938 0.48835 1.08974 1.35611 1.52755 1.42328 0.361235
0 4 0.000243753 0.00100425 0.00137867 0.0344832 0.243488 0.446298 0.984885 1.12779 1.7842 0.13685
0 5 -0.000221442 0.000610725 0.00120739 0.00468048 0.0085327 0.206318 0.515096 0.780948 1.35572 0.218699
0 6 -1 0.000957958 0.00189087 0.00427956 0.00110392 0.10378 0.10123 0.558168 1.05978 1.03769
0 7 -1 -1 0.00122195 -1 0.000724402 0.00118331 0.0566174 0.275528 0.768782 0.884226
0 8 -1 -1 -1 -1 -1 0.00855799 0.00996621 0.0128136 0.220134 0.475763
0 9 -1 -1 -1 0.0185207 -1 0.0380547 0.132589 0.028097 0.0566865 0.184111
1 0 0.598944 0.95356 1.6009 1.77643 2.33034 2.58337 3.0791 3.78764 3.78807 -1
1 1 0.372238 0.509319 0.820024 1.16962 1.76768 1.87648 2.36853 2.9531 2.06625 0.0128313
1 2 0.0273204 0.142602 0.653588 0.863021 1.23511 1.71898 1.94281 2.55026 2.31851 0.0209842
1 3 0.000950192 0.00867162 0.0252786 0.237518 0.56712 1.38317 1.74457 2.22561 2.18398 0.0155914
1 4 0.000161683 0.00126985 0.00163085 0.0646437 0.251184 0.966112 1.16022 1.87797 1.9381 0.0194764
1 5 -1 0.00106701 0.00783763 0.0302225 1.00206 0.250799 0.800198 1.2311 1.61157 0.148937
1 6 -1 0.00107585 0.00200866 0.0172164 0.0251717 0.0181728 0.821151 0.769835 1.24476 0.913564
1 7 -1 0.000490337 0.000588671 0.620486 0.209774 0.371772 0.643525 0.534225 0.92733 0.791124
1 8 -1 -1 0.000607544 -1 0.0284232 0.211019 0.0479012 0.276506 0.404417 0.490824
1 9 -1 -1 0.0184695 -1 -1 0.00933883 0.018499 0.0567606 0.152254 0.228017
2 0 0.829153 1.14792 1.76869 2.21762 2.58403 2.92684 3.7801 3.78723 -1 -1
2 1 0.650973 0.919699 0.892383 1.76819 1.84894 2.72034 2.9661 2.90632 0.0127538 -1
2 2 0.435561 0.442516 0.951922 0.75567 1.44068 2.07974 2.6856 2.63293 0.250667 0.0126994
2 3 0.00833556 0.0583823 0.284687 0.439459 0.834917 1.78627 2.37119 2.32414 0.0287254 0.0195589
2 4 0.000486532 0.00161525 0.32413 0.104503 0.416929 1.11992 1.36795 1.97041 1.80774 0.0136867
2 5 -6.7764e-05 0.00132738 0.363173 0.956151 1.12843 1.01586 0.614264 1.50475 1.48269 0.0831312
2 6 -1 0.0214501 0.250017 0.133654 0.103891 0.441028 0.570554 0.917839 1.29158 0.759598
2 7 -0.000965442 0.00857176 0.467211 0.648718 0.429569 0.0470124 0.315437 0.707433 0.827575 0.795165
2 8 -1 -1 0.220692 0.238305 0.143199 0.429429 0.353162 0.410848 0.576229 0.572313
2 9 -1 -1 0.0288639 0.0763363 0.0377913 0.0480362 0.0198522 0.0243576 0.181105 0.211227
3 0 1.13295 1.55112 2.09416 2.51164 2.82751 3.75483 3.74299 -1 -1 -1
3 1 0.708521 1.15728 1.53014 2.00229 2.02472 3.09783 3.36068 2.59209 -1 -1
3 2 0.529701 1.08492 1.16102 1.38948 1.68723 2.63457 2.78146 2.47786 2.19305 -1
3 3 0.574019 0.530369 0.538496 1.09546 1.20663 2.17318 2.36632 2.29095 1.96193 0.0105402
3 4 0.00865393 0.0136553 0.251203 0.603994 0.815908 1.35653 2.13024 1.84701 1.85758 0.0171284
3 5 0.00652448 0.0564478 0.56391 0.611198 0.526426 0.923079 1.19575 1.71828 1.49318 0.0114085
3 6 0.00130029 0.00619579 0.754712 0.409537 0.831177 0.630223 0.965904 1.03207 1.1683 0.938354
3 7 0.000247775 0.266598 0.335287 0.287519 0.239305 0.467101 0.747552 0.770589 0.937834 0.873747
3 8 -0.000443405 0.0666208 0.133204 0.115271 0.247577 0.409612 0.275001 0.552088 0.457447 0.545671
3 9 0.018807 0.0569004 0.0757533 0.0857788 0.038434 0.0264341 0.0713379 0.0860647 0.207242 0.234964
4 0 1.42092 1.75711 2.30114 2.76771 3.69648 3.72634 2.77462 -1 -1 -1
4 1 1.27823 1.56927 1.79909 2.17364 3.10082 3.19369 2.71825 2.2189 -1 -1
4 2 0.905296 1.33551 1.53079 1.53144 2.69483 2.90539 2.86742 2.92468 -1 -1
4 3 0.824951 0.851379 1.15743 1.61234 1.49907 2.18594 2.32574 2.58776 1.82792 -1
4 4 0.260717 0.266972 0.570156 0.821342 1.21995 1.54843 1.52077 1.82086 1.75202 0.00795695
4 5 0.00814176 0.353346 0.400824 0.594763 0.882148 1.203 1.2802 1.54946 1.55108 0.0350997
4 6 0.25924 0.0416232 0.620542 0.400783 0.49707 1.06274 0.883054 1.04288 1.18723 0.928978
4 7 0.000210868 0.18329 0.316303 0.325338 0.630711 0.553702 0.768094 0.719983 0.925783 0.899825
4 8 0.0386285 0.172625 0.123883 0.21947 0.14265 0.248571 0.442961 0.460555 0.511954 0.516492
4 9 -1 0.0376165 0.0476583 0.0471702 0.0756997 0.0380858 0.0675017 0.192269 0.191159 0.259436
5 0 1.88465 2.17836 2.67723 3.71152 3.69234 2.61093 -1 -1 -1 -1
5 1 1.41146 2.15383 2.19625 3.34083 3.1652 2.86876 -1 -1 -1 -1
5 2 1.09743 1.94733 1.82618 2.80696 2.85173 2.8441 2.74561 -1 -1 -1
5 3 0.855575 1.25529 1.49369 2.36726 2.43519 2.50649 2.31944 2.04689 1.79904 -1
5 4 0.721191 1.15881 1.26957 1.29369 1.56952 1.65046 2.16036 2.17597 1.55588 -1
5 5 0.111829 0.372773 0.831993 1.02449 1.54914 1.23244 1.30486 1.57887 1.58968 0.00753701
5 6 0.0121917 0.242237 0.860148 0.569628 0.850142 0.82979 0.854167 1.18282 1.1909 0.996212
5 7 0.000868844 0.201789 0.22994 0.36945 0.458192 0.625615 0.736411 0.70466 0.881657 0.727551
5 8 0.094335 0.104539 0.200671 0.142952 0.420217 0.494102 0.478541 0.430869 0.448804 0.583887
5 9 0.0375987 0.0567368 0.0759578 0.0232342 0.123993 0.198809 0.191733 0.191715 0.174597 0.250901
6 0 1.96446 2.67648 3.74615 3.73921 -1 -1 -1 -1 -1 -1
6 1 1.34346 2.4874 2.94564 2.95837 2.59774 -1 -1 -1 -1 -1
6 2 1.43271 1.97811 2.62033 2.71334 2.70013 2.50788 -1 -1 -1 -1
6 3 1.1179 1.49388 2.3201 2.44968 2.44205 2.2253 2.21574 -1 -1 -1
6 4 0.926842 1.15191 2.06346 1.82955 1.88736 1.58817 1.98531 1.83777 -1 -1
6 5 0.584661 0.70563 1.35838 1.37445 1.44386 1.72498 1.63082 1.76741 1.46445 -1
6 6 0.197448 0.252165 0.71222 1.05223 1.04303 1.15013 1.08596 1.05179 1.2873 0.944599
6 7 0.18748 0.143423 0.558493 0.57848 0.803168 0.775043 0.753967 0.642848 0.90183 0.828638
6 8 0.00901951 0.162671 0.172717 0.310229 0.457493 0.460124 0.49787 0.460982 0.41709 0.561066
6 9 0.00919538 0.0277188 0.0386167 0.043008 0.172758 0.194367 0.188363 0.201018 0.18961 0.268193
7 0 3.30068 3.77939 3.76693 1.29316 -1 -1 -1 -1 -1 -1
7 1 1.62181 2.91408 3.14366 2.57629 1.04659 -1 -1 -1 -1 -1
7 2 1.64361 2.50458 2.76422 2.72576 2.5636 -1 -1 -1 -1 -1
7 3 1.44151 2.20813 2.30938 2.34889 2.47801 2.30127 -1 -1 -1 -1
7 4 1.11616 1.83456 2.00469 1.93873 1.85734 1.6121 1.88811 -1 -1 -1
7 5 0.876172 1.62847 1.6695 1.59544 1.47446 1.60726 1.60787 1.29266 1.31984 -1
7 6 0.649733 1.3424 1.28503 1.14674 1.10015 1.26729 1.3175 1.19718 1.17953 -1
7 7 0.23054 0.314839 0.71253 0.744043 0.818757 1.02249 0.758442 0.780211 0.898755 0.765675
7 8 0.153861 0.105367 0.236396 0.350919 0.49822 0.431 0.427288 0.451539 0.435095 0.55493
7 9 0.0866149 0.0473866 0.0844941 0.174517 0.205607 0.200628 0.201839 0.186776 0.178098 0.258508
8 0 3.74259 3.66719 -1 -1 -1 -1 -1 -1 -1 -1
8 1 2.74443 2.77651 0.825243 -1 -1 -1 -1 -1 -1 -1
8 2 1.32911 2.59087 2.43763 2.41488 0.929805 -1 -1 -1 -1 -1
8 3 0.926674 2.21703 2.13716 2.26155 1.99292 -1 -1 -1 -1 -1
8 4 1.85372 1.77458 1.97772 1.84625 1.97902 0.631012 0.505544 -1 -1 -1
8 5 1.43064 1.49479 1.52067 1.50791 1.60318 1.65816 1.32209 -1 -1 -1
8 6 1.06345 1.27959 1.12908 1.17871 1.36233 1.30903 1.3561 1.08114 -1 -1
8 7 0.82027 0.923235 0.931395 0.818833 0.908787 0.923866 0.942353 0.945542 0.894811 0.573823
8 8 0.325178 0.461983 0.486838 0.537996 0.609313 0.609083 0.52375 0.648219 0.642782 0.513654
8 9 0.0296531 0.0863163 0.199844 0.169437 0.179663 0.204952 0.215146 0.216959 0.204457 0.269787
9 0 2.67188 -1 -1 -1 -1 -1 -1 -1 -1 -1
9 1 0.660543 0.00551129 -1 -1 -1 -1 -1 -1 -1 -1
9 2 0.0818905 0.0117855 0.00891341 -1 -1 -1 -1 -1 -1 -1
9 3 0.246871 0.112206 0.0856721 0.101774 -1 -1 -1 -1 -1 -1
9 4 0.201513 0.186458 0.126541 0.136488 0.0043952 -1 -1 -1 -1 -1
9 5 0.216264 0.236641 0.21054 0.345573 0.314257 0.194491 -1 -1 -1 -1
9 6 1.16542 0.949453 0.993251 0.916274 1.2219 1.13459 1.00436 -1 -1 -1
9 7 0.847228 0.709097 0.640919 0.916163 0.852069 0.92426 0.903855 0.627679 -1 -1
9 8 0.522792 0.549713 0.533975 0.595559 0.592334 0.555603 0.577991 0.545642 0.376233 0.000523784
9 9 0.195283 0.231635 0.231201 0.242095 0.238838 0.276997 0.230924 0.290672 0.247116 0.238608

20000 828 3.78932 0 0 8 -1 0 0 0
0 0 0.409171 0.903896 1.17603 1.66403 1.93245 2.45605 2.64255 3.46484 3.78932 3.76098
0 1 0.0239449 0.254284 0.854967 1.06602 1.43329 1.74687 1.59814 1.7709 2.39156 0.12574
0 2 0.000541321 0.00861368 0.170821 0.752883 1.07623 1.28944 1.5305 1.75003 1.84017 0.111
0 3 0.000114153 0.00092831 0.0102324 0.240516 0.588956 1.08974 1.35611 1.52755 1.42328 0.361235
0 4 0.000243753 0.00100425 0.00137867 0.0344832 0.243488 0.446298 0.984885 1.22714 1.7842 0.394703
0 5 -0.000221442 0.000610725 0.00120739 0.00468048 0.0085327 0.206318 0.515096 0.780948 1.56486 0.307169
0 6 -1 0.000957958 0.00201949 0.00427956 0.00850562 0.10378 0.108954 0.558168 1.14007 1.07466
0 7 -1 -1 0.00122195 -1 0.000766368 0.00337043 0.0566174 0.275528 0.768782 0.884226
0 8 -1 -1 -1 0.0963863 -2.93062e-05 0.00855799 0.00996621 0.0128136 0.23912 0.475763
0 9 -1 -1 -1 0.0185207 -1 0.0380547 0.132589 0.028097 0.0566865 0.223188
1 0 0.698833 0.976485 1.6009 1.80103 2.33034 2.59684 3.08049 3.78909 3.78807 -1
1 1 0.545497 0.509319 1.05422 1.39263 1.76768 1.96155 2.36853 2.9531 2.06625 0.0128313
1 2 0.0754942 0.142602 0.653588 0.863021 1.27453 1.7808 1.94281 2.55637 2.32034 0.0209842
1 3 0.00100203 0.00867162 0.0532634 0.357103 0.775376 1.40449 1.74457 2.23731 2.19379 0.0155914
1 4 0.000161683 0.00220015 0.219016 0.0646437 0.317905 0.966112 1.16022 1.88491 1.9381 0.0249126
1 5 -1 0.00113692 0.0360574 0.0302225 1.00206 0.255997 0.800198 1.30945 1.61157 0.291377
1 6 -1 0.00107585 0.00200866 0.0172164 0.0459419 0.247944 0.833079 1.033 1.24476 0.929034
1 7 -0.00070075 0.000490337 0.000588671 0.620486 0.209774 0.371772 0.643525 0.534225 0.92733 0.791124
1 8 -1 -1 0.000607544 0.0378563 0.0668998 0.211019 0.0949764 0.276506 0.404417 0.490824
1 9 -1 -1 0.132808 0.0185477 -1 0.0863234 0.0852515 0.0567606 0.152254 0.228017
2 0 0.829153 1.18066 1.76869 2.24625 2.58403 2.92684 3.78199 3.78851 -1 -1
2 1 0.794251 0.919699 1.52897 1.76819 2.28999 2.72034 3.33453 2.92169 0.0127538 -1
2 2 0.435561 0.442516 0.951922 1.03936 1.44068 2.07974 2.72028 2.63293 0.250667 0.0126994
2 3 0.00833556 0.170863 0.301043 0.439459 0.834917 1.78627 2.37119 2.3388 1.92417 0.0195589
2 4 0.000636341 0.00161525 0.421664 0.104503 0.416929 1.11992 1.39594 1.97041 1.80774 0.0245302
2 5 -1.27186e-05 0.00132738 0.363173 0.956151 1.12843 1.01586 1.63294 1.50475 1.50003 0.0962267
2 6 -1 0.0214501 0.250017 0.316344 0.152032 0.441028 0.654336 1.01404 1.29158 0.759598
2 7 0.000253069 0.00857176 0.467211 0.648718 0.429569 0.696978 0.315437 0.707433 0.827575 0.832923
2 8 -1 -1 0.220692 0.285728 0.143199 0.429429 0.353162 0.410848 0.576229 0.572313
2 9 -1 0.0283411 0.0380318 0.0763363 0.0671368 0.0480362 0.0474452 0.0374989 0.181105 0.219808
3 0 1.23195 1.55112 2.09416 2.51164 2.82751 3.76285 3.77655 -1 -1 -1
3 1 0.973576 1.18729 1.53014 2.00923 2.02472 3.28397 3.36068 3.20251 -1 -1
3 2 0.737709 1.08492 1.17298 1.75675 2.35339 2.82377 2.78146 2.86107 2.19305 -1
3 3 0.574019 0.530369 0.538496 1.09546 1.20663 2.17318 2.36632 2.29095 1.96284 0.0105402
3 4 0.00865393 0.0145724 0.251203 0.74663 0.815908 1.35653 2.13024 1.92105 1.85758 0.0171284
3 5 0.00652448 0.0564478 0.56391 0.611198 0.572953 0.923079 1.19575 1.71828 1.56266 0.0194065
3 6 0.00130029 0.00619579 0.754712 0.409537 0.831177 0.630223 0.965904 1.03207 1.32239 0.938354
3 7 0.000590013 0.266598 0.335287 0.306801 0.287661 0.467101 0.747552 0.770589 0.937834 0.873747
3 8 -0.000443405 0.0666208 0.220303 0.238115 0.247577 0.409612 0.449276 0.552088 0.457447 0.545671
3 9 0.018807 0.0574205 0.0757533 0.0857788 0.0474617 0.0664367 0.0713379 0.196756 0.207242 0.252784
4 0 1.42092 1.75711 2.30114 2.76771 3.73163 3.72634 2.77462 -1 -1 -1
4 1 1.27823 1.85972 1.79909 2.17364 3.13419 3.19369 2.9856 2.2189 -1 -1
4 2 0.905296 1.33551 1.53079 1.94624 2.69483 2.90539 2.86742 2.92468 -1 -1
4 3 0.824951 1.25557 1.15743 1.61234 1.49907 2.18594 2.44929 2.58776 1.82792 -1
4 4 0.260717 0.443452 0.570156 0.821342 1.21995 1.54843 1.52077 1.89904 1.75202 0.00795695
4 5 0.00814176 0.353346 0.400824 0.659213 0.882148 1.203 1.69644 1.60811 1.55108 0.0350997
4 6 0.25924 0.0573653 0.620542 0.412721 0.497685 1.06274 1.19804 1.31167 1.21536 0.928978
4 7 0.0462623 0.18329 0.335635 0.325338 0.630711 0.553702 0.768094 0.721207 0.925783 0.899825
4 8 0.0386285 0.172625 0.172153 0.21947 0.400517 0.472546 0.474978 0.460555 0.511954 0.535162
4 9 0.0186133 0.0379682 0.0586229 0.0471702 0.0756997 0.0380858 0.0675017 0.192269 0.191159 0.259436
5 0 1.88465 2.17836 2.67723 3.71152 3.69234 2.61093 -1 -1 -1 -1
5 1 1.41146 2.15383 2.24136 3.34083 3.28659 2.99407 -1 -1 -1 -1
5 2 1.09743 1.94733 1.82618 2.80696 2.85173 2.8441 2.74561 -1 -1 -1
5 3 0.927279 1.28175 1.59443 2.43547 2.43519 2.50649 2.53538 2.23915 1.79904 -1
5 4 0.721191 1.15881 1.52291 1.92298 1.56952 1.7865 2.16036 2.18042 1.58189 -1
5 5 0.177948 0.478783 0.831993 1.02449 1.54914 1.23244 1.39294 1.57887 1.58968 0.00753701
5 6 0.087143 0.360412 0.860148 0.573613 0.850142 0.82979 0.926927 1.18282 1.24516 1.01449
5 7 0.00118728 0.201789 0.7831 0.36945 0.526906 0.688798 0.736411 0.70466 0.881657 0.727551
5 8 0.104451 0.104539 0.200671 0.220648 0.420217 0.494102 0.478541 0.430869 0.448804 0.584266
5 9 0.0375987 0.0567368 0.0759578 0.0383144 0.123993 0.198809 0.191733 0.191715 0.192255 0.250901
6 0 2.34264 2.91305 3.77194 3.74508 -1 -1 -1 -1 -1 -1
6 1 1.52469 2.51699 3.12874 3.033 2.9081 1.48267 -1 -1 -1 -1
6 2 1.43271 2.18064 2.62033 2.71334 2.88411 2.57515 -1 -1 -1 -1
6 3 1.1179 1.49611 2.37236 2.44968 2.44205 2.25775 2.32881 1.6139 -1 -1
6 4 0.926842 1.18568 2.06346 2.06057 1.96312 1.98063 2.12464 2.0634 -1 -1
6 5 0.70173 0.70563 1.35838 1.37445 1.54759 1.72498 1.63082 1.76741 1.59765 -1
6 6 0.325514 0.267092 0.71222 1.05223 1.37141 1.15013 1.40577 1.08224 1.38333 0.944599
6 7 0.18748 0.162033 0.558493 0.57848 0.803168 0.775043 0.753967 0.742455 0.910407 0.851677
6 8 0.0384983 0.162671 0.172717 0.318627 0.474463 0.460124 0.49787 0.460982 0.612205 0.564257
6 9 0.00919538 0.0470652 0.0569156 0.0755777 0.182557 0.199479 0.191194 0.205687 0.18961 0.268193
7 0 3.30068 3.77939 3.76693 1.29316 -1 -1 -1 -1 -1 -1
7 1 1.62181 3.05172 3.14366 2.67522 1.32736 -1 -1 -1 -1 -1
7 2 1.68954 2.50458 2.76422 2.72576 2.62112 1.0429 -1 -1 -1 -1
7 3 1.44151 2.20813 2.30938 2.4626 2.47801 2.30127 -1 -1 -1 -1
7 4 1.17221 1.83456 2.00469 1.93873 2.05949 2.0239 1.88811 0.798208 -1 -1
7 5 0.925033 1.62847 1.67749 1.59544 1.69061 1.63136 1.78108 1.57151 1.31984 -1
7 6 0.649733 1.3424 1.28503 1.34688 1.10015 1.29343 1.3175 1.19718 1.25464 -1
7 7 0.327503 0.506814 0.71253 0.786139 0.818757 1.02249 0.901883 0.780211 0.898755 0.765675
7 8 0.153861 0.105367 0.236396 0.363041 0.527604 0.489001 0.460391 0.47155 0.557885 0.55493
7 9 0.0866149 0.0473866 0.0844941 0.174517 0.205607 0.200628 0.201839 0.186776 0.182641 0.27787
8 0 3.76977 3.77888 -1 -1 -1 -1 -1 -1 -1 -1
8 1 2.74443 2.77651 2.72341 -1 -1 -1 -1 -1 -1 -1
8 2 1.56643 2.59087 2.6081 2.41488 0.929805 -1 -1 -1 -1 -1
8 3 1.87812 2.21703 2.40854 2.32235 2.06916 -1 -1 -1 -1 -1
8 4 1.85372 1.77458 1.97772 1.88144 1.97902 1.9023 0.586293 -1 -1 -1
8 5 1.43064 1.49708 1.65636 1.59636 1.60581 1.65816 1.32209 -1 -1 -1
8 6 1.16336 1.27959 1.15886 1.28942 1.36233 1.4176 1.36163 1.31103 -1 -1
8 7 0.82027 0.950358 0.931395 0.928299 0.908787 0.923866 0.942353 0.945542 0.894811 0.573823
8 8 0.4774 0.461983 0.545243 0.61217 0.626986 0.648733 0.657794 0.675188 0.642782 0.513654
8 9 0.0475693 0.0863163 0.199844 0.208637 0.206665 0.204952 0.215146 0.216959 0.204457 0.269787
9 0 3.40827 -1 -1 -1 -1 -1 -1 -1 -1 -1
9 1 0.660543 0.00842022 -1 -1 -1 -1 -1 -1 -1 -1
9 2 0.257445 0.0150556 0.00891341 -1 -1 -1 -1 -1 -1 -1
9 3 0.246871 0.112206 0.0856721 0.101774 -1 -1 -1 -1 -1 -1
9 4 0.201513 0.186458 0.131981 0.136488 0.102438 -1 -1 -1 -1 -1
9 5 0.797213 0.236641 0.334986 0.345573 0.314257 0.194491 -1 -1 -1 -1
9 6 1.16542 0.949453 1.03512 1.17177 1.24951 1.26798 1.02694 -1 -1 -1
9 7 0.847228 0.881547 0.725841 0.916163 0.942858 0.92426 0.903855 0.65087 -1 -1
9 8 0.545994 0.585183 0.57054 0.618102 0.592334 0.612845 0.577991 0.563225 0.566521 0.302195
9 9 0.222945 0.260247 0.231201 0.242095 0.259185 0.283287 0.260375 0.290672 0.274257 0.238608

