0 20 0.0188738 1 9 9 -1 0 0 0
0 0 -1 -1 -1 -1 -1 -1 -1 -1 -1 -1
0 1 -1 -1 -1 -1 -1 -1 -1 -1 -1 -1
0 2 -1 -1 -1 -1 -1 -1 -1 -1 -1 -1
0 3 -1 -1 -1 -1 -1 -1 -1 -1 -1 -1
0 4 -1 -1 -1 -1 -1 -1 -1 -1 -1 -1
0 5 -1 -1 -1 -1 -1 -1 -1 -1 -1 -1
0 6 -1 -1 -1 -1 -1 -1 -1 -1 -1 -1
0 7 -1 -1 -1 -1 -1 -1 -1 -1 -1 -1
0 8 -1 -1 -1 -1 -1 -1 -1 -1 -1 -1
0 9 -1 -1 -1 -1 -1 -1 -1 -1 -1 -1
1 0 -1 -1 -1 -1 -1 -1 -1 -1 -1 -1
1 1 -1 -1 -1 -1 -1 -1 -1 -1 -1 -1
1 2 -1 -1 -1 -1 -1 -1 -1 -1 -1 -1
1 3 -1 -1 -1 -1 -1 -1 -1 -1 -1 -1
1 4 -1 -1 -1 -1 -1 -1 -1 -1 -1 -1
1 5 -1 -1 -1 -1 -1 -1 -1 -1 -1 -1
1 6 -1 -1 -1 -1 -1 -1 -1 -1 -1 -1
1 7 -1 -1 -1 -1 -1 -1 -1 -1 -1 -1
1 8 -1 -1 -1 -1 -1 -1 -1 -1 -1 -1
1 9 -1 -1 -1 -1 -1 -1 -1 -1 -1 0.0188738
2 0 -1 -1 -1 -1 -1 -1 -1 -1 -1 -1
2 1 -1 -1 -1 -1 -1 -1 -1 -1 -1 -1
2 2 -1 -1 -1 -1 -1 -1 -1 -1 -1 -1
2 3 -1 -1 -1 -1 0.000965222 -1 -1 -1 -1 -1
2 4 -1 -1 -1 -1 -1 -1 -1 -1 -1 -1
2 5 -1 -1 -1 -1 -1 -1 -1 -1 -1 -1
2 6 -1 -1 -1 -1 -1 -1 -1 -1 -1 -1
2 7 -1 -1 -1 -1 -1 -1 -1 -1 -1 -1
2 8 -1 -1 -1 -1 -1 -1 -1 -1 -1 -1
2 9 -1 -1 -1 -1 -1 -1 -1 -1 -1 -1
3 0 -1 -1 -1 -1 -1 -1 -1 -1 -1 -1
3 1 -1 -1 -1 -1 -1 -1 -1 -1 -1 -1
3 2 -1 -1 -1 -1 -1 -1 -1 -1 -1 -1
3 3 -1 -1 -1 -1 -0.000965024 -1 -1 -1 -1 -1
3 4 -1 -1 -1 -1 0.000724785 -1 -1 -1 -1 -1
3 5 -1 -1 -1 -1 -1 -1 0.00053792 -1 -1 -1
3 6 -1 -1 -1 -1 -1 -1 -1 -1 -1 -1
3 7 -1 -1 -1 -1 -1 -1 -1 -1 -1 -1
3 8 -1 -1 -1 -1 -1 -1 -1 -1 -1 -1
3 9 -1 -1 -1 -1 -1 -1 -1 -1 -1 -1
4 0 -1 -1 -1 -1 -1 -1 -1 -1 -1 -1
4 1 -1 -1 -1 -1 -1 -1 -1 -1 -1 -1
4 2 -1 -1 -1 -1 -1 -1 -1 -1 -1 -1
4 3 -1 -1 -1 0.000831149 -1 -1 -1 -1 -1 -1
4 4 -1 -1 -1 0.00155981 -0.000324268 -1 -1 -1 -1 -1
4 5 -1 -1 -1 -1 0.000394594 -1 -1 -1 -1 -1
4 6 -1 -1 -1 -1 -1 -1 -1 -1 -1 -1
4 7 -1 -1 -1 -1 -1 -1 -1 -1 -1 -1
4 8 -1 -1 -1 -1 -1 -1 -1 -1 -1 -1
4 9 -1 -1 -1 -1 -1 -1 -1 -1 -1 -1
5 0 -1 -1 -1 -1 -1 -1 -1 -1 -1 -1
5 1 -1 -1 -1 -1 -1 -1 -1 -1 -1 -1
5 2 -1 -1 -1 -1 -1 -1 -1 -1 -1 -1
5 3 -1 -1 -1 -1 -1 -1 -1 -1 -1 -1
5 4 -1 -1 -1 -1 -1 -1 -1 -1 -1 -1
5 5 -1 -1 -1 0.000246379 -1 -1 -1 -1 -1 -1
5 6 -1 -1 -1 -1 -1 -1 -1 -1 -1 -1
5 7 -1 -1 -1 -1 -1 -1 -1 -1 -1 -1
5 8 -1 -1 -1 -1 -1 -1 -1 -1 -1 -1
5 9 -1 -1 -1 -1 -1 -1 -1 -1 -1 -1
6 0 -1 -1 -1 -1 -1 -1 -1 -1 -1 -1
6 1 -1 -1 -1 -1 -1 -1 -1 -1 -1 -1
6 2 -1 -1 -1 -1 -1 -1 -1 -1 -1 -1
6 3 -1 -1 -1 -1 -1 -1 -1 -1 -1 -1
6 4 -1 -1 -1 -1 -1 -1 -1 -1 -1 -1
6 5 -1 -1 -1 0.000257923 -1 -1 -1 -1 -1 -1
6 6 -1 -1 -1 -1 -1 -1 -1 -1 -1 -1
6 7 -1 -1 -1 -1 -1 -1 -1 -1 -1 -1
6 8 -1 -1 -1 -1 -1 -1 -1 -1 -1 -1
6 9 -1 -1 -1 -1 -1 -1 -1 -1 -1 -1
7 0 -1 -1 -1 -1 -1 -1 -1 -1 -1 -1
7 1 -1 -1 -1 -1 -1 -1 -1 -1 -1 -1
7 2 -1 -1 -1 -1 -1 -1 -1 -1 -1 -1
7 3 -1 -1 -1 -1 -1 -1 -1 -1 -1 -1
7 4 -1 -1 -1 -1 -1 -1 -1 -1 -1 -1
7 5 -1 -1 -1 -1 -1 -1 -1 -1 -1 -1
7 6 -1 -1 -1 -0.00178227 -1 -1 -1 -1 -1 -1
7 7 -1 -1 -1 -1 -1 -1 -1 -1 -1 -1
7 8 -1 -1 -1 -1 -1 -1 -1 -1 -1 -1
7 9 -1 -1 -1 -1 -1 -1 -1 -1 -1 -1
8 0 -1 -1 -1 -1 -1 -1 -1 -1 -1 -1
8 1 -1 -1 -1 -1 -1 -1 -1 -1 -1 -1
8 2 -1 -1 -1 -1 -1 -1 -1 -1 -1 -1
8 3 -1 -1 -1 -1 -1 -1 -1 -1 -1 -1
8 4 -1 -1 -1 -1 -1 -1 -1 -1 -1 -1
8 5 -1 -1 -1 -1 -1 -1 -1 -1 -1 -1
8 6 -1 -1 -1 -1 -1 -1 -1 -1 -1 -1
8 7 -1 -1 -1 -1 -1 -1 -1 -1 -1 -1
8 8 -1 -1 -1 -1 0.0155772 -1 -1 -1 -1 -1
8 9 -1 -1 -1 -1 -1 -1 -1 -1 -1 -1
9 0 -1 -1 -1 -1 -1 -1 -1 -1 -1 -1
9 1 0.00878652 -1 -1 -1 -1 -1 -1 -1 -1 -1
9 2 0.00301545 -1 -1 -1 -1 -1 -1 -1 -1 -1
9 3 -1 -1 -1 -1 -1 -1 -1 -1 -1 -1
9 4 -1 -1 -1 -1 -1 -1 -1 -1 -1 -1
9 5 -1 -1 -1 -1 -1 -1 -1 -1 -1 -1
9 6 -1 -1 -1 -1 -1 -1 -1 -1 -1 -1
9 7 0.00274396 -1 -1 -1 -1 -1 -1 -1 -1 -1
9 8 -1 -1 -1 -1 -1 -1 -1 -1 -1 -1
9 9 0.00468136 -1 0.00207722 0.00348403 -1 0.00192244 -1 -1 -1 -1

5000 778 3.76805 1 0 7 -1 0 0 0
0 0 0.556275 0.937792 1.26408 1.49671 1.77693 2.34055 2.46932 3.48838 3.75673 1.79341
0 1 0.0354245 0.0801891 0.688547 1.05931 0.975829 1.57832 1.82921 2.04212 2.11112 0.811981
0 2 0.000188654 0.236639 0.193336 0.528278 0.870172 1.16463 1.52926 1.34666 0.892829 0.629969
0 3 -0.000143629 0.000606995 0.00782752 0.237672 0.697497 0.913798 0.936651 1.40429 1.04043 0.0262096
0 4 -1 -1 0.00103298 0.00110312 0.113533 0.254017 0.707287 0.895101 0.352373 0.15145
0 5 -1 -1 0.00056462 0.000740002 0.00148641 0.167312 0.186483 0.985307 0.900957 0.0782207
0 6 -1 -1 0.000663501 -1 -1 -0.000314276 0.175399 0.232362 0.403694 0.405707
0 7 -1 -1 -1 -1 -0.000176248 0.000179544 0.000804141 0.0254973 0.0950444 0.728948
0 8 -1 -1 -1 -1 -1 -0.00052886 0.00864114 0.0456374 0.21125 0.301754
0 9 -1 -1 -1 -1 -1 -1 -1 -1 0.0192989 0.120572
1 0 0.594469 0.964752 1.41291 2.08654 2.5885 2.75247 3.41943 3.76805 3.74637 -1
1 1 0.448712 0.574183 0.834265 1.48241 1.52354 1.82677 2.43066 2.85139 0.0755347 0.0196661
1 2 0.180946 0.05543 0.293153 0.612467 1.20967 1.88356 1.79439 2.47141 2.20417 0.0526022
1 3 -0.000172353 0.00136959 0.019515 0.376047 0.548766 1.16438 1.37033 2.05031 2.02882 0.00927962
1 4 -1 0.000646641 0.0274008 0.0373375 0.440961 0.865109 0.872135 1.82674 1.83343 0.0150285
1 5 -1 0.0006528 0.00149605 0.00807864 0.0274194 0.151833 0.828596 1.51408 1.56539 0.0306833
1 6 -1 0.000230633 0.00152219 -1.46654e-05 0.0311434 0.00709188 0.0731196 0.504502 1.31157 0.0526741
1 7 -1 -1 0.00162863 -0.000288357 0.00611816 0.00927072 0.0379307 0.0578946 0.710171 0.620095
1 8 -1 -1 -1 -1 -1 0.00974655 0.206935 0.0422488 0.350161 0.253785
1 9 -1 -1 -1 -1 -1 0.00855056 0.0952722 0.0265708 0.0975404 0.132667
2 0 0.975847 1.36133 1.65029 2.33069 2.71145 3.20067 3.70682 3.68714 -1 -1
2 1 0.497048 0.869332 0.985845 1.41411 2.06898 2.17039 2.836 2.73546 0.0127636 -1
2 2 0.0830951 0.319028 0.734811 0.887708 1.10184 2.01033 2.71234 2.68001 0.0110183 0.0123332
2 3 0.00039648 0.146406 0.0440301 0.527388 1.06847 1.29794 2.30725 2.28239 0.0247681 0.005371
2 4 0.000142751 0.00178006 0.0187148 0.190358 0.819214 0.97609 1.37874 1.94447 0.0105625 0.00783985
2 5 0.000170484 0.00124222 0.00340569 0.0120765 0.0649348 0.362464 0.779112 1.66994 1.44632 0.0163777
2 6 -0.000702585 0.000881627 0.00185139 0.0119444 0.0247401 0.0533918 0.412214 0.889906 1.17413 0.0501065
2 7 -1 0.00068539 0.000100484 0.00127158 0.000373104 0.0270112 0.214797 0.870777 0.606646 0.61866
2 8 -1 -1 -1 -1 -0.000153169 0.0151304 0.0382638 0.141313 0.25007 0.289086
2 9 -1 -1 -1 -1 0.00857947 0.0439117 0.0277282 0.066003 0.102246 0.145291
3 0 1.13996 1.54122 2.0904 2.0388 3.1613 3.67824 3.6826 -1 -1 -1
3 1 0.637096 1.26937 1.55078 1.90595 2.259 3.15713 3.13842 0.0119402 -1 -1
3 2 0.658639 0.743778 1.2269 1.72296 1.60829 2.64284 2.68394 0.0201435 -1 -1
3 3 0.0886053 0.153935 0.522122 0.810072 1.07788 1.80323 2.4366 1.89236 0.0231629 0.0118683
3 4 0.00835378 0.00919091 0.0729553 0.687324 1.3376 1.25805 1.59786 1.61022 0.0277182 0.00796392
3 5 0.000279757 0.00226237 0.0203933 0.437902 0.486516 0.763737 0.481454 1.55848 0.00882499 0.0105715
3 6 -0.000689398 0.0181476 0.00946549 0.0407653 0.0342345 0.02772 0.788383 0.999633 0.939306 0.074639
3 7 -0.00015292 0.000516783 0.0014732 0.0157688 0.0267612 0.385677 0.512122 0.596157 0.474571 0.272354
3 8 -1 -1 -1 -1 0.00860955 0.0359924 0.0474276 0.0303664 0.156038 0.418791
3 9 -1 0.0180807 0.0183034 0.00857408 0.0216509 0.02784 0.0787431 0.0379505 0.158031 0.185972
4 0 1.6421 1.67328 2.3079 2.90647 3.68858 3.68682 -1 -1 -1 -1
4 1 0.715114 1.71797 1.85603 2.23138 2.67339 3.12729 3.07686 -1 -1 -1
4 2 0.836915 1.27424 1.13077 1.6766 2.14234 2.37813 2.49672 0.00456974 -1 -1
4 3 0.368493 0.739233 0.977051 1.22673 1.93519 1.61539 1.67214 2.3002 0.0116839 -1
4 4 0.0132532 0.394016 0.551921 0.925458 1.07698 1.47347 1.41598 1.10414 0.027286 0.0377489
4 5 0.000764076 0.0194452 0.380678 0.753041 0.810595 0.138035 1.25044 1.17372 1.33737 0.0168105
4 6 8.1056e-06 0.00224418 0.284984 0.52392 0.0993799 0.060449 0.652797 0.907906 0.690895 0.00987425
4 7 -0.000112194 0.00116374 0.00869117 0.0858288 0.0274759 0.109702 0.141953 0.70406 0.3928 0.00944179
4 8 -1 0.000559151 -4.78745e-05 0.0952005 0.0336342 0.0445609 0.458053 0.0323124 0.179978 0.374816
4 9 -1 0.018587 0.0758227 0.00854389 0.0225981 0.045663 0.0325519 0.0878511 0.157221 0.121624
5 0 1.83272 1.94507 2.8555 3.67869 3.64811 3.15186 -1 -1 -1 -1
5 1 0.719093 1.48779 2.3311 2.99531 3.22883 2.87864 -1 -1 -1 -1
5 2 0.841156 1.45679 1.91007 2.0431 2.47052 2.80217 2.5136 -1 -1 -1
5 3 0.792243 1.40458 0.965683 1.79734 2.31047 2.21674 1.808 2.00617 -1 -1
5 4 0.558573 0.408559 1.01141 1.71058 1.36314 1.23563 1.8468 1.80444 0.00280794 -1
5 5 0.0438152 0.35944 0.571692 0.667117 0.131427 0.679523 1.35302 0.853838 0.0143538 0.0190356
5 6 0.000259063 0.256551 0.59878 0.218814 0.835385 0.323002 0.3062 0.12444 0.00677915 0.00747622
5 7 0.0181483 0.00109873 0.437983 0.0571736 0.0336148 0.0369566 0.0229837 0.365673 0.661541 0.652245
5 8 -1 0.000562001 0.0181094 0.0393244 0.0472375 0.0241001 0.0726686 0.238676 0.286548 0.198074
5 9 -1 -1 0.0121481 0.0249642 0.0758482 0.0323716 0.0256898 0.114207 0.0337399 0.126006
6 0 1.20689 2.72064 3.68318 3.68787 0.907528 -1 -1 -1 -1 -1
6 1 1.60942 2.01217 2.93483 2.98203 2.59711 2.83644 -1 -1 -1 -1
6 2 1.13212 1.82606 2.68807 2.62165 2.80536 2.73395 1.47198 -1 -1 -1
6 3 0.816072 1.57357 2.19943 2.24273 2.14533 2.21922 2.09882 -1 -1 -1
6 4 0.646013 1.32079 1.89369 1.88083 1.63485 1.89139 1.84564 2.11164 -1 -1
6 5 0.343932 0.508583 1.03415 1.40535 1.42921 1.43083 1.14567 1.40881 0.0070363 -1
6 6 0.0400519 0.332359 1.05046 0.535055 0.520306 0.534919 0.545356 0.415062 0.0128655 0.0109683
6 7 0.00842309 0.218268 0.534019 0.193086 0.0542176 0.0172383 0.125194 0.198608 0.063067 0.014868
6 8 -0.00036867 0.0244271 0.0299455 0.0352661 0.0345891 0.0388624 0.497233 0.272851 0.178715 0.181953
6 9 0.00851427 0.018297 0.0212152 0.030647 0.0393954 0.0260143 0.0195408 0.0224446 0.107984 0.156314
7 0 3.39555 3.66019 3.63362 -1 -1 -1 -1 -1 -1 -1
7 1 2.03953 3.15086 2.89829 2.33449 -1 -1 -1 -1 -1 -1
7 2 1.49416 2.55663 2.37629 2.65782 2.29762 -1 -1 -1 -1 -1
7 3 0.92803 2.12739 2.30639 2.28787 2.43603 0.00025176 -1 -1 -1 -1
7 4 1.01077 1.67832 2.02829 1.83598 1.81115 2.09683 1.78909 -1 -1 -1
7 5 0.810303 1.61434 1.42569 1.53134 1.69153 1.61036 1.51916 1.3404 0.469635 -1
7 6 0.400301 0.592867 1.17205 1.17588 1.09841 1.23033 1.35638 1.23037 1.34968 -1
7 7 0.198947 0.44387 0.431185 0.449599 0.189844 0.746493 0.784299 0.993596 0.522503 0.0584009
7 8 0.0132866 0.0370761 0.108288 0.0693446 0.0282633 0.0227373 0.0206728 0.359927 0.396977 0.020957
7 9 0.11354 0.0237453 0.0739089 0.0319739 0.0188487 0.0225068 0.0306242 0.0200493 0.127201 0.073844
8 0 3.70362 3.68708 -1 -1 -1 -1 -1 -1 -1 -1
8 1 2.88288 0.0197172 -4.41906e-05 -1 -1 -1 -1 -1 -1 -1
8 2 1.78397 2.05018 0.0111504 0.00844306 -1 -1 -1 -1 -1 -1
8 3 2.00406 2.06743 0.0133277 1.95361 0.0104029 -1 -1 -1 -1 -1
8 4 0.968561 1.76331 1.92014 1.76091 1.81604 1.6661 -1 -1 -1 -1
8 5 1.35871 1.48594 1.51413 1.41017 1.48199 1.60138 1.35927 -1 -1 -1
8 6 0.93338 1.15032 1.12963 1.18703 1.18702 1.30381 1.25891 1.18761 0.908661 -1
8 7 0.623824 0.852092 0.919674 0.831833 0.852189 0.880649 0.788614 0.976577 0.896693 -1
8 8 0.113367 0.439561 0.194713 0.580158 0.40166 0.590852 0.618411 0.57801 0.564385 0.394396
8 9 0.0752955 0.0418927 0.180464 0.0266408 0.0197772 0.0434487 0.020534 0.0179682 0.242227 0.0827691
9 0 1.06482 -1 -1 -1 -1 -1 -1 -1 -1 -1
9 1 0.0873774 0.00604453 -1 -1 -1 -1 -1 -1 -1 -1
9 2 0.24816 0.00572617 -1 -1 -1 -1 -1 -1 -1 -1
9 3 0.0823884 0.00845777 0.00469512 -1 -1 -1 -1 -1 -1 -1
9 4 0.162662 0.0301382 0.0146931 -1 -1 -1 -1 -1 -1 -1
9 5 1.04218 0.0216398 0.249512 0.0117847 0.0214848 0.00434208 -1 -1 -1 -1
9 6 0.994436 0.974547 0.324779 0.385739 0.362849 0.0569149 0.00820066 -1 -1 -1
9 7 0.622531 0.785191 0.571719 0.823074 0.809168 0.793319 0.803511 0.848088 -1 -1
9 8 0.47337 0.483575 0.554659 0.62259 0.575037 0.53855 0.622845 0.591291 0.498126 0.311333
9 9 0.197135 0.240234 0.241513 0.219792 0.250689 0.251156 0.288694 0.276997 0.275705 0.245676

10000 800 3.77719 1 0 7 -1 0 0 0
0 0 0.556275 0.950011 1.34359 1.62592 2.01681 2.513 2.94366 3.50671 3.77604 3.32385
0 1 0.0459476 0.420049 0.74469 1.05931 1.43375 1.65274 2.02756 2.36559 3.07801 0.811981
0 2 0.000290192 0.340567 0.295051 0.692008 0.98096 1.2998 1.52926 1.87744 2.35616 0.629969
0 3 -0.000143629 0.000606995 0.0178376 0.468191 0.697497 0.977962 1.29139 1.61724 1.67916 0.611633
0 4 -1 -0.000114246 0.00103298 0.0176107 0.113533 0.600752 1.00782 1.1073 1.76876 0.15145
0 5 -1 0.000288523 0.00056462 0.00343018 0.00807326 0.167312 0.597169 1.05958 1.51049 0.20474
0 6 -1 -1 0.000663501 0.000225206 -0.000830394 0.0015941 0.175399 0.232362 0.868873 0.964003
0 7 -1 -1 -1 -1 -0.000176248 0.00068949 0.0466389 0.316076 0.453854 0.728948
0 8 -1 -1 -1 -1 -1 -0.000271978 0.0188126 0.232805 0.268096 0.502671
0 9 -1 -1 -1 -1 -1 -1 0.0564973 -0.000194158 0.0947063 0.192061
1 0 0.815732 1.21042 1.59302 2.08654 2.5885 2.75247 3.41943 3.77719 3.77404 -1
1 1 0.448712 0.643361 0.834265 1.48241 1.83043 1.97608 2.50061 2.95382 3.20788 0.0196661
1 2 0.180946 0.157975 0.650951 0.919504 1.20967 1.88356 2.25416 2.57275 2.53066 0.0526022
1 3 -0.000172353 0.0185516 0.0565244 0.376047 0.699176 1.4511 1.99213 2.25586 2.24142 0.00927962
1 4 -1 0.000886512 0.0274008 0.0373375 0.812227 1.13761 1.48523 1.82674 1.94424 0.814319
1 5 -1 0.00453224 0.0023082 0.037556 0.0891661 0.602753 1.0715 1.5278 1.59551 0.381255
1 6 -1 0.000230633 0.00223534 0.0137867 0.0567322 0.0358241 0.842262 1.12964 1.31157 0.907566
1 7 -1 -1 0.00162863 -0.000288357 0.0136435 0.732457 0.0467748 0.54347 0.838356 0.818028
1 8 -1 -1 -1 -1 -1 0.00974655 0.206935 0.335493 0.350161 0.518453
1 9 -1 -1 -1 -1 0.0276663 0.0182998 0.0952722 0.133164 0.111377 0.158372
2 0 0.975847 1.36133 1.65029 2.33069 2.71145 3.20067 3.70682 3.7139 -1 -1
2 1 0.591996 0.977012 1.12571 1.49112 2.06898 2.33429 3.05833 3.04628 0.145375 -1
2 2 0.196163 0.413666 0.734811 0.992541 1.61108 2.16108 2.71234 2.68001 2.8255 0.0123332
2 3 0.000496337 0.146406 0.182868 0.527388 1.86832 1.53614 2.44087 2.32909 2.08858 0.00818546
2 4 0.000142751 0.00178006 0.0187148 0.86413 0.819743 0.97609 1.37874 1.9785 1.68106 0.108539
2 5 0.000170484 0.00124222 0.485753 0.0261825 0.725137 1.16218 0.779112 1.66994 1.44632 0.0206198
2 6 3.55135e-05 0.00117586 0.00185382 0.409743 0.659827 0.756063 0.607729 0.99421 1.17413 1.2053
2 7 -0.000542314 0.00068539 0.000656614 0.0085847 0.152433 0.0485738 0.359108 0.870777 0.864932 0.750971
2 8 -1 -1 -1 -1 0.0086796 0.328279 0.0559178 0.141313 0.392693 0.585405
2 9 -1 -1 -1 0.133435 0.0283363 0.0564286 0.0277282 0.066003 0.102246 0.205302
3 0 1.22427 1.54122 2.18929 2.22601 3.1613 3.70247 3.69526 -1 -1 -1
3 1 0.753338 1.41996 1.55078 1.90595 2.43987 3.15713 3.13842 2.30635 -1 -1
3 2 0.658639 0.917609 1.2269 1.72296 1.63496 2.64284 2.80589 2.38978 -5.91031e-05 -1
3 3 0.380344 0.426866 0.911531 0.810072 1.28342 1.80323 2.4366 1.89236 1.92289 0.0118683
3 4 0.00835378 0.0592742 0.283986 0.803096 1.37085 1.39798 1.59786 1.80032 1.70702 0.0110454
3 5 0.00760851 0.00355082 0.0666537 0.669469 1.12933 1.18814 1.45141 1.55848 1.29042 0.0286894
3 6 -0.000689398 0.0181476 0.0230006 0.0476695 0.0342345 0.151091 0.788383 0.999633 0.939306 1.21508
3 7 -0.00015292 0.0369547 0.447928 0.0157688 0.555794 0.417336 0.512122 0.596157 0.774672 0.800726
3 8 -1 -1 0.0294 0.0372911 0.0276973 0.0359924 0.360377 0.394813 0.430055 0.494758
3 9 -1 0.0180807 0.0183458 0.02771 0.0372924 0.113928 0.0946967 0.0379505 0.158031 0.186467
4 0 1.6421 2.0383 2.3079 2.99807 3.70324 3.69785 1.8046 -1 -1 -1
4 1 0.888055 1.71797 1.85603 2.23138 3.1281 3.18021 3.07686 -1 -1 -1
4 2 0.843339 1.39966 1.64127 1.69629 2.14234 2.48533 2.53507 2.70358 -1 -1
4 3 0.538975 0.826347 0.977051 1.34901 1.93519 1.87889 1.74739 2.3002 0.0116839 -1
4 4 0.279989 0.436796 0.667125 1.07827 1.39474 1.47347 1.90572 1.53483 0.027286 0.0377489
4 5 0.000780188 0.135128 0.513879 1.0301 1.02224 0.978161 1.47149 1.55373 1.33737 0.0168105
4 6 8.1056e-06 0.0162482 0.43851 0.812571 1.02531 0.91494 1.01772 1.03374 1.09206 0.0599201
4 7 -0.000112194 0.00874299 0.0372805 0.0858288 0.244444 0.109702 0.557759 0.813826 0.753697 0.677673
4 8 -1 0.00898777 0.0180383 0.104635 0.314995 0.207633 0.458053 0.184884 0.336579 0.455766
4 9 -1 0.018587 0.0758227 0.0373389 0.0760147 0.114558 0.162052 0.108689 0.157221 0.259954
5 0 1.83272 2.17737 2.8555 3.75428 3.72515 3.15186 -1 -1 -1 -1
5 1 1.04837 1.82363 2.3311 3.03795 3.22883 3.01564 -1 -1 -1 -1
5 2 0.841156 1.45679 1.91007 2.74351 2.63616 2.80217 2.76791 -1 -1 -1
5 3 0.792243 1.40458 1.47799 2.48907 2.31047 2.21674 2.37722 2.08627 -1 -1
5 4 0.558573 0.857009 1.01141 1.88949 1.46415 1.57766 2.14528 2.02302 0.0110024 -1
5 5 0.262939 0.619157 0.831797 0.998546 1.30679 0.679523 1.54703 0.993692 0.0143538 0.0527073
5 6 0.000756866 0.351577 0.657887 0.543382 0.835385 0.917979 0.874776 1.2599 1.04155 0.0111019
5 7 0.0181483 0.00852065 0.437983 0.402459 0.505409 0.0369566 0.574814 0.810674 0.758399 0.652245
5 8 -0.00082558 0.000628968 0.0613352 0.278751 0.15475 0.152932 0.267453 0.3828 0.547554 0.600843
5 9 0.0371808 0.0182798 0.0184811 0.123374 0.0758482 0.0392781 0.136054 0.114207 0.186453 0.229718
6 0 2.05523 2.92578 3.75578 3.73427 0.907528 -1 -1 -1 -1 -1
6 1 1.60942 2.04676 2.97881 3.08013 2.91659 2.83644 -1 -1 -1 -1
6 2 1.14823 1.89867 2.76457 2.75077 2.80536 2.73395 1.47198 -1 -1 -1
6 3 0.816072 1.57357 2.19943 2.40069 2.33151 2.42995 2.18523 -1 -1 -1
6 4 0.646013 1.32079 2.00017 2.01622 1.88044 2.1183 1.92518 2.11164 -1 -1
6 5 0.460623 0.777523 1.13099 1.40535 1.42921 1.5873 1.68811 1.72478 0.00773245 -1
6 6 0.216195 0.390016 1.05046 0.640539 0.918241 0.818801 0.99641 0.415062 0.979321 1.01388
6 7 0.00842309 0.295131 0.534019 0.851822 0.523812 0.707221 0.690244 0.775463 0.648445 0.671959
6 8 0.00336506 0.0244271 0.0299455 0.430811 0.211006 0.344466 0.497233 0.478041 0.545367 0.454296
6 9 0.00855406 0.0184285 0.0212152 0.101507 0.0393954 0.0551175 0.120268 0.0951611 0.183145 0.190928
7 0 3.4064 3.75966 3.76308 -1 -1 -1 -1 -1 -1 -1
7 1 2.14524 3.15086 3.03123 2.63147 -1 -1 -1 -1 -1 -1
7 2 1.49416 2.55663 2.75057 2.65782 2.54874 -1 -1 -1 -1 -1
7 3 1.06364 2.24172 2.30639 2.28787 2.43603 2.29497 -1 -1 -1 -1
7 4 1.08774 1.67832 2.03269 1.99212 2.10754 2.09683 1.83398 1.45936 -1 -1
7 5 0.819663 1.61434 1.67264 1.56629 1.69153 1.61997 1.73667 1.60999 0.469635 -1
7 6 0.400301 0.592867 1.25335 1.21377 1.09841 1.23033 1.35638 1.33394 1.34968 -1
7 7 0.198947 0.57466 0.586251 0.449599 0.719886 0.987431 0.817524 0.993596 0.799545 0.427697
7 8 0.276603 0.29651 0.108288 0.38276 0.0652431 0.216226 0.382279 0.392071 0.529173 0.427716
7 9 0.11354 0.0304666 0.0739089 0.0976501 0.0205643 0.0581305 0.0469366 0.173209 0.247213 0.149958
8 0 3.75138 3.71112 -1 -1 -1 -1 -1 -1 -1 -1
8 1 3.01078 2.68169 0.00439167 -1 -1 -1 -1 -1 -1 -1
8 2 2.23072 2.29955 0.0237324 0.00844306 -1 -1 -1 -1 -1 -1
8 3 2.00406 2.1113 2.04957 1.98131 1.79323 -1 -1 -1 -1 -1
8 4 1.58047 1.92608 1.92014 1.89681 1.8876 1.878 -1 -1 -1 -1
8 5 1.5229 1.6031 1.60477 1.60465 1.61307 1.60138 1.5616 1.38584 -1 -1
8 6 1.01516 1.29324 1.25462 1.2554 1.21988 1.33212 1.32903 1.27295 0.908661 -1
8 7 0.920108 0.904647 0.941688 0.93786 0.946272 0.902116 0.906304 0.982258 0.942403 -0.000250273
8 8 0.152426 0.526245 0.552034 0.580158 0.641752 0.590852 0.618411 0.57801 0.634689 0.636916
8 9 0.190642 0.0857407 0.180464 0.0279408 0.200158 0.163283 0.165669 0.183754 0.242227 0.194928
9 0 1.57525 -1 -1 -1 -1 -1 -1 -1 -1 -1
9 1 0.739783 0.00604453 -1 -1 -1 -1 -1 -1 -1 -1
9 2 0.627281 0.00572617 -1 -1 -1 -1 -1 -1 -1 -1
9 3 0.347605 0.101848 0.00469512 0.000700821 -1 -1 -1 -1 -1 -1
9 4 1.09649 0.0607269 0.0407791 -1 0.149216 -1 -1 -1 -1 -1
9 5 1.04218 0.0216398 0.249512 1.19489 0.0214848 0.00434208 -1 -1 -1 -1
9 6 1.12217 0.99696 1.08878 0.441382 0.822162 0.819312 0.951801 -1 -1 -1
9 7 0.794395 0.890613 0.886898 0.934767 0.899462 0.830515 0.82271 0.848088 0.648301 -1
9 8 0.482029 0.602147 0.565011 0.62259 0.592871 0.623034 0.622845 0.596193 0.550035 0.358017
9 9 0.224241 0.242909 0.284675 0.268554 0.278298 0.276532 0.288694 0.281436 0.302675 0.245676

15000 815 3.77932 1 0 7 -1 0 0 0
0 0 0.556275 0.950011 1.39982 1.85762 2.26077 2.513 2.94366 3.54885 3.77768 3.33209
0 1 0.0459476 0.5276 0.775869 1.28866 1.43375 1.79698 2.34034 2.8056 3.07801 1.08943
0 2 0.000290192 0.340567 0.295051 0.69293 1.14389 1.48377 1.85735 2.11217 2.92453 0.629969
0 3 -0.000143629 0.000631323 0.0178376 0.468191 0.697497 0.981099 1.3424 1.72264 2.36787 2.22217
0 4 -1 0.000240582 0.00148139 0.0176107 0.190254 0.713032 1.00782 1.90158 1.76876 0.255767
0 5 -1 0.000288523 0.00972577 0.00740554 0.236438 1.53859 0.597169 1.25482 1.51049 1.31488
0 6 -1 -1 0.000663501 0.00162535 0.00223622 0.0281264 0.470616 0.566892 0.9612 1.12956
0 7 -1 -1 -1 -1 -3.04046e-05 0.00107786 0.0466389 0.316076 0.867366 0.808167
0 8 -1 -1 -1 -1 0.000148118 0.0181506 0.0242078 0.232805 0.322077 0.56561
0 9 -1 -1 -1 -1 -1 0.00881911 0.104644 0.0375066 0.0947063 0.19276
1 0 0.815732 1.21042 1.59302 2.08654 2.5885 3.02071 3.41943 3.77932 3.77404 -1
1 1 0.544886 0.643361 0.834265 1.48241 2.09543 2.23525 2.58631 3.08965 3.20788 0.031663
1 2 0.180946 0.247046 0.878996 0.919504 1.27141 1.92925 2.28841 2.66478 2.62555 0.0526022
1 3 -0.000172353 0.0861143 0.180469 0.384599 1.57866 1.63714 2.12176 2.29056 2.5148 0.0400521
1 4 0.000287757 0.000965275 0.0274008 0.0506015 1.03032 1.17657 1.48523 1.91564 1.94424 0.814319
1 5 -1 0.00453224 0.00278182 0.485521 0.130472 0.602753 1.0715 1.5278 1.60141 1.28089
1 6 -1 0.000312879 0.00514747 0.0137867 0.0567322 0.0707838 0.842262 1.12964 1.31157 1.1612
1 7 -1 -1 0.00172618 -0.000288357 0.0366773 0.732457 0.555466 0.707364 0.951052 0.884724
1 8 -1 -1 -1 -1 -1 0.00974655 0.254565 0.335493 0.46856 0.543458
1 9 -1 -1 -1 0.00876625 0.0661754 0.0377088 0.0952722 0.140396 0.176321 0.191939
2 0 0.975847 1.36133 1.67162 2.33069 2.79345 3.22624 3.75748 3.76317 -1 -1
2 1 0.591996 0.977012 1.3766 1.7673 2.09541 2.37649 3.1646 3.04628 0.31023 -1
2 2 0.427153 0.521029 0.734811 0.992541 1.61108 2.22713 2.71234 2.68001 2.8255 0.0123332
2 3 0.0553255 0.170608 0.202475 0.527388 1.86832 1.93413 2.44087 2.32909 2.50546 0.0206025
2 4 0.000142751 0.0273003 0.104549 1.23661 1.62174 1.50205 1.98716 1.9785 1.90154 0.108539
2 5 0.000170484 0.00196252 0.485753 0.543472 0.725137 1.16218 1.18525 1.66994 1.51512 0.332006
2 6 0.000648736 0.00117586 0.149954 0.59559 0.686445 1.07912 0.607729 1.00306 1.28956 1.2053
2 7 -0.000542314 0.00121197 0.602904 0.277965 0.152433 0.746335 0.458378 0.870777 0.864932 0.846242
2 8 -1 0.017882 -1 0.0230817 0.314819 0.328279 0.333502 0.381787 0.583242 0.585405
2 9 -1 -1 0.0374515 0.133435 0.0661936 0.085405 0.11414 0.130927 0.142885 0.221497
3 0 1.25709 1.79489 2.18929 2.44182 3.1613 3.70931 3.69526 -1 -1 -1
3 1 0.767011 1.41996 1.67391 1.90595 2.51623 3.15713 3.2002 2.87981 -1 -1
3 2 0.658639 0.917609 1.26008 1.72296 2.05566 2.71018 2.80589 2.38978 0.0164192 -1
3 3 0.380344 0.540934 0.911531 0.914506 1.40577 2.01245 2.4366 2.38487 2.21199 0.0759133
3 4 0.0556622 0.283115 0.466005 0.803096 1.44539 1.85909 1.8256 1.97906 2.08189 0.0151755
3 5 0.00760851 0.0198337 0.257355 0.685691 1.12933 1.33946 1.45141 1.70442 1.65809 1.46704
3 6 -0.000689398 0.0181476 0.447695 0.471235 0.449794 0.899939 1.10084 1.10803 1.30389 1.26431
3 7 -0.00015292 0.0369547 0.447928 0.566051 0.555794 0.468706 0.755112 0.753933 0.856415 0.902932
3 8 -1 -1 0.0294 0.295934 0.410969 0.353513 0.360377 0.420704 0.554584 0.536257
3 9 -1 0.0180807 0.0564575 0.133467 0.0372924 0.133202 0.152883 0.0565646 0.210655 0.246474
4 0 1.6421 2.0383 2.3079 2.99807 3.70324 3.70011 1.8046 -1 -1 -1
4 1 1.10255 1.71797 1.85603 2.57349 3.16248 3.18021 3.07686 2.83771 -1 -1
4 2 0.843339 1.39966 1.64127 1.88625 2.14234 2.67382 2.7371 2.74133 -1 -1
4 3 0.538975 0.826347 1.25721 1.80827 1.93519 1.87889 2.2017 2.34499 2.24608 -1
4 4 0.426021 0.436796 0.667125 1.07827 1.39474 1.77173 1.90572 1.62896 1.69195 0.0377489
4 5 0.00103088 0.135128 0.582749 1.0301 1.52619 1.14246 1.56016 1.55373 1.59383 0.0168105
4 6 8.1056e-06 0.0185914 0.43851 0.851881 1.02531 1.12718 1.02477 1.13733 1.15666 0.981386
4 7 -0.000112194 0.00874299 0.0372805 0.180491 0.630069 0.60334 0.620991 0.873728 0.918869 0.793849
4 8 -1 0.00898777 0.0468147 0.305612 0.439879 0.414463 0.458053 0.468223 0.563188 0.555586
4 9 0.00859948 0.018587 0.0758227 0.0374908 0.161891 0.155527 0.162052 0.108689 0.21701 0.259954
5 0 1.83272 2.31111 2.8555 3.75428 3.72577 3.15186 -1 -1 -1 -1
5 1 1.04837 2.06114 2.37262 3.03795 3.22883 3.01564 -1 -1 -1 -1
5 2 0.922937 1.60946 1.91007 2.74351 2.81792 2.80217 2.76791 -1 -1 -1
5 3 0.792243 1.40458 1.47799 2.48907 2.41933 2.44669 2.37722 2.10537 -1 -1
5 4 0.558573 0.857009 1.34044 1.88949 1.62072 1.79609 2.14528 2.1861 0.0110024 -1
5 5 0.295552 0.619157 1.04109 1.35797 1.30679 1.23308 1.54703 1.618 1.51826 0.0527073
5 6 0.00841356 0.476035 0.657887 0.679819 1.03257 1.11049 1.05332 1.40038 1.10133 0.0111019
5 7 0.267139 0.399987 0.437983 0.487798 0.505409 0.852747 0.755689 0.886694 0.847439 0.911373
5 8 0.0657328 0.000628968 0.0757392 0.278751 0.37276 0.365294 0.354506 0.525584 0.547554 0.600843
5 9 0.0371808 0.0277034 0.0184811 0.12383 0.116783 0.0392781 0.171601 0.190757 0.188536 0.252691
6 0 2.26456 2.92578 3.75777 3.75265 0.907528 -1 -1 -1 -1 -1
6 1 1.60942 2.24426 3.07669 3.12354 3.05625 2.8981 -1 -1 -1 -1
6 2 1.14823 2.00072 2.76457 2.75159 2.80536 2.73395 1.47198 -1 -1 -1
6 3 0.816072 1.57357 2.3717 2.42513 2.42252 2.42995 2.31209 -1 -1 -1
6 4 0.825922 1.32079 2.06082 2.07535 1.88044 2.1183 2.0902 2.11164 1.60549 -1
6 5 0.460623 0.779043 1.35211 1.40535 1.57316 1.60242 1.68811 1.72478 1.44125 -1
6 6 0.219588 0.596307 1.05046 0.704421 0.932903 1.03412 0.99641 1.12382 1.20462 1.01388
6 7 0.208706 0.304103 0.581068 0.851822 0.771865 0.737121 0.794668 0.862891 0.893162 0.678258
6 8 0.0666701 0.0297398 0.0299455 0.450251 0.38301 0.344466 0.497233 0.548673 0.582758 0.553146
6 9 0.0277527 0.027814 0.0564622 0.101507 0.0578174 0.190993 0.183507 0.0951611 0.268543 0.253432
7 0 3.4064 3.76479 3.77147 -1 -1 -1 -1 -1 -1 -1
7 1 2.22955 3.15086 3.09923 2.82431 2.79649 -1 -1 -1 -1 -1
7 2 1.49416 2.60876 2.75057 2.65782 2.6414 2.50995 -1 -1 -1 -1
7 3 1.06364 2.29766 2.30639 2.33665 2.43603 2.32426 -1 -1 -1 -1
7 4 1.17609 1.92856 2.03269 2.03617 2.10754 2.09683 1.86747 1.45936 -1 -1
7 5 0.819663 1.61434 1.67264 1.71624 1.69153 1.67706 1.75502 1.60999 0.469635 -1
7 6 0.45155 1.07212 1.25335 1.31408 1.33558 1.34434 1.35638 1.38665 1.34968 0.00906107
7 7 0.198947 0.619577 0.858762 0.908384 0.776245 0.987431 0.817524 0.994801 1.03807 0.427697
7 8 0.276603 0.29651 0.334184 0.38276 0.372326 0.506189 0.392482 0.546738 0.554246 0.492331
7 9 0.11354 0.0304666 0.161813 0.0976501 0.0711829 0.0853338 0.200667 0.243719 0.247213 0.24063
8 0 3.75263 3.74243 -1 -1 -1 -1 -1 -1 -1 -1
8 1 3.02229 2.68169 0.00439167 -1 -1 -1 -1 -1 -1 -1
8 2 2.54566 2.41171 0.387618 0.00844306 -1 -1 -1 -1 -1 -1
8 3 2.00406 2.17539 2.09655 2.0316 1.79323 -1 -1 -1 -1 -1
8 4 1.95303 1.92608 1.92014 1.89681 1.9606 1.878 -1 -1 -1 -1
8 5 1.5229 1.6031 1.62456 1.60465 1.61307 1.60138 1.5616 1.38584 -1 -1
8 6 1.17103 1.31242 1.31407 1.33342 1.32382 1.37538 1.38151 1.27295 0.908661 -1
8 7 0.920108 0.94894 0.941688 0.975 0.955449 0.98668 0.98256 1.0046 0.942403 0.661016
8 8 0.556608 0.570715 0.552034 0.580158 0.649362 0.590852 0.618411 0.622141 0.656473 0.636916
8 9 0.190642 0.124556 0.180464 0.229144 0.200158 0.163283 0.172018 0.210153 0.242227 0.292915
9 0 3.47831 -1 -1 -1 -1 -1 -1 -1 -1 -1
9 1 0.739783 0.00604453 -1 -1 -1 -1 -1 -1 -1 -1
9 2 0.829361 0.00572617 0.00210232 -1 -1 -1 -1 -1 -1 -1
9 3 0.347605 0.101848 0.0169512 0.00732126 -1 -1 -1 -1 -1 -1
9 4 1.09649 0.290615 0.241316 0.00415061 0.149216 -1 -1 -1 -1 -1
9 5 1.3725 0.0257646 0.257858 1.5746 0.0214848 0.00434208 -1 -1 -1 -1
9 6 1.12217 1.01242 1.19562 1.20117 1.00522 1.27852 0.951801 -1 -1 -1
9 7 0.794395 0.890613 0.910395 0.934767 0.899462 0.958866 0.929107 0.848088 0.648301 -1
9 8 0.545862 0.602147 0.578031 0.63384 0.599062 0.623828 0.622845 0.596193 0.61595 0.394132
9 9 0.224241 0.242909 0.284675 0.268554 0.278298 0.276532 0.288694 0.289818 0.302675 0.250341

20000 820 3.77932 1 0 7 -1 0 0 0
0 0 0.556275 0.950011 1.4843 1.87225 2.30381 2.513 3.16465 3.55734 3.77768 3.43632
0 1 0.0824285 0.5276 0.828133 1.28866 1.50253 1.79698 2.34034 2.83126 3.07801 1.08943
0 2 0.000290192 0.340567 0.344238 0.69293 1.14389 1.7094 1.85735 2.18471 2.92453 2.19998
0 3 0.000270792 0.000631323 0.0178376 0.468191 0.697497 1.19538 1.51245 2.12637 2.36787 2.22217
0 4 -1 0.000240582 0.00148139 0.0176107 0.362065 1.49245 1.15405 1.90158 1.76876 0.255767
0 5 -1 0.000288523 0.00972577 0.00740554 0.236438 1.53859 0.975119 1.25482 1.51049 1.31488
0 6 -1 0.000655633 0.00787127 0.00162535 0.00223622 0.56691 0.470616 0.566892 1.03942 1.19259
0 7 -1 -1 -1 -1 -3.04046e-05 0.00107786 0.765997 0.35653 0.867366 0.877216
0 8 -1 -1 -1 -1 0.000148118 0.105521 0.0278106 0.232805 0.322077 0.568525
0 9 -1 -1 -1 -1 -1 0.00881911 0.104916 0.0375066 0.0949499 0.19276
1 0 0.815732 1.21042 1.61731 2.08654 2.5885 3.02071 3.42663 3.77932 3.77562 -1
1 1 0.544886 0.646936 1.1248 1.6008 2.09543 2.50867 2.58631 3.08965 3.20788 0.0673711
1 2 0.180946 0.247046 0.878996 0.919504 1.55323 2.15439 2.50962 2.90463 2.86535 0.0526022
1 3 -0.000172353 0.181485 0.362257 0.384599 1.57866 1.63714 2.13219 2.29056 2.5148 0.0400521
1 4 0.000287757 0.00227373 0.0274008 0.255586 1.03032 1.93574 1.78643 1.91564 1.94424 2.00413
1 5 -1 0.00453224 0.171225 0.485521 0.561554 0.602753 1.44607 1.5278 1.60141 1.28089
1 6 -1 0.000742788 0.00656577 0.0137867 0.0567322 0.870686 1.00538 1.12964 1.31157 1.1612
1 7 -1 -0.000207428 0.00172618 0.0278021 0.268555 0.732457 0.555466 0.707364 0.951052 0.893644
1 8 -1 -1 -1 -1 0.00062375 0.0278242 0.254565 0.335493 0.46856 0.543458
1 9 -1 -1 -1 0.00876625 0.0661754 0.152337 0.0952722 0.140396 0.176321 0.235889
2 0 1.00534 1.36133 1.76559 2.33069 2.79345 3.22624 3.76338 3.77233 -1 -1
2 1 0.815462 1.12417 1.3766 1.78356 2.09541 2.37649 3.34437 3.15555 0.31023 -1
2 2 0.476713 0.675188 0.734811 1.20129 1.87024 2.22713 2.75664 2.79487 2.88816 0.0196603
2 3 0.0553255 0.180959 0.202475 1.11208 1.86832 2.22218 2.44087 2.35448 2.50546 0.0206025
2 4 0.000142751 0.0273003 0.399227 1.23661 1.62174 1.50205 1.98716 1.9785 1.90154 1.83196
2 5 0.000170484 0.00925521 0.485753 0.860097 0.725137 1.16218 1.39774 1.66994 1.59934 1.38512
2 6 0.000648736 0.00117586 0.327395 0.59559 0.781884 1.13979 0.607729 1.10974 1.28956 1.2053
2 7 -0.000542314 0.00591337 0.602904 0.277965 0.152499 0.746335 0.669862 0.870777 0.885408 0.954722
2 8 -1 0.017882 -1 0.209708 0.314819 0.373732 0.430111 0.41889 0.583242 0.623526
2 9 -1 -1 0.0374515 0.19097 0.0946098 0.200786 0.11414 0.155136 0.176882 0.221497
3 0 1.58556 1.79489 2.38635 2.44182 3.1613 3.70931 3.69526 -1 -1 -1
3 1 0.767011 1.41996 1.68454 2.16521 2.61915 3.19842 3.20922 2.87981 -1 -1
3 2 0.776278 1.12552 1.26008 1.72296 2.158 2.71018 2.86915 2.38978 2.67253 -1
3 3 0.380344 0.556488 0.911531 0.92906 2.03347 2.09057 2.4366 2.38487 2.21199 0.0759133
3 4 0.0556622 0.283115 0.546639 1.25141 1.44539 1.86909 1.8256 1.97906 2.08189 0.261888
3 5 0.00760851 0.0198337 0.257355 0.981765 1.12933 1.37478 1.45141 1.70442 1.65809 1.46704
3 6 0.000925937 0.238599 0.562063 1.01377 0.449794 0.899939 1.19652 1.11987 1.30389 1.3954
3 7 -0.00015292 0.198343 0.447928 0.566051 0.843015 0.764711 0.755112 0.909688 0.957365 0.923657
3 8 -1 -1 0.219419 0.410745 0.410969 0.353513 0.432697 0.420704 0.554584 0.622404
3 9 -1 0.0184606 0.0757409 0.133467 0.229712 0.133202 0.152883 0.159462 0.210655 0.247199
4 0 1.71537 2.05315 2.50157 2.99807 3.71404 3.70753 1.8046 -1 -1 -1
4 1 1.10255 1.71797 2.04498 2.57349 3.19764 3.18021 3.07686 2.83771 -1 -1
4 2 0.843339 1.39966 1.90857 2.096 2.75752 2.72765 2.80872 2.74133 -1 -1
4 3 0.652445 0.828192 1.30881 1.80827 2.24389 2.20824 2.36234 2.47027 2.24608 -1
4 4 0.426021 0.456451 0.979535 1.07827 1.39474 1.77173 1.90572 1.88092 1.77401 0.0377489
4 5 0.00860965 0.135128 0.85265 1.0301 1.52619 1.47486 1.6195 1.63641 1.59383 0.0168105
4 6 0.000327181 0.0185914 0.870599 0.851881 1.05314 1.12718 1.23013 1.29045 1.18051 0.981386
4 7 -0.000112194 0.00874299 0.256946 0.180491 0.630069 0.60334 0.827583 1.01416 0.918869 0.820624
4 8 0.0146878 0.161249 0.363241 0.305612 0.439879 0.506867 0.458053 0.552718 0.563188 0.589739
4 9 0.00859948 0.018587 0.133172 0.0468451 0.161891 0.155527 0.162052 0.108689 0.238701 0.259954
5 0 1.83272 2.43009 2.91812 3.75428 3.72577 3.15186 -1 -1 -1 -1
5 1 1.04837 2.06114 2.49769 3.04798 3.22883 3.09193 -1 -1 -1 -1
5 2 1.27782 1.60946 2.42358 2.74351 2.81792 2.80217 2.76791 -1 -1 -1
5 3 0.898738 1.40458 1.73966 2.48907 2.41933 2.44669 2.47316 2.10537 -1 -1
5 4 0.700629 0.857009 1.34044 1.88949 1.89029 1.88473 2.14528 2.1861 1.93084 -1
5 5 0.295552 0.619157 1.04109 1.35797 1.30679 1.33078 1.54703 1.73136 1.51826 0.0527073
5 6 0.00864436 0.476035 0.668226 0.967051 1.04727 1.12048 1.20167 1.40038 1.22317 1.07112
5 7 0.267139 0.399987 0.493584 0.640682 0.621914 0.852747 0.755689 0.996052 0.948415 0.911373
5 8 0.124991 0.0290292 0.0757392 0.278751 0.493956 0.537967 0.485742 0.525584 0.585852 0.600843
5 9 0.0469606 0.0944311 0.0419464 0.200107 0.123966 0.047098 0.171601 0.221017 0.224057 0.292741
6 0 2.26456 2.97448 3.7578 3.75265 0.907528 -1 -1 -1 -1 -1
6 1 1.60942 2.24426 3.07669 3.16922 3.08367 2.8981 -1 -1 -1 -1
6 2 1.16449 2.00072 2.79452 2.75159 2.80536 2.73395 1.47198 -1 -1 -1
6 3 0.816072 1.57357 2.3717 2.42513 2.42252 2.42995 2.31209 -1 -1 -1
6 4 0.825922 1.40219 2.06082 2.07535 2.04595 2.1183 2.0902 2.11164 1.83574 -1
6 5 0.642705 0.779043 1.35211 1.44977 1.57316 1.69321 1.73592 1.72478 1.44125 -1
6 6 0.219588 0.688743 1.05046 0.827666 0.932903 1.03412 1.31589 1.16789 1.22681 1.01388
6 7 0.208706 0.361677 0.581068 0.851822 0.771865 0.894633 0.795551 0.862891 0.902344 0.678258
6 8 0.0666701 0.2195 0.171845 0.450251 0.422264 0.344466 0.524763 0.565599 0.628389 0.592865
6 9 0.0564957 0.027814 0.0564622 0.171964 0.161732 0.190993 0.209773 0.195548 0.268543 0.253432
7 0 3.53302 3.77593 3.77468 -1 -1 -1 -1 -1 -1 -1
7 1 2.41003 3.15086 3.09923 2.82431 2.79649 -1 -1 -1 -1 -1
7 2 2.06305 2.60876 2.78048 2.70073 2.6414 2.50995 -1 -1 -1 -1
7 3 1.57122 2.29766 2.43806 2.38663 2.43603 2.38539 -1 -1 -1 -1
7 4 1.17609 1.92856 2.03269 2.03617 2.10754 2.09683 1.86747 1.45936 -1 -1
7 5 0.928389 1.61434 1.67264 1.71624 1.69153 1.70008 1.75502 1.60999 1.46131 -1
7 6 0.673773 1.24007 1.25335 1.31408 1.33558 1.34434 1.35638 1.38665 1.36319 0.00906107
7 7 0.286175 0.619577 0.858762 0.908384 0.776245 0.987431 0.919402 1.02789 1.03807 0.917556
7 8 0.276603 0.29651 0.334184 0.38276 0.372326 0.506189 0.544417 0.546738 0.554246 0.578872
7 9 0.11354 0.0566052 0.161813 0.0976501 0.0758619 0.190618 0.200667 0.243719 0.255249 0.26361
8 0 3.75537 3.75653 -1 -1 -1 -1 -1 -1 -1 -1
8 1 3.02229 2.96355 0.3995 -1 -1 -1 -1 -1 -1 -1
8 2 2.54566 2.50417 2.53 2.38518 0.614005 -1 -1 -1 -1 -1
8 3 2.00406 2.19736 2.09655 2.26259 1.80749 -1 -1 -1 -1 -1
8 4 1.95303 1.92608 1.92014 2.04013 1.9606 1.878 -1 -1 -1 -1
8 5 1.5229 1.61711 1.6691 1.67617 1.62032 1.711 1.5616 1.38584 -1 -1
8 6 1.22592 1.31242 1.31407 1.33342 1.32382 1.37538 1.38151 1.28762 0.908661 -1
8 7 0.920108 0.94894 0.941688 0.983207 0.955449 1.01619 0.98256 1.0046 0.942403 0.661016
8 8 0.556608 0.570715 0.552034 0.580158 0.649362 0.622114 0.63182 0.655501 0.656473 0.636916
8 9 0.190642 0.124556 0.180464 0.229144 0.200158 0.21379 0.220085 0.22512 0.299311 0.292915
9 0 3.53478 -1 -1 -1 -1 -1 -1 -1 -1 -1
9 1 1.02134 0.00604453 -1 -1 -1 -1 -1 -1 -1 -1
9 2 0.829361 0.22419 0.00210232 -1 -1 -1 -1 -1 -1 -1
9 3 1.13488 0.101848 0.0169512 0.0107364 -1 -1 -1 -1 -1 -1
9 4 1.09649 0.290615 0.241316 1.91056 0.149216 -1 -1 -1 -1 -1
9 5 1.47289 0.0642374 0.257858 1.5746 1.50852 0.00434208 -1 -1 -1 -1
9 6 1.14109 1.11521 1.19562 1.20117 1.2172 1.27852 1.07247 -1 -1 -1
9 7 0.875318 0.948404 0.910395 0.934767 0.899462 0.958866 0.929107 0.891353 0.648301 -1
9 8 0.566621 0.602147 0.603385 0.63384 0.611363 0.623828 0.623284 0.596193 0.61595 0.427129
9 9 0.234238 0.242909 0.284675 0.268554 0.278298 0.276532 0.288694 0.295172 0.302675 0.274981

