0 21 0.0131244 9 7 0 -1 0 0 0
0 0 -1 -1 -1 -1 -1 -1 -1 -1 -1 -1
0 1 -1 -1 -1 -1 -1 -1 -1 -1 -1 0.00549847
0 2 -1 -1 -1 -1 -1 -1 -1 -1 -1 -1
0 3 -1 -1 -1 -1 -1 -1 -1 -1 -1 -1
0 4 -1 -1 -1 -1 -1 -1 -1 -1 -1 -1
0 5 -1 -1 -1 -1 -1 -1 -1 -1 -1 0.00836806
0 6 -1 -1 -1 -1 -1 -1 -1 -1 -1 -1
0 7 -1 -1 -1 -1 -1 -1 -1 -1 -1 -1
0 8 -1 -1 -1 -1 -1 -1 -1 -1 -1 0.00887178
0 9 -1 -1 -1 -1 -1 -1 -1 -1 -1 0.00219889
1 0 -1 -1 -1 -1 -1 -1 -1 -1 -1 -1
1 1 -1 -1 -1 -1 -1 -1 -1 -1 -1 -1
1 2 -1 -1 -1 -1 -1 -1 -1 -1 -1 -1
1 3 -1 -1 -1 -1 0.000286555 -1 -1 -1 -1 -1
1 4 -1 -1 -1 -1 -1 -1 -1 -1 -1 -1
1 5 -1 -1 -1 -1 -1 -1 -1 -1 -1 -1
1 6 -1 -1 -1 -1 -1 -1 -1 -1 -1 -1
1 7 -1 -1 -1 -1 -1 -1 -1 -1 -1 -1
1 8 -1 -1 -1 -1 -1 -1 -1 -1 -1 -1
1 9 -1 -1 -1 -1 -1 -1 -1 -1 -1 -1
2 0 -1 -1 -1 -1 -1 -1 -1 -1 -1 -1
2 1 -1 -1 -1 -1 -1 -1 -1 -1 -1 -1
2 2 -1 -1 -1 -1 -1 -1 -1 -1 -1 -1
2 3 -1 -1 -1 -1 -1 -1 -1 -1 -1 -1
2 4 -1 -1 -1 -1 -1 -1 -1 -1 -1 -1
2 5 -1 -1 -1 -1 -1 -1 -1 -1 -1 -1
2 6 -1 -1 -1 -1 -1 -1 -1 -1 -1 -1
2 7 -1 -1 -1 -1 -1 -1 -1 -1 -1 -1
2 8 -1 -1 -1 -1 -1 -1 -1 -1 -1 -1
2 9 -1 -1 -1 -1 -1 -1 -1 -1 -1 -1
3 0 -1 -1 -1 -1 -1 -1 -1 -1 -1 -1
3 1 -1 -1 -1 -1 -1 -1 -1 -1 -1 -1
3 2 -1 -1 -1 -1 -1 -1 0.0098507 -1 -1 -1
3 3 -1 -1 -1 -1 -1 -1 -1 -1 -1 -1
3 4 -1 -1 -1 -1 -0.000907319 -1 -1 -1 -1 -1
3 5 -1 -1 -1 -1 -1 -1 -1 -1 -1 -1
3 6 -1 -1 -1 -1 -1 -1 0.000270165 -1 -1 -1
3 7 -1 -1 -1 -1 -1 -1 -1 -1 -1 -1
3 8 -1 -1 -1 -1 -1 -1 -1 -1 -1 -1
3 9 -1 -1 -1 -1 -1 -1 -1 -1 -1 -1
4 0 -1 -1 -1 -1 -1 -1 -1 -1 -1 -1
4 1 -1 -1 -1 -1 -1 -1 -1 -1 -1 -1
4 2 -1 -1 -1 -1 -1 -1 -1 -1 -1 -1
4 3 -1 -1 -1 -1 -1 -1 -1 -1 -1 -1
4 4 -1 -1 -1 -1 -1 -1 -1 -1 -1 -1
4 5 -1 -1 -1 -1 0.00210578 -1 0.00117392 -1 -1 -1
4 6 -1 -1 -1 -1 -1 -1 -1 -1 -1 -1
4 7 -1 -1 -1 -1 -1 -1 -1 -1 -1 -1
4 8 -1 -1 -1 -1 -1 -1 -1 -1 0.00736397 -1
4 9 -1 -1 -1 -1 -1 -1 -1 -1 -1 -1
5 0 -1 -1 -1 -1 -1 -1 -1 -1 -1 -1
5 1 -1 -1 -1 -1 -1 -1 -1 -1 -1 -1
5 2 -1 -1 -1 -1 -1 -1 -1 -1 -1 -1
5 3 -1 0.00199347 -1 -1 -1 -1 -1 -1 -1 -1
5 4 -1 -1 0.00100862 0.00123181 -1 -1 -1 -1 -1 -1
5 5 -1 -1 -1 -1 -1 -1 -1 -1 -1 -1
5 6 -1 -1 -1 -1 -1 -1 -1 -1 -1 -1
5 7 -1 -1 -1 -1 -1 -1 -1 -1 -1 -1
5 8 -1 -1 -1 -1 -1 -1 -1 -1 0.00116866 -1
5 9 -1 -1 -1 -1 -1 -1 -1 -1 -1 -1
6 0 -1 -1 -1 -1 -1 -1 -1 -1 -1 -1
6 1 -1 -1 -1 -1 -1 -1 -1 -1 -1 -1
6 2 -1 -1 -1 -1 -1 -1 -1 -1 -1 -1
6 3 -1 -1 -1 -1 -1 -1 -1 -1 -1 -1
6 4 -1 -1 -1 -1 -1 -1 -1 -1 -1 -1
6 5 -1 -1 -1 -1 -1 -1 -1 -1 -1 -1
6 6 -1 -1 -1 -1 -1 -1 -1 -1 -1 -1
6 7 -1 -1 -1 -1 -1 -1 -1 -1 -1 -1
6 8 -1 -1 -1 -1 -1 -1 -1 -1 -1 -1
6 9 -1 -1 -1 -1 -1 -1 -1 -1 -1 0.00310377
7 0 -1 -1 -1 -1 -1 -1 -1 -1 -1 -1
7 1 -1 -1 -1 -1 -1 -1 -1 -1 -1 -1
7 2 -1 -1 -1 -1 -1 -1 -1 -1 -1 -1
7 3 -1 -1 -1 -1 -1 -1 -1 -1 -1 -1
7 4 -1 -1 -1 -1 -1 -1 -1 -1 -1 -1
7 5 -1 -1 -1 -1 -1 -1 -1 -1 -1 -1
7 6 -1 -1 -1 -1 -1 -1 -1 -1 -1 -1
7 7 -1 -1 -1 -1 -1 -1 -1 -1 -1 -1
7 8 -1 -1 -1 -1 -1 -1 -1 0.002048 -1 -1
7 9 -1 -1 -1 -1 -1 0.00841521 -1 -1 -1 -1
8 0 -1 -1 -1 -1 -1 -1 -1 -1 -1 -1
8 1 -1 -1 -1 -1 -1 -1 -1 -1 -1 -1
8 2 -1 -1 -1 -1 -1 -1 -1 -1 -1 -1
8 3 -1 -1 -1 -1 -1 -1 -1 -1 -1 -1
8 4 -1 -1 -1 -1 -1 -1 -1 -1 -1 -1
8 5 -1 -1 -1 -1 -1 -1 -1 -1 -1 -1
8 6 -1 -1 -1 -1 -1 -1 -1 -1 -1 -1
8 7 -1 -1 -1 -1 -1 -1 -1 -1 -1 -1
8 8 -1 0.0071772 -1 -1 -1 -1 -1 -1 -1 -1
8 9 -1 -1 -1 -1 -1 0.0023356 -1 -1 -1 -1
9 0 -1 -1 -1 -1 -1 -1 -1 -1 -1 -1
9 1 -1 -1 -1 -1 -1 -1 -1 -1 -1 -1
9 2 -1 -1 -1 -1 -1 -1 -1 -1 -1 -1
9 3 -1 -1 -1 -1 -1 -1 -1 -1 -1 -1
9 4 -1 -1 -1 -1 -1 -1 -1 -1 -1 -1
9 5 -1 -1 -1 -1 -1 -1 -1 -1 -1 -1
9 6 -1 -1 -1 -1 -1 -1 -1 -1 -1 -1
9 7 0.0131244 -1 -1 -1 -1 -1 -1 -1 -1 -1
9 8 -1 -1 -1 -1 -1 -1 -1 -1 -1 -1
9 9 -1 -1 -1 -1 -1 -1 -1 -1 -1 -1

5000 783 3.7227 8 0 1 -1 0 0 0
0 0 0.352115 0.625502 1.01399 1.40819 1.07226 2.24463 2.46273 1.76355 3.27251 0.280682
0 1 0.199263 0.459821 0.743048 0.867361 0.959872 1.58068 1.13396 1.73944 0.96524 0.0944725
0 2 0.000197296 0.121767 0.226518 0.668089 0.8883 1.31012 1.59286 1.51371 1.31379 0.0874179
0 3 -1 0.000632853 0.0102113 0.178681 0.42637 0.718409 0.944272 0.82886 1.99776 0.103122
0 4 0.00845983 0.000328807 0.00124899 0.0151872 0.0407796 0.552521 0.4567 0.959525 1.37371 0.229096
0 5 -1 0.00112103 0.00238911 0.00304514 0.00921222 0.0831415 0.293285 0.405677 0.963525 0.404694
0 6 -1 -1 0.000562167 0.000934983 0.00114599 0.102927 0.014299 0.298383 1.05869 1.01424
0 7 -1 -1 -1 -1 0.00093583 0.00085449 0.00759661 0.218679 0.269835 0.606372
0 8 -1 -1 -1 -1 -1 0.000726869 0.000577266 0.0140114 0.101165 0.426557
0 9 -1 -1 -1 -1 -1 -1 0.0278658 0.00858482 0.0469143 0.114055
1 0 0.717378 0.843125 1.47063 1.48546 1.9424 2.54483 2.95793 3.3641 0.575565 -1
1 1 0.189446 0.322149 0.840998 1.26092 1.46003 1.85422 2.29105 2.74756 0.232045 -1
1 2 0.00927171 0.0210365 0.293808 0.749316 1.07959 1.64475 2.16757 2.39347 2.30788 0.0237934
1 3 0.00012632 0.00117578 0.162424 0.157795 0.348516 1.31976 1.08922 1.70855 2.10673 0.0702894
1 4 -1 0.00149386 0.0283777 0.0639134 0.184612 0.619854 0.842507 1.57089 1.68514 0.0199601
1 5 -0.0012044 -0.000230488 0.00297592 0.00767446 0.0115342 0.199011 0.481639 1.20742 1.48308 0.13135
1 6 -1 0.000203789 0.000930053 0.00368556 0.0294951 0.28522 0.161188 0.51734 1.09728 1.05332
1 7 -1 -0.000280759 -0.000144455 0.0369779 0.171488 0.0179796 0.133309 0.488187 0.689543 0.83281
1 8 -1 -1 -1 -1 -1 0.00824651 0.0279108 0.0951262 0.298374 0.42394
1 9 -1 -1 -1 -1 -1 -1 0.00895468 0.0470301 0.027332 0.133774
2 0 1.19207 1.1384 1.3098 1.98425 2.22758 2.73146 3.55126 3.4216 -1 -1
2 1 0.318553 0.77925 1.05051 1.50985 1.86646 1.91939 2.68791 2.95583 0.0643336 -1
2 2 0.209238 0.340633 0.587013 1.02013 1.38037 2.09966 2.26272 2.54849 2.00047 0.00971355
2 3 0.00465684 0.221463 0.021567 0.376594 1.17184 0.700768 1.70434 2.1004 0.842467 0.0185426
2 4 0.0170313 0.0557398 0.0969872 0.446342 0.526179 0.842548 1.1517 1.36776 1.88312 0.0068466
2 5 -1 0.00168572 0.0023437 0.104424 0.421035 0.0912063 0.801448 1.51153 1.38376 0.0496201
2 6 -1 0.000674695 0.0041114 0.0948065 0.122535 0.103869 0.802322 1.02404 1.14778 0.370839
2 7 -1 0.000509077 0.000814737 0.00982205 0.00830824 0.544775 0.507734 0.540603 0.842394 0.880248
2 8 -1 -1 -1 -0.00021568 0.0470587 0.0470899 0.0955167 0.42007 0.306971 0.346635
2 9 -1 -1 -1 -1 0.00874789 0.0474483 0.0183117 0.0377342 0.0368716 0.164923
3 0 1.02877 1.52141 1.81247 2.23293 2.93403 3.55047 3.53191 -1 -1 -1
3 1 0.419337 1.04908 1.23235 1.22403 1.79445 2.76652 2.90716 2.34327 -1 -1
3 2 0.306712 0.473624 1.29264 1.15838 1.51818 2.03089 2.75571 2.39301 -1 -1
3 3 0.0891709 0.0651534 0.4518 1.05349 0.880973 1.86936 2.0611 2.10571 2.0584 0.0121888
3 4 0.0081285 0.00830622 0.428985 0.742707 0.726895 1.38158 1.3404 1.68509 1.7231 0.00452314
3 5 0.000503936 0.0373254 0.548821 0.352943 0.211504 1.21016 1.23387 1.27222 1.23407 0.0144479
3 6 0.000495845 0.001833 0.200091 0.103589 0.266544 0.733708 0.861718 0.937991 1.18586 0.300501
3 7 0.000346833 0.000860191 0.00718072 0.0228784 0.200547 0.192713 0.641345 0.502138 0.8969 0.621616
3 8 -1 -1 -0.000892638 0.143136 0.143132 0.184393 0.26145 0.341924 0.329626 0.401908
3 9 -1 -1 -1 0.00863701 0.0281119 0.0560867 0.200058 0.0352718 0.181494 0.219602
4 0 2.08825 1.86762 2.10135 2.54501 3.64958 3.66069 0.000288937 -1 -1 -1
4 1 0.390198 1.63373 1.68862 2.01056 2.72689 2.6657 2.54568 -1 -1 -1
4 2 0.481394 1.10301 1.56494 1.99536 2.02813 1.97149 2.55394 2.35372 -1 -1
4 3 0.331391 0.901251 1.0454 1.15216 1.92477 1.97562 1.82737 2.15299 1.94069 -1
4 4 0.109132 0.272817 0.793421 0.551526 0.970735 1.60823 1.34073 1.62155 1.74667 0.00625567
4 5 0.00838056 0.523078 0.366667 0.296724 0.593093 1.07216 1.46762 1.4776 1.46455 0.00903786
4 6 -0.000848861 0.276269 0.142631 0.0727714 0.997558 0.283053 0.997699 0.911677 1.17685 0.802718
4 7 -0.000162844 0.0123244 0.00794952 0.00961402 0.515174 0.660495 0.679284 0.736564 0.861183 0.864118
4 8 -1 -1 0.0470099 0.31486 0.0281242 0.321509 0.0309297 0.380044 0.523798 0.51672
4 9 -1 0.00866239 0.0563877 0.0182664 0.0174362 0.142566 0.095088 0.0853895 0.200578 0.239005
5 0 1.84365 2.27719 2.61869 3.69944 3.5817 -1 -1 -1 -1 -1
5 1 0.386436 1.12168 2.34066 2.7429 2.96274 2.86014 -1 -1 -1 -1
5 2 0.487998 0.854093 1.71484 2.64227 2.38304 2.06786 2.48951 -1 -1 -1
5 3 0.53381 1.02584 1.29218 2.09954 1.84919 1.78952 2.14279 0.00390138 -1 -1
5 4 0.515999 1.00459 0.589366 0.986954 1.69354 1.70525 1.49198 1.88488 1.7234 -1
5 5 0.0257369 0.151545 0.636977 0.732663 1.19544 1.46535 1.37548 1.33914 1.4833 0.00270109
5 6 0.000442286 0.0475373 0.169821 0.650741 0.928304 0.871234 0.999224 0.888764 1.20497 0.954578
5 7 0.000549997 0.0260009 0.256966 0.688666 0.0441038 0.565843 0.784188 0.651661 0.841487 0.862094
5 8 -0.00116164 0.00443329 0.170943 0.040733 0.39843 0.278348 0.401735 0.353573 0.431625 0.552505
5 9 -1 -1 0.0659584 0.0199186 0.131049 0.119114 0.0474315 0.200182 0.129141 0.15249
6 0 1.78792 3.16684 3.7025 3.665 2.88051 -1 -1 -1 -1 -1
6 1 1.28317 2.0553 2.67666 2.76648 2.39168 0.515663 -1 -1 -1 -1
6 2 0.545218 1.69258 2.23368 2.59586 2.57366 2.44808 -1 -1 -1 -1
6 3 0.371053 1.63983 1.77453 1.76236 2.08205 2.30192 0.381575 -1 -1 -1
6 4 0.727801 0.915039 1.48491 1.38075 1.76163 1.61208 1.67893 1.79887 -1 -1
6 5 0.160123 0.821687 0.593401 1.15308 0.899364 1.25305 1.06765 1.5023 0.00529866 -1
6 6 0.315567 0.395155 0.476624 0.659546 0.975502 0.966736 1.02434 0.842624 1.02369 0.00740934
6 7 0.00195283 0.20064 0.298857 0.71759 0.563944 0.669295 0.737271 0.698479 0.736903 0.728123
6 8 -8.30471e-05 0.0472954 0.35404 0.536857 0.497284 0.379241 0.32646 0.471242 0.358851 0.538844
6 9 0.00865262 0.0107872 0.104254 0.0792625 0.127068 0.114738 0.0746944 0.104617 0.172052 0.229307
7 0 3.53396 3.69798 3.70958 -1 -1 -1 -1 -1 -1 -1
7 1 2.59019 2.82016 2.65353 2.61486 -1 -1 -1 -1 -1 -1
7 2 1.00791 2.38936 2.34259 2.49049 2.31616 -1 -1 -1 -1 -1
7 3 0.517061 2.01568 2.15962 2.15009 2.10223 1.77661 -1 -1 -1 -1
7 4 0.865146 1.72663 1.9369 1.718 1.99608 1.66945 0.48794 -1 -1 -1
7 5 0.163295 1.18354 1.33159 0.287188 1.42621 1.43528 1.24636 1.42539 -1 -1
7 6 0.670159 0.984394 0.68485 0.756508 1.10525 0.994625 0.71815 1.20599 0.975455 -1
7 7 0.0293873 0.610674 0.820818 0.476026 0.625993 0.823343 0.587783 0.478826 0.880168 0.794239
7 8 0.0385823 0.277245 0.494107 0.0940085 0.248012 0.451412 0.38067 0.455679 0.563776 0.534891
7 9 -1 0.0249577 0.0254485 0.154255 0.0259678 0.200689 0.161243 0.144742 0.191625 0.214459
8 0 3.71902 3.7227 -1 -1 -1 -1 -1 -1 -1 -1
8 1 2.94816 2.82156 0.738728 -1 -1 -1 -1 -1 -1 -1
8 2 2.56764 2.40644 1.05266 -1 -1 -1 -1 -1 -1 -1
8 3 1.96806 1.9192 2.23879 2.10603 2.06272 -1 -1 -1 -1 -1
8 4 1.84946 1.70412 1.65705 1.74545 1.70058 1.76544 1.12981 -1 -1 -1
8 5 1.47631 1.46599 1.38454 1.50888 1.58786 1.63169 1.38516 -1 -1 -1
8 6 1.09837 1.17675 1.16819 1.12281 1.13668 1.1533 1.06237 1.01453 -1 -1
8 7 0.742605 0.76308 0.929327 0.642657 0.802683 0.865955 0.822415 0.858942 0.860842 -1
8 8 0.392635 0.36324 0.144707 0.405838 0.479152 0.449473 0.507386 0.439465 0.545088 0.371501
8 9 0.0458987 0.0374148 0.117177 0.0935014 0.153819 0.0784758 0.138469 0.130046 0.155754 0.2226
9 0 1.88321 -1 -1 -1 -1 -1 -1 -1 -1 -1
9 1 1.01358 0.017134 -1 -1 -1 -1 -1 -1 -1 -1
9 2 0.166452 0.0348998 -1 -1 -1 -1 -1 -1 -1 -1
9 3 0.105456 0.0330589 0.177895 0.0196792 -1 -1 -1 -1 -1 -1
9 4 0.311302 0.123924 0.0524049 0.119778 0.00608196 -1 -1 -1 -1 -1
9 5 0.627614 0.669181 0.401318 0.125929 0.175851 -7.71625e-05 -1 -1 -1 -1
9 6 1.12036 0.972641 1.13075 0.99653 1.12733 0.773143 0.675505 -1 -1 -1
9 7 0.84149 0.817274 0.744553 0.822953 0.861265 0.862611 0.856924 0.74642 0.533962 -1
9 8 0.517241 0.449657 0.509399 0.478865 0.530595 0.565732 0.565763 0.551681 0.484075 0.301027
9 9 0.206623 0.139355 0.212662 0.227266 0.204605 0.217967 0.205835 0.229821 0.229798 0.245345

10000 811 3.74678 7 0 1 -1 0 0 0
0 0 0.455419 0.752017 1.01399 1.40819 1.93708 2.4096 2.55932 3.03412 3.55516 1.02941
0 1 0.199263 0.459821 0.743048 1.09282 1.23356 1.58068 1.78942 1.73944 0.96524 0.0944725
0 2 0.000197296 0.121767 0.316735 0.668089 0.978307 1.31012 1.59286 1.77861 2.22846 0.175908
0 3 -0.000226601 0.000632853 0.0102113 0.249492 0.775642 0.718409 1.14761 1.48841 1.99776 0.122531
0 4 0.00845983 0.000328807 0.00124899 0.0151872 0.222442 0.552521 0.9198 1.11763 1.5645 0.264667
0 5 -1 0.00112103 0.00238911 0.00445442 0.00921222 0.0831415 0.653739 0.405677 1.38705 0.489447
0 6 -1 -0.000394711 0.00271093 0.00863605 0.00114599 0.102927 0.189339 0.515736 1.05869 1.01424
0 7 -1 -1 -1 -1 0.00093583 0.00085449 0.142442 0.218679 0.818716 0.756428
0 8 -1 -1 -1 -1 -1 0.000726869 0.0273377 0.0184584 0.343614 0.448899
0 9 -1 -1 0.018415 -1 -1 0.0375387 0.0279706 0.018438 0.0469143 0.152624
1 0 0.804652 0.99547 1.47063 1.67492 2.08283 2.54483 2.95793 3.58771 3.48007 -1
1 1 0.246554 0.352503 0.967822 1.48869 1.6214 2.0026 2.29105 2.94037 0.284193 0.00276433
1 2 0.0119045 0.149054 0.487774 1.0061 1.38057 1.64475 2.16757 2.64639 2.33932 0.0237934
1 3 0.000576702 0.052236 0.162424 0.775124 0.909675 1.31976 1.29964 2.13606 2.19611 0.150496
1 4 0.0006159 0.0080218 0.0283777 0.0639134 0.467199 0.635625 1.03024 1.63093 1.7587 0.0694722
1 5 -0.00072694 7.4496e-05 0.00479513 0.203231 0.188082 0.366379 0.6289 1.26157 1.54783 0.157602
1 6 -1 0.000203789 0.00253541 0.0302698 0.0478572 0.495119 0.161188 0.780287 1.21894 1.05332
1 7 -1 0.000442041 0.00332404 0.0369779 0.171488 0.286062 0.583218 0.592818 0.85162 0.83281
1 8 -1 -1 -1 -1 0.124301 0.113973 0.103567 0.275513 0.536048 0.478212
1 9 -1 -1 -1 0.00903275 0.0188065 0.0473927 0.0851332 0.133373 0.114221 0.217158
2 0 1.24467 1.25786 1.50727 1.99599 2.67519 2.83692 3.64807 3.52501 -1 -1
2 1 0.548796 0.83656 1.3587 1.80258 1.92441 2.4035 2.97399 3.03546 0.0643336 -1
2 2 0.225738 0.35158 0.860399 1.52666 1.4028 2.09966 2.74733 2.67592 2.21137 0.00971355
2 3 0.00465684 0.221463 0.227531 0.961171 1.17184 1.56373 1.78031 2.23659 0.842467 0.0258423
2 4 0.0170313 0.0557398 0.658358 0.622478 0.526179 0.959006 1.21599 1.97432 1.88312 0.158265
2 5 -9.6295e-05 0.00220735 0.305766 0.31438 0.421035 0.571709 1.23848 1.51153 1.39006 0.0653514
2 6 -1 0.000859533 0.00506963 0.184567 0.210042 0.315439 0.860982 1.13138 1.14778 0.928504
2 7 -1 0.00190207 0.199727 0.200085 0.281755 0.544775 0.714949 0.609844 0.889675 0.880248
2 8 -1 -1 -1 0.104356 0.0471426 0.258054 0.375796 0.42007 0.411643 0.351604
2 9 -1 -1 0.0185509 0.00925935 0.00896561 0.0474483 0.114072 0.0804429 0.183088 0.258474
3 0 1.62022 1.70618 1.9896 2.23293 2.93403 3.67779 3.72109 -1 -1 -1
3 1 0.440118 1.04908 1.63534 1.761 2.39959 3.03297 2.97009 2.61293 -1 -1
3 2 0.570711 0.880547 1.46341 1.37284 1.91744 2.3297 2.75571 2.39301 0.0125534 -1
3 3 0.167717 0.42013 0.828696 1.05349 1.62338 2.09958 2.16065 2.15389 2.0584 0.0121888
3 4 0.00865318 0.0104962 0.501084 1.2062 0.726895 1.65913 1.75173 1.84685 1.81004 0.00957394
3 5 0.000503936 0.0373254 0.548821 0.421358 0.626953 1.50391 1.52152 1.42896 1.45472 0.0522532
3 6 0.000495845 0.0466672 0.200091 0.103589 1.11103 1.26502 1.06002 1.03401 1.23227 0.870466
3 7 0.000346833 0.00110387 0.00860814 0.257479 0.209729 0.805304 0.747844 0.687917 0.8969 0.791303
3 8 -1 -1 -0.000892638 0.143136 0.143132 0.343159 0.516086 0.525671 0.507444 0.534681
3 9 -1 0.0284781 0.0376315 0.172176 0.0759337 0.0560867 0.200058 0.0855521 0.219793 0.229636
4 0 2.08825 2.11177 2.20838 2.54501 3.66046 3.67574 0.000288937 -1 -1 -1
4 1 0.453733 1.63373 1.90541 2.1821 2.80211 3.08656 2.77415 -1 -1 -1
4 2 0.84926 1.104 1.60709 2.03058 2.41367 2.80312 2.59986 2.36397 -1 -1
4 3 0.578656 1.32465 1.09118 1.41041 2.14346 1.9828 1.82737 2.15299 1.94069 -1
4 4 0.196267 0.272817 1.27709 1.08426 1.84002 1.76219 1.49457 1.74321 1.77158 0.0132136
4 5 0.0114389 0.523078 0.574904 0.922699 1.29207 1.46588 1.46762 1.57828 1.51174 0.00903786
4 6 0.000189878 0.276269 0.443477 0.277051 0.997558 0.947745 1.12098 0.984919 1.28472 0.926489
4 7 -0.000162844 0.0123244 0.125438 0.200627 0.573842 0.660495 0.947604 0.830935 0.861183 0.864118
4 8 -0.000730304 -1 0.305146 0.31486 0.37358 0.381794 0.391736 0.5164 0.565061 0.536187
4 9 0.0379566 0.0185724 0.0563877 0.0757688 0.0855388 0.143242 0.191091 0.182627 0.200578 0.239005
5 0 2.34956 2.85001 2.9443 3.69944 3.63526 0.664213 -1 -1 -1 -1
5 1 1.41635 1.62199 2.48023 2.87971 2.96274 2.86014 2.73637 -1 -1 -1
5 2 0.583622 1.68295 1.96465 2.64227 2.41196 2.32468 2.49736 -1 -1 -1
5 3 0.993169 1.10558 1.29218 2.09954 2.12261 1.78952 2.295 2.19014 -1 -1
5 4 0.533459 1.00459 1.2114 1.57824 1.74483 1.70525 1.49198 2.00348 1.7234 -1
5 5 0.0793615 0.431165 0.636977 0.870245 1.35861 1.46535 1.59687 1.5971 1.60749 0.0113994
5 6 0.000442286 0.323461 0.4709 1.18059 1.14236 1.17998 1.2284 1.02477 1.20572 0.974149
5 7 0.0171205 0.0407189 0.364502 0.688666 0.64184 0.765387 0.814511 0.803653 0.899933 0.87075
5 8 -0.00116164 0.0377237 0.171805 0.314976 0.485551 0.558725 0.459585 0.521682 0.471639 0.552505
5 9 0.0187621 0.0374697 0.0659584 0.0758208 0.166652 0.133197 0.0817552 0.20311 0.177419 0.22108
6 0 2.80463 3.16684 3.73565 3.69985 2.88051 -1 -1 -1 -1 -1
6 1 1.3645 2.87501 2.91586 3.16301 3.19293 0.515663 -1 -1 -1 -1
6 2 0.756752 2.04158 2.4346 2.63319 2.57366 2.44808 -1 -1 -1 -1
6 3 0.803656 1.63983 1.77453 2.24037 2.10887 2.30192 2.00136 -1 -1 -1
6 4 0.727801 0.954848 1.62588 1.60827 1.76163 1.78562 1.75947 1.88393 -1 -1
6 5 0.465506 0.821687 1.18596 1.15308 1.47322 1.34206 1.52782 1.59735 1.62611 -1
6 6 0.315567 0.555709 0.47782 0.894143 1.02409 1.18198 1.17697 1.0421 1.2717 0.942164
6 7 0.00807528 0.20064 0.487829 0.71759 0.564747 0.822571 0.837958 0.860079 0.927979 0.813188
6 8 0.000531941 0.0472954 0.35404 0.536857 0.497284 0.517071 0.535447 0.540945 0.507322 0.564364
6 9 0.00865262 0.0186674 0.15579 0.136039 0.142686 0.114738 0.162442 0.219446 0.196273 0.229307
7 0 3.54885 3.74678 3.73281 -1 -1 -1 -1 -1 -1 -1
7 1 2.59019 2.96679 2.94282 2.82816 0.501232 -1 -1 -1 -1 -1
7 2 1.00791 2.41253 2.73473 2.54274 2.31616 -1 -1 -1 -1 -1
7 3 1.9153 2.01568 2.15962 2.15009 2.15568 2.22242 -1 -1 -1 -1
7 4 0.865146 1.72663 1.9369 1.76613 1.99608 1.95586 1.67413 1.69358 -1 -1
7 5 0.705082 1.52768 1.54318 1.63023 1.42621 1.57439 1.48219 1.4446 -1 -1
7 6 0.919154 0.984394 0.97082 1.07331 1.1817 1.05335 1.39074 1.25344 1.24328 -1
7 7 0.176518 0.641143 0.820818 0.851223 0.807401 0.853282 0.834997 0.768664 0.946964 0.794239
7 8 0.0665066 0.527066 0.50764 0.418209 0.497588 0.536156 0.467131 0.521158 0.592936 0.5547
7 9 0.0719435 0.191044 0.160288 0.154255 0.0878949 0.200689 0.161243 0.194064 0.196537 0.257981
8 0 3.7452 3.7227 -1 -1 -1 -1 -1 -1 -1 -1
8 1 2.95049 2.82156 0.738728 -1 -1 -1 -1 -1 -1 -1
8 2 2.56764 2.50078 2.45446 2.53879 -1 -1 -1 -1 -1 -1
8 3 2.03063 2.14514 2.23879 2.15196 2.17243 -1 -1 -1 -1 -1
8 4 1.94559 1.84569 1.86521 1.91396 1.88897 1.76544 1.12981 -1 -1 -1
8 5 1.57636 1.52146 1.51964 1.50888 1.58786 1.63169 1.38516 0.982691 -1 -1
8 6 1.24263 1.19617 1.16819 1.17837 1.30731 1.27722 1.31899 1.05316 -1 -1
8 7 0.830283 0.76308 0.929327 0.823721 0.870667 0.865955 0.926299 0.890791 0.860842 -1
8 8 0.397092 0.449755 0.440515 0.529933 0.510135 0.497798 0.583993 0.527321 0.545088 0.599028
8 9 0.0719054 0.0665642 0.117177 0.162882 0.162427 0.182427 0.201939 0.225314 0.193531 0.248196
9 0 3.3672 -1 -1 -1 -1 -1 -1 -1 -1 -1
9 1 2.91685 0.017134 -1 -1 -1 -1 -1 -1 -1 -1
9 2 0.282068 0.0348998 -1 -1 -1 -1 -1 -1 -1 -1
9 3 1.64745 0.0787412 0.177895 0.0196792 0.0809883 -1 -1 -1 -1 -1
9 4 0.669603 0.123924 0.48834 0.539181 0.467561 -1 -1 -1 -1 -1
9 5 1.34513 0.669181 0.401318 0.149581 0.757148 0.213842 -1 -1 -1 -1
9 6 1.17846 1.21119 1.25239 1.22186 1.18438 1.01562 0.958621 -1 -1 -1
9 7 0.84149 0.82367 0.828727 0.8809 0.885467 0.947243 0.857672 0.79874 0.533962 -1
9 8 0.543876 0.511617 0.548575 0.553185 0.625533 0.565732 0.565763 0.551681 0.545889 0.378675
9 9 0.206623 0.205616 0.212662 0.239033 0.222055 0.265711 0.248657 0.259589 0.241985 0.248519

15000 826 3.76986 8 0 0 -1 0 0 0
0 0 0.519469 0.752017 1.10491 1.54751 1.93708 2.4096 2.5934 3.49638 3.61162 2.28274
0 1 0.199263 0.61515 0.743048 1.09282 1.49667 1.58232 1.78942 1.73944 1.7491 0.782765
0 2 0.00805354 0.121767 0.453122 0.668089 0.978307 1.31012 1.59286 1.77861 2.22846 0.175908
0 3 0.00052343 0.000632853 0.0178292 0.344624 0.775642 1.07036 1.54774 1.48841 2.04931 0.182022
0 4 0.00845983 0.000328807 0.0121991 0.0270625 0.372618 0.552521 0.9198 1.11763 1.70063 0.53511
0 5 -1 0.00112103 0.00238911 0.00592313 0.0108871 0.272435 0.653739 0.706267 1.38705 0.489447
0 6 -1 -0.000394711 0.00271093 0.00863605 0.00214596 0.102927 0.218477 0.515736 1.14017 1.01424
0 7 -1 -1 -1 -1 0.00093583 0.00085449 0.142442 0.274722 0.818716 0.785644
0 8 -1 -1 -1 0.0088628 0.0953654 0.00854256 0.0942021 0.132912 0.343614 0.469569
0 9 -1 -1 0.018415 -1 -1 0.133134 0.0562181 0.018438 0.0854206 0.159713
1 0 0.804652 0.99547 1.47692 1.88055 2.08283 2.54483 2.95793 3.58771 3.55875 -1
1 1 0.24727 0.609608 1.01811 1.48869 1.6214 2.00364 2.29105 2.94037 0.284193 0.00276433
1 2 0.0119045 0.149054 0.579798 1.0061 1.44447 1.64475 2.16757 2.64639 2.49901 0.0237934
1 3 0.000744533 0.052236 0.162424 0.775124 0.929798 1.31976 1.44202 2.30833 2.19611 0.28969
1 4 0.0006159 0.0080218 0.0283777 0.152949 0.467199 0.99627 1.26483 1.89608 1.87333 0.0694722
1 5 -0.00072694 0.000213727 0.0270796 0.203231 0.400993 0.657557 0.728175 1.26157 1.60332 0.157602
1 6 -1 0.00190931 0.00253541 0.0302698 0.0565196 0.495119 0.756986 0.785152 1.26423 1.05332
1 7 -1 0.000442041 0.00332404 0.200273 0.171488 0.286062 0.583218 0.746032 0.915336 0.83281
1 8 -1 -1 -1 0.0855164 0.124301 0.113973 0.195161 0.487815 0.536048 0.484471
1 9 -1 -1 -1 0.00903275 0.0188065 0.0473927 0.0851332 0.133373 0.114221 0.249069
2 0 1.24467 1.33989 1.53069 2.00046 2.67519 2.83692 3.72248 3.63349 -1 -1
2 1 0.600622 0.83656 1.3587 1.81562 1.99177 2.4035 3.24462 3.03546 0.0643336 -1
2 2 0.265836 0.566594 0.976271 1.52666 1.71512 2.09966 2.75721 2.67592 2.25638 0.0113641
2 3 0.00986423 0.320186 0.73681 0.961171 1.17184 1.56373 2.38342 2.44673 2.21187 0.0966721
2 4 0.0170313 0.0557398 0.888014 0.637544 0.652842 1.13563 1.51799 1.97432 1.88312 0.158265
2 5 -9.6295e-05 0.00220735 0.305766 0.346048 0.801965 0.571709 1.35895 1.51153 1.44164 0.0653514
2 6 -0.000357803 0.00155848 0.145712 0.238252 0.824472 1.07234 1.23512 1.13138 1.27223 0.928504
2 7 -1 0.00190207 0.199727 0.420086 0.281755 0.544775 0.714949 0.748177 0.899863 0.880248
2 8 -1 -1 0.0761199 0.104356 0.133788 0.334407 0.375796 0.42007 0.411643 0.506748
2 9 -1 0.0378294 0.0374443 0.0472918 0.0376192 0.0755289 0.114072 0.142733 0.183088 0.258474
3 0 1.62022 1.74131 2.1532 2.53252 2.93403 3.67779 3.72109 2.90019 -1 -1
3 1 0.553311 1.21684 1.63534 2.01121 2.63431 3.08148 3.23135 2.6179 -1 -1
3 2 0.570711 0.880547 1.46341 1.37284 1.96378 2.51032 2.75571 2.6083 0.0149863 -1
3 3 0.167717 0.42013 1.11802 1.05349 1.62338 2.09958 2.20192 2.27145 2.0584 0.0391663
3 4 0.16982 0.0464681 0.661289 1.33778 1.6558 1.76739 1.83637 1.87502 1.89478 0.00957394
3 5 0.00821901 0.381673 0.548821 0.488941 1.35459 1.6 1.52152 1.42896 1.48249 0.229343
3 6 0.000495845 0.0466672 0.238355 0.372185 1.11103 1.28485 1.11931 1.17718 1.23227 1.12157
3 7 0.000346833 0.190799 0.00860814 0.431575 0.209729 0.805304 0.747844 0.861002 0.919393 0.791303
3 8 -1 0.123855 0.085293 0.24904 0.30599 0.343159 0.516086 0.525671 0.590686 0.545296
3 9 -1 0.0471371 0.0376315 0.172176 0.0759337 0.0560867 0.200058 0.113799 0.219793 0.229636
4 0 2.1019 2.22068 2.39349 2.61067 3.68045 3.67574 0.000288937 -1 -1 -1
4 1 0.727641 1.63373 2.0755 2.36876 2.80211 3.08656 2.93784 2.56471 -1 -1
4 2 0.84926 1.104 1.95905 2.09124 2.41367 2.80312 2.59986 2.36397 -1 -1
4 3 0.699877 1.32465 1.33465 2.06902 2.14346 1.9828 2.2293 2.15299 2.0383 -1
4 4 0.196267 0.535648 2.01509 1.93924 1.84002 1.76219 1.6624 1.74321 1.77158 0.0132136
4 5 0.0114389 0.523078 0.64589 1.24463 1.29207 1.46588 1.48461 1.57828 1.55863 0.00903786
4 6 0.000189878 0.276269 0.443477 0.330861 1.37947 1.11953 1.13313 1.01156 1.28472 0.926489
4 7 0.0001782 0.124191 0.287226 0.717359 0.573842 0.75133 0.947604 0.834752 0.861496 0.864118
4 8 -0.000730304 0.113868 0.305146 0.31486 0.454462 0.381794 0.450221 0.5164 0.565061 0.552097
4 9 0.0379566 0.0474382 0.0563877 0.0757688 0.229149 0.143242 0.191091 0.190736 0.200949 0.239005
5 0 2.34956 2.85001 2.9443 3.69944 3.68591 0.664213 -1 -1 -1 -1
5 1 1.41635 2.41729 2.50879 2.95304 2.96274 2.90796 2.73637 -1 -1 -1
5 2 1.13515 2.21463 2.50209 2.64227 2.58744 2.32468 2.56396 -1 -1 -1
5 3 1.0693 1.21966 2.38543 2.18229 2.12261 2.07563 2.295 2.20909 -1 -1
5 4 0.533459 2.0015 1.28038 1.57824 1.74483 1.81554 1.5921 2.00348 1.7234 -1
5 5 0.289672 0.431165 1.19525 1.17626 1.35861 1.48567 1.59687 1.5971 1.60749 1.33037
5 6 0.00044857 0.323461 0.602186 1.18059 1.14236 1.17998 1.2284 1.02477 1.20572 1.10439
5 7 0.0171205 0.55631 0.765774 0.881505 0.64184 0.83904 0.83312 0.864942 0.899933 0.87075
5 8 0.0672032 0.133487 0.171805 0.34441 0.485551 0.558725 0.488598 0.556201 0.528289 0.573511
5 9 0.0187621 0.0374697 0.0659584 0.0758208 0.166652 0.152293 0.200642 0.220971 0.210713 0.267992
6 0 2.83643 3.16684 3.76436 3.72819 2.88051 -1 -1 -1 -1 -1
6 1 1.60183 2.87501 2.94176 3.16301 3.19293 0.515663 -1 -1 -1 -1
6 2 0.756752 2.57843 2.86438 2.92714 2.57366 2.46993 2.52802 -1 -1 -1
6 3 1.00597 1.63983 2.15201 2.26119 2.18414 2.30192 2.37995 -1 -1 -1
6 4 1.02698 1.11327 1.62588 1.80894 1.8424 2.03394 1.75947 1.88393 -1 -1
6 5 0.787872 1.29265 1.18596 1.17731 1.50215 1.51696 1.52782 1.63635 1.62611 -1
6 6 0.315567 0.555709 0.712084 1.1684 1.07021 1.18198 1.31319 1.12845 1.2717 1.16501
6 7 0.00876705 0.602735 0.639387 0.804577 0.774547 0.864598 0.837958 0.860079 0.937358 0.813188
6 8 0.056989 0.115106 0.35404 0.536857 0.516992 0.517071 0.535447 0.540945 0.521574 0.564364
6 9 0.00944787 0.0857134 0.15579 0.136039 0.142686 0.226266 0.191276 0.219446 0.196273 0.248809
7 0 3.58791 3.76055 3.73281 2.79495 -1 -1 -1 -1 -1 -1
7 1 2.87589 2.96679 3.01863 2.82816 0.501232 -1 -1 -1 -1 -1
7 2 2.13442 2.581 2.73473 2.57044 2.31616 -1 -1 -1 -1 -1
7 3 1.9153 2.11819 2.15962 2.41665 2.26055 2.22242 1.52914 -1 -1 -1
7 4 1.31038 1.73258 1.9369 1.77535 2.06107 1.95586 1.72343 1.8655 -1 -1
7 5 0.918273 1.52768 1.54318 1.63023 1.68196 1.60364 1.61595 1.4446 1.35168 -1
7 6 0.919154 1.02697 1.14958 1.15374 1.1817 1.14851 1.39074 1.25344 1.24328 -1
7 7 0.38633 0.893568 0.820818 0.851223 0.807401 0.853282 0.917735 0.809283 0.946964 0.794239
7 8 0.0948368 0.527066 0.50764 0.497247 0.497588 0.536156 0.550958 0.521158 0.621841 0.555045
7 9 0.0719435 0.191044 0.160288 0.154255 0.0958225 0.200689 0.200664 0.194064 0.239393 0.267468
8 0 3.76986 3.76005 -1 -1 -1 -1 -1 -1 -1 -1
8 1 3.07259 2.82156 0.738728 -1 -1 -1 -1 -1 -1 -1
8 2 2.56764 2.51983 2.85332 2.53879 -1 -1 -1 -1 -1 -1
8 3 2.34072 2.19256 2.25373 2.32496 2.17243 -1 -1 -1 -1 -1
8 4 1.9649 1.91999 1.87073 1.91396 1.89083 1.76544 1.12981 -1 -1 -1
8 5 1.57636 1.53576 1.51964 1.56827 1.60684 1.6627 1.41864 0.982691 -1 -1
8 6 1.24263 1.19617 1.21784 1.24095 1.31141 1.29731 1.31899 1.16688 -1 -1
8 7 0.830283 0.885568 0.929327 0.89059 0.870667 0.982472 0.947336 0.956727 0.860842 -1
8 8 0.397092 0.449755 0.440515 0.574088 0.510135 0.56404 0.616253 0.545367 0.564656 0.610931
8 9 0.113989 0.106322 0.142631 0.162882 0.183597 0.200734 0.22418 0.225314 0.23217 0.268081
9 0 3.55588 -1 -1 -1 -1 -1 -1 -1 -1 -1
9 1 2.91685 0.017134 -1 -1 -1 -1 -1 -1 -1 -1
9 2 1.31476 0.0903438 0.00241755 -1 -1 -1 -1 -1 -1 -1
9 3 1.64745 0.0787412 0.263398 0.0196792 0.0809883 -1 -1 -1 -1 -1
9 4 0.669603 0.13909 0.48834 0.539181 0.467561 -1 -1 -1 -1 -1
9 5 1.48439 1.3309 1.35921 1.61866 1.39865 0.213842 -1 -1 -1 -1
9 6 1.17846 1.21119 1.27397 1.22186 1.25316 1.11069 0.9931 -1 -1 -1
9 7 0.891211 0.844399 0.849882 0.914989 0.91071 0.973372 0.906992 0.79874 0.576081 -1
9 8 0.543876 0.533975 0.548575 0.566455 0.627342 0.588455 0.592818 0.551681 0.545889 0.378675
9 9 0.206844 0.205616 0.214631 0.239033 0.222055 0.265711 0.25982 0.264041 0.263191 0.248519

20000 838 3.77366 7 0 1 -1 0 0 0
0 0 0.562557 0.871993 1.18574 1.63839 2.07794 2.4096 2.65786 3.53084 3.75257 3.30798
0 1 0.209325 0.61515 0.743048 1.09282 1.49667 1.58232 1.78942 1.83926 1.7491 0.785777
0 2 0.00805354 0.121767 0.453122 0.677323 0.978307 1.31012 1.59286 1.86685 2.22846 0.233642
0 3 0.00052343 0.000981192 0.0659201 0.344624 0.775642 1.07036 1.54774 1.49283 2.04931 0.271557
0 4 0.00845983 0.000507779 0.0121991 0.0270625 0.372618 0.691655 0.9198 1.11763 1.70063 0.53511
0 5 -1 0.00112103 0.00238911 0.00592313 0.0370074 0.272435 0.653739 0.706267 1.38705 0.545187
0 6 -1 -0.000394711 0.00271093 0.00863605 0.00214596 0.102927 0.218477 0.515736 1.14017 1.0378
0 7 -1 -1 -1 -1 0.00093583 0.133494 0.142442 0.274722 0.818716 0.785644
0 8 -1 -1 -1 0.0088628 0.0953654 0.23904 0.0942021 0.258194 0.372834 0.469569
0 9 -1 -1 0.018415 -1 -1 0.133134 0.0562181 0.104512 0.0854206 0.194596
1 0 0.842372 1.04766 1.47692 1.88055 2.08283 2.54483 3.09435 3.65031 3.57067 -1
1 1 0.286845 0.609608 1.07311 1.48869 1.74895 2.00364 2.32448 3.00229 0.579228 0.00276433
1 2 0.0119045 0.149054 0.579798 1.0061 1.44447 1.64475 2.16757 2.64639 2.49901 0.0237934
1 3 0.000744533 0.052236 0.162424 0.775124 0.929798 1.31976 1.44202 2.30833 2.19611 0.28969
1 4 0.0006159 0.0080218 0.156179 0.152949 0.475439 0.99627 1.26483 1.91454 1.87333 0.313366
1 5 -0.00072694 0.000213727 0.0270796 0.203231 0.480225 0.657557 0.728175 1.26157 1.60332 0.184487
1 6 -1 0.00190931 0.0793958 0.305667 0.0565196 0.495119 0.756986 0.975198 1.26423 1.29235
1 7 -1 0.181412 0.00332404 0.200273 0.171488 0.286062 0.583218 0.796819 0.915336 0.83281
1 8 -1 0.114345 0.104899 0.0855164 0.124301 0.113973 0.502957 0.487815 0.536048 0.516958
1 9 -1 0.0283065 -1 0.0379936 0.0279428 0.0473927 0.0851332 0.133373 0.114221 0.249069
2 0 1.36165 1.33989 1.71164 2.00046 2.67519 2.83692 3.72248 3.63551 -1 -1
2 1 0.742782 0.850806 1.3587 1.95454 2.17135 2.57836 3.24462 3.1757 0.546231 -1
2 2 0.326655 0.566594 0.976271 1.52666 1.71512 2.09966 2.78051 2.67592 2.25638 0.0113641
2 3 0.00986423 0.372697 0.773842 0.961171 1.21469 1.56373 2.46079 2.44673 2.39473 0.0966721
2 4 0.0170313 0.0557398 0.888014 0.637544 1.23208 1.17324 1.51799 1.97432 2.00971 0.158265
2 5 -9.6295e-05 0.00220735 0.305766 0.346048 0.801965 1.05241 1.35895 1.52153 1.45491 0.0653514
2 6 -0.000357803 0.00155848 0.410677 0.546292 1.00904 1.22589 1.23512 1.13138 1.27223 0.928504
2 7 -1 0.21979 0.209754 0.420086 0.281755 0.544775 0.774561 0.766589 0.899863 0.880248
2 8 0.0760013 0.152662 0.0761199 0.478217 0.190649 0.364406 0.526276 0.42007 0.529977 0.506748
2 9 -1 0.0378294 0.0374443 0.0472918 0.0475203 0.123869 0.143149 0.142733 0.227824 0.258474
3 0 1.69329 1.95121 2.1532 2.53252 2.93403 3.69938 3.72109 2.90019 -1 -1
3 1 0.723058 1.28104 1.72675 2.12265 2.63431 3.19082 3.23135 2.65032 -1 -1
3 2 0.823149 0.880547 1.46341 1.96759 1.96378 2.81123 2.75571 2.6083 2.65126 -1
3 3 0.237016 0.42013 1.11802 1.07091 1.65271 2.27003 2.20192 2.27145 2.0584 0.0391663
3 4 0.16982 0.0464681 0.880584 1.33778 1.6558 1.78029 1.83637 1.87502 1.89478 0.0102955
3 5 0.00821901 0.381673 0.548821 0.707292 1.58423 1.65714 1.52152 1.53118 1.48249 0.229343
3 6 0.000495845 0.383017 0.334098 0.39243 1.11103 1.28485 1.18729 1.17718 1.23227 1.12157
3 7 0.000346833 0.190799 0.249096 0.449495 0.825959 0.805304 0.861249 0.861002 0.919393 0.881318
3 8 0.229111 0.133941 0.0954923 0.468642 0.30599 0.343159 0.516086 0.525671 0.590686 0.602598
3 9 0.0568398 0.0569912 0.0380129 0.172176 0.123693 0.219947 0.200058 0.162083 0.219793 0.229636
4 0 2.1019 2.22068 2.575 2.79902 3.68045 3.6856 0.000288937 -1 -1 -1
4 1 1.0159 1.63373 2.0755 2.36876 3.06218 3.16715 2.93784 2.56471 -1 -1
4 2 1.07031 1.24276 2.06961 2.11522 2.47784 2.80312 2.59986 2.40197 -1 -1
4 3 0.699877 1.32465 1.33465 2.10601 2.14346 1.9828 2.2293 2.28683 2.0383 -1
4 4 0.266147 1.31615 2.01509 1.93924 1.86762 1.77108 1.6624 1.91704 1.83727 0.0132136
4 5 0.0114389 0.523078 0.845449 1.70528 1.29207 1.46588 1.48461 1.57828 1.56922 0.896354
4 6 0.134627 0.333045 0.443477 0.428362 1.37947 1.11953 1.25446 1.06146 1.28472 1.09393
4 7 0.0283641 0.257993 0.287226 0.717359 0.69796 0.804481 0.947604 0.868654 0.948095 0.864118
4 8 0.0858087 0.133615 0.305146 0.31486 0.454462 0.381794 0.450221 0.553711 0.565061 0.603284
4 9 0.105046 0.0851976 0.113717 0.0760012 0.229149 0.143242 0.208564 0.190736 0.212017 0.249873
5 0 2.34956 2.85001 2.9443 3.7083 3.68591 0.664213 -1 -1 -1 -1
5 1 1.59752 2.41729 2.50879 3.09981 3.22392 2.92737 2.73637 -1 -1 -1
5 2 1.16534 2.21463 2.50209 2.64227 2.58744 2.63098 2.68738 2.31458 -1 -1
5 3 1.0693 2.4556 2.38543 2.49266 2.14508 2.15938 2.30633 2.20909 1.85683 -1
5 4 0.548536 2.0015 2.07838 1.96978 1.74483 1.81554 1.5921 2.00348 1.78941 -1
5 5 0.323515 0.498234 1.19525 1.17626 1.36909 1.48567 1.59687 1.5971 1.60749 1.33037
5 6 0.258212 0.424681 0.602186 1.18059 1.14236 1.34173 1.24266 1.29208 1.21264 1.10439
5 7 0.219514 0.55631 0.765774 0.881505 0.774962 0.83904 0.879995 0.864942 0.920873 0.87075
5 8 0.0860462 0.152834 0.224238 0.34441 0.485551 0.558725 0.488598 0.556201 0.601983 0.584727
5 9 0.0564808 0.0571614 0.0950475 0.0758208 0.166652 0.152293 0.227016 0.220971 0.225459 0.268524
6 0 2.83643 3.34294 3.76436 3.72819 2.88051 -1 -1 -1 -1 -1
6 1 2.82439 2.95745 3.07469 3.16301 3.19293 0.515663 -1 -1 -1 -1
6 2 0.756752 2.67093 2.86438 2.92714 2.58542 2.46993 2.52802 -1 -1 -1
6 3 1.09917 2.30619 2.15891 2.26119 2.18414 2.42027 2.37995 -1 -1 -1
6 4 1.03065 1.16709 1.62588 1.89729 1.8424 2.03394 1.78744 1.88393 -1 -1
6 5 0.787872 1.29265 1.57211 1.41784 1.50215 1.51696 1.52782 1.63635 1.62611 0.935593
6 6 0.315567 0.756992 1.18675 1.1684 1.07021 1.18198 1.31319 1.12845 1.2717 1.16501
6 7 0.488705 0.602735 0.639387 0.804577 0.946699 0.864598 0.85117 0.861763 0.937358 0.831262
6 8 0.124711 0.379883 0.516819 0.536857 0.516992 0.573468 0.574542 0.540945 0.540929 0.583345
6 9 0.0573381 0.143158 0.15579 0.136039 0.201041 0.226266 0.218064 0.219446 0.224328 0.248809
7 0 3.61746 3.77366 3.73854 2.79495 -1 -1 -1 -1 -1 -1
7 1 3.17297 3.19965 3.05965 2.82816 0.501232 -1 -1 -1 -1 -1
7 2 2.24152 2.581 2.73473 2.62818 2.55419 -1 -1 -1 -1 -1
7 3 1.9153 2.11819 2.30106 2.42905 2.32464 2.22242 1.52914 -1 -1 -1
7 4 1.31038 1.77362 1.9369 1.83628 2.06107 1.95586 1.75934 1.8655 -1 -1
7 5 1.08568 1.52768 1.54318 1.71985 1.68196 1.62842 1.61595 1.69187 1.35168 -1
7 6 0.919154 1.02697 1.14958 1.15374 1.23297 1.29487 1.39074 1.29185 1.24328 0.000201489
7 7 0.38633 0.893568 0.880784 0.851223 0.832735 0.997842 0.917735 0.809283 0.946964 0.871041
7 8 0.411969 0.527066 0.50764 0.497247 0.497588 0.536156 0.550958 0.521158 0.621841 0.612511
7 9 0.162592 0.191044 0.18154 0.200369 0.229296 0.200689 0.200664 0.194064 0.239393 0.267468
8 0 3.76986 3.76754 -1 -1 -1 -1 -1 -1 -1 -1
8 1 3.07933 2.96582 2.80784 -1 -1 -1 -1 -1 -1 -1
8 2 2.68341 2.52721 2.85332 2.53879 -1 -1 -1 -1 -1 -1
8 3 2.34072 2.19469 2.395 2.32496 2.17243 -1 -1 -1 -1 -1
8 4 1.9649 1.91999 1.93434 2.0473 1.93157 1.80108 1.12981 -1 -1 -1
8 5 1.57636 1.63601 1.54225 1.62822 1.60684 1.6627 1.41864 0.982691 -1 -1
8 6 1.24263 1.21559 1.29606 1.24095 1.31141 1.29731 1.31899 1.16688 -1 -1
8 7 0.832679 0.885568 0.929327 0.89059 0.874854 1.04735 0.947336 0.989291 0.860842 -1
8 8 0.439509 0.468316 0.519457 0.574088 0.524814 0.56404 0.616253 0.567159 0.564656 0.610931
8 9 0.113989 0.106322 0.171838 0.210013 0.183597 0.201387 0.22418 0.229123 0.23217 0.2682
9 0 3.64164 -1 -1 -1 -1 -1 -1 -1 -1 -1
9 1 2.91685 0.017134 -1 -1 -1 -1 -1 -1 -1 -1
9 2 1.31476 0.871878 0.160622 -1 -1 -1 -1 -1 -1 -1
9 3 2.42663 0.669923 2.00345 0.0196792 0.0809883 -1 -1 -1 -1 -1
9 4 1.99699 0.342846 1.89496 0.539181 0.467561 -1 -1 -1 -1 -1
9 5 1.68286 1.3948 1.35921 1.64199 1.50357 0.213842 -1 -1 -1 -1
9 6 1.26788 1.31421 1.27397 1.22186 1.28339 1.22732 1.14965 0.99005 -1 -1
9 7 0.891771 0.853956 0.957631 0.978922 0.91071 0.973372 0.976921 0.846806 0.622191 -1
9 8 0.572838 0.545386 0.558096 0.635835 0.627342 0.588455 0.592818 0.598826 0.568194 0.378675
9 9 0.210608 0.207378 0.24628 0.239033 0.260883 0.265711 0.25982 0.281117 0.263191 0.248519

