0 21 0.0148314 1 7 9 -1 0 0 0
0 0 -1 -1 -1 -1 0.00204044 -1 -1 -1 -1 -1
0 1 -1 -1 -1 -1 -1 -1 -1 -1 -1 -1
0 2 -1 -1 -1 -1 -1 -1 -1 -1 -1 -1
0 3 -1 -1 -1 -1 -1 -1 -1 -1 -1 -1
0 4 -1 -1 -1 -1 -1 -1 -1 -1 -1 -1
0 5 -1 -1 -1 -1 -1 -1 -1 -1 -1 -1
0 6 -1 -1 -1 -1 -1 -1 -1 -1 -1 -1
0 7 -1 -1 -1 -1 -1 -1 -1 -1 -1 -1
0 8 -1 -1 -1 -1 -1 -1 -1 -1 -1 -1
0 9 -1 -1 -1 -1 -1 -1 -1 -1 -1 -1
1 0 -1 -1 -1 -1 -1 -1 -1 -1 -1 -1
1 1 -1 -1 -1 -1 -1 -1 -1 -1 -1 -1
1 2 -1 -1 -1 -1 -1 -1 -1 -1 -1 -1
1 3 -1 -1 -1 -1 -1 -1 -1 -1 -1 -1
1 4 -1 -1 -1 -1 -1 -1 -1 -1 -1 -1
1 5 -1 -1 -1 -1 -1 -1 -1 -1 -1 -1
1 6 -1 -1 -1 -1 -1 -1 -1 -1 -1 -1
1 7 -1 -1 -1 -1 -1 -1 -1 -1 -1 0.0148314
1 8 -1 -1 -1 -1 -1 -1 -1 -1 -1 -1
1 9 -1 -1 -1 -1 -1 -1 -1 -1 -1 -1
2 0 -1 -1 -1 -1 -1 -1 -1 -1 -1 -1
2 1 -1 -1 -1 -1 -1 -1 -1 -1 -1 -1
2 2 -1 -1 -1 -1 -1 -1 -1 -1 -1 -1
2 3 -1 -1 -1 -1 -1 -1 -1 -1 -1 -1
2 4 -1 -1 -1 -1 -1 0.000160938 -1 -1 -1 -1
2 5 -1 -1 -1 -1 -1 -1 -1 0.00439885 -1 -1
2 6 -1 -1 -1 -1 -1 -1 -1 -1 -1 -1
2 7 -1 -1 -1 -1 -1 -1 -1 -1 -1 -1
2 8 -1 -1 -1 -1 -1 -1 -1 -1 -1 -1
2 9 -1 -1 -1 -1 -1 -1 -1 -1 -1 -1
3 0 -1 -1 -1 -1 -1 -1 -1 -1 -1 -1
3 1 -1 -1 -1 -1 -1 -1 -1 -1 -1 -1
3 2 -1 -1 -1 -1 -1 -1 -1 -1 -1 -1
3 3 -1 -1 -1 -1 -1 -1 -1 -1 -1 -1
3 4 -1 -1 -1 -1 -1 -1 -1 -1 -1 -1
3 5 -1 -1 -1 -1 -1 -1 -1 -1 -1 -1
3 6 -1 -1 -1 -1 -1 -1 -1 -1 -1 -1
3 7 -1 -1 -1 -1 -1 -1 -1 -1 -1 -1
3 8 -1 -1 -1 -1 -1 -1 -1 -1 -1 -1
3 9 -1 -1 -1 -1 -1 -1 -1 -1 -1 0.0123195
4 0 -1 -1 -1 -1 -1 -1 -1 -1 -1 -1
4 1 -1 -1 -1 -1 -1 -1 -1 -1 -1 -1
4 2 -1 -1 -1 -1 -1 -1 -1 -1 -1 -1
4 3 -1 -1 0.00105121 -1 -1 -1 -1 -1 -1 -1
4 4 -1 -1 -1 0.000755253 0.000306906 -1 -1 -1 -1 -1
4 5 -1 -1 -1 -1 -1 -1 -1 -1 -1 -1
4 6 -1 -1 -1 -1 -1 -1 -1 -1 -1 -1
4 7 -1 -1 -1 -1 -1 -1 -1 -1 -1 -1
4 8 -1 -1 -1 -1 -1 -1 -1 -1 -0.000425808 -1
4 9 -1 -1 -1 -1 -1 -1 -1 -1 -1 -1
5 0 -1 -1 -1 -1 -1 -1 -1 -1 -1 -1
5 1 -1 -1 -1 -1 -1 -1 -1 -1 -1 -1
5 2 -1 -1 -1 -1 -1 -1 -1 -1 -1 -1
5 3 -1 -1 -1 -1 -1 -1 -1 -1 -1 -1
5 4 -1 -1 -0.000788929 0.00032284 -1 -1 -1 -1 -1 -1
5 5 -1 -1 -1 -1 0.000917643 -1 -1 -1 -1 -1
5 6 -1 -1 -1 -1 -1 -1 -1 -1 -1 -1
5 7 -1 -1 -1 -1 -1 -1 -1 -1 -1 -1
5 8 -1 -1 -1 -1 -1 -1 -1 0.00255565 -1 -1
5 9 -1 -1 -1 -1 -1 -1 -1 -1 -1 -1
6 0 -1 -1 -1 -1 -1 -1 -1 -1 -1 -1
6 1 -1 -1 -1 -1 -1 -1 -1 -1 -1 -1
6 2 -1 -1 -1 -1 -1 -1 -1 -1 -1 -1
6 3 -1 -1 -1 -1 -1 -1 -1 -1 -1 -1
6 4 -1 -1 -1 -1 -1 -1 -1 -1 -1 -1
6 5 -1 -1 -1 -0.000617356 -1 -1 -1 -1 -1 -1
6 6 -1 -1 -1 -1 -1 -1 -1 -1 -1 -1
6 7 -1 -1 -1 -1 -1 0.00095873 -1 -1 -1 -1
6 8 -1 -1 -1 -1 -1 -1 -1 -1 -1 -1
6 9 -1 -1 -1 -1 -1 -1 -1 -1 -1 -1
7 0 -1 -1 -1 -1 -1 -1 -1 -1 -1 -1
7 1 -1 -1 -1 -1 -1 -1 -1 -1 -1 -1
7 2 -1 -1 -1 -1 -1 -1 -1 -1 -1 -1
7 3 -1 -1 -1 -1 -1 -1 -1 -1 -1 -1
7 4 -1 -1 -1 -1 -1 -1 -1 -1 -1 -1
7 5 -1 -1 -1 -1 -1 -1 -1 -1 -1 -1
7 6 -1 -1 -1 -1 -1 -1 -1 -1 -1 -1
7 7 -1 -1 -1 -1 -1 -1 -1 -1 -1 -1
7 8 -1 -1 -1 -1 -1 -1 -1 -1 -1 -1
7 9 -1 -1 -1 -1 -1 -1 -1 -1 -1 -1
8 0 -1 -1 -1 -1 -1 -1 -1 -1 -1 -1
8 1 -1 -1 -1 -1 -1 -1 -1 -1 -1 -1
8 2 -1 -1 -1 -1 -1 -1 -1 -1 -1 -1
8 3 0.00420692 -1 -1 -1 -1 -1 -1 -1 -1 -1
8 4 -1 -1 -1 -1 -1 -1 -1 -1 -1 -1
8 5 -1 -1 -1 -1 -1 -1 -1 -1 -1 -1
8 6 -1 -1 -1 -1 -1 -1 -1 -1 -1 -1
8 7 -1 -1 -1 -1 -1 -1 -1 -1 -1 -1
8 8 -1 -1 -1 -1 -1 -1 -1 -1 -1 -1
8 9 -1 -1 -1 -1 -1 -1 -1 -1 -1 0.00317915
9 0 -1 -1 -1 -1 -1 -1 -1 -1 -1 -1
9 1 -1 -1 -1 -1 -1 -1 -1 -1 -1 -1
9 2 -1 -1 -1 -1 -1 -1 -1 -1 -1 -1
9 3 -1 -1 -1 -1 -1 -1 -1 -1 -1 -1
9 4 -1 -1 -1 -1 -1 -1 -1 -1 -1 -1
9 5 -1 -1 -1 -1 -1 -1 -1 -1 -1 -1
9 6 0.00434933 -1 -1 -1 -1 -1 -1 -1 -1 -1
9 7 -1 -1 -1 -1 -1 -1 -1 -1 -1 -1
9 8 -1 -1 -1 -1 -1 -1 -1 -1 -1 -1
9 9 -1 0.00600421 0.00331968 -1 -1 -1 0.00300212 -1 -1 -1

5000 784 3.754 0 0 8 -1 0 0 0
0 0 0.534903 0.797133 1.12173 1.50148 1.65301 2.01284 1.78568 3.09253 3.754 3.58957
0 1 0.0374443 0.272156 0.477803 0.947687 1.3208 1.46479 1.61479 1.91063 2.03946 0.0720842
0 2 0.000326689 0.00778847 0.115331 0.599945 0.991983 1.05459 1.16006 1.26291 2.23915 0.198202
0 3 0.000274653 0.00843743 0.00450364 0.188725 0.511824 0.909831 0.854671 1.21031 2.06673 0.194103
0 4 -1 -1 0.000739513 0.00276608 0.135204 0.430406 0.998875 0.999241 1.70572 0.126309
0 5 -1 -1 0.000788988 0.00250136 0.00474488 0.152007 0.216215 0.820244 1.41951 1.18364
0 6 -1 -9.71507e-05 0.000421683 0.000237732 0.000824049 0.000731713 0.0596114 0.399486 0.799715 0.92814
0 7 -1 -1 -1 -0.000882412 -0.00115778 0.000867353 0.00277965 0.0712574 0.537155 0.699693
0 8 -1 -1 -1 -1 7.89955e-05 0.000532921 0.00875526 0.00179153 0.263868 0.446265
0 9 -1 -1 -1 -1 -1 -1 -1 0.000524945 0.0205445 0.131337
1 0 0.724845 1.11503 1.55601 1.71412 2.01541 2.56415 2.71429 3.74558 3.74007 -1
1 1 0.44568 0.959028 1.07529 1.17799 1.69017 1.85154 2.30017 2.847 2.50666 0.00774476
1 2 0.00430247 0.133209 0.351839 0.852532 1.24631 1.55215 2.00416 2.50917 2.23626 0.00662089
1 3 0.000152617 0.0957284 0.273324 0.545855 0.732554 0.999818 1.53899 2.28462 2.10575 0.0152781
1 4 -1 0.00754389 0.0463862 0.057813 0.0643867 0.352854 0.942547 1.69201 1.79767 0.0152332
1 5 -1 0.000898907 0.0450703 0.0289035 0.212699 0.323384 0.370066 1.29211 1.45436 0.01854
1 6 -1 0.00100943 0.00226881 0.0169875 0.00651863 0.0477962 0.252969 0.522941 1.2737 0.678018
1 7 -1 0.000580892 0.000538834 -0.000836701 0.000994428 0.00219575 0.0319492 0.303846 0.833277 0.672395
1 8 -1 -1 -1 -1 -1 0.000804035 0.012842 0.027113 0.464193 0.501011
1 9 -1 -1 -1 -1 0.00853369 0.0086172 0.00862911 0.0162297 0.0625247 0.168768
2 0 0.988131 1.28521 1.8904 2.40099 2.55208 2.73001 3.69884 3.62006 -1 -1
2 1 0.475682 0.8351 1.03812 1.3771 1.82689 2.29657 3.00948 2.94819 0.0158611 -1
2 2 0.275198 0.51772 0.964884 0.829887 1.61686 1.61974 2.47189 2.63981 0.0197869 0.0064856
2 3 0.00601692 0.274871 0.240068 0.631092 0.635649 1.42827 2.01182 2.17966 2.07647 0.0112171
2 4 0.0351777 0.0230047 0.290184 0.385722 0.0477195 1.01187 1.13443 1.6431 1.83551 0.0153542
2 5 4.4938e-05 0.029701 0.45619 0.237874 0.0803711 0.0786616 0.567246 0.986067 1.45384 0.0185586
2 6 7.17847e-05 0.000688527 0.0487348 0.0214395 0.165997 0.143076 0.160516 1.03044 1.08352 0.0171425
2 7 -1 0.0528324 0.0101636 0.000720606 0.00466879 0.00922069 0.233525 0.674857 0.761793 0.647966
2 8 -1 -1 -1 -1 0.000301798 0.000307455 0.0287238 0.0539724 0.459996 0.497747
2 9 -1 -1 -1 0.00866737 -1 0.00870374 0.02739 0.0291189 0.125314 0.25513
3 0 1.42466 1.57809 2.16984 2.59259 2.68469 3.70428 3.69798 -1 -1 -1
3 1 0.669926 1.24258 1.59517 1.86932 2.28921 3.07306 3.17898 2.55222 -1 -1
3 2 0.713759 0.89065 2.01776 1.71454 1.73398 2.18406 2.66228 2.38329 2.21044 -1
3 3 0.172236 0.480595 0.975483 0.774778 0.86946 1.85669 2.08415 2.02314 2.04855 0.00534525
3 4 0.00348628 0.824438 1.02142 0.700539 0.494084 1.23002 1.28192 1.72177 1.66528 0.0099465
3 5 0.0178918 0.0549566 0.345171 0.395828 0.227659 0.048257 1.21813 1.36012 1.50229 0.00795863
3 6 -0.00128425 0.00128848 0.174031 0.0273044 0.0233951 0.0292038 0.7977 0.754975 1.1395 0.889607
3 7 -0.000897584 0.000420296 0.00475254 0.016124 0.0347794 0.0217885 0.119627 0.264749 0.955817 0.758798
3 8 -1 -1 -1 0.018255 0.00852126 0.27692 0.0400066 0.0262853 0.382263 0.478772
3 9 -1 -1 -1 -1 0.0086444 0.0182337 0.0739862 0.0267214 0.210485 0.158417
4 0 1.66974 2.05767 2.34967 2.99098 3.65245 3.64608 -1 -1 -1 -1
4 1 0.920737 1.61407 2.29242 2.30985 3.02125 3.19731 2.40387 -1 -1 -1
4 2 0.681713 1.40022 1.94371 1.76092 1.91495 2.27607 2.86515 2.52139 -1 -1
4 3 0.638309 0.95658 1.23552 1.43373 1.26096 1.90569 1.93228 2.0865 2.12488 -1
4 4 0.300129 1.16383 0.879049 1.14193 0.708899 0.91886 1.31197 1.86138 1.70767 0.014086
4 5 0.00092844 0.439599 0.707853 0.290616 0.525507 0.622635 0.946666 1.51372 1.39726 0.0107942
4 6 -0.000282239 0.0118439 0.249269 0.176536 0.269182 0.0335726 0.0907388 1.18498 1.02297 0.928015
4 7 -0.000667421 0.00904928 0.0426675 0.0144447 0.0473533 0.028481 0.416571 0.221795 0.948176 0.75128
4 8 0.00867461 -1 0.00861248 0.0164796 0.0328903 0.0377067 0.0368749 0.486005 0.567958 0.506665
4 9 -1 -1 0.037343 0.0182725 0.0374101 0.0241806 0.0324538 0.0724311 0.0579153 0.239493
5 0 2.10409 2.35858 2.95327 3.62528 3.61976 -1 -1 -1 -1 -1
5 1 1.04114 1.73892 2.68569 3.13194 3.05711 2.84466 -1 -1 -1 -1
5 2 1.02945 1.66389 1.96739 2.71698 2.75106 2.65159 2.48485 -1 -1 -1
5 3 0.814984 1.31598 1.66414 2.27856 2.10631 2.39018 2.45374 1.40613 -1 -1
5 4 0.486947 0.906148 1.20147 0.894018 0.909455 1.55515 1.86395 2.02676 1.60698 -1
5 5 0.308382 0.533614 0.994067 0.408187 0.542348 0.780681 1.40795 1.55969 1.52155 0.00282823
5 6 0.00199554 0.278705 0.232663 0.945691 0.0881044 0.10067 0.711461 1.16485 1.05207 0.0113239
5 7 0.000272172 0.0696495 0.115939 0.1176 0.0390951 0.0317585 0.0135746 0.395959 0.91937 0.678454
5 8 0.000185825 0.00875491 0.00854452 0.0338742 0.23412 0.241817 0.0327403 0.388546 0.260092 0.639627
5 9 -1 -1 0.0183536 0.0260013 0.0320642 0.14737 0.0227392 0.0218858 0.0225346 0.219937
6 0 2.72023 2.92921 3.63635 3.62481 -1 -1 -1 -1 -1 -1
6 1 0.891329 2.42587 3.05498 2.92108 2.49732 2.16592 -1 -1 -1 -1
6 2 1.31807 2.14457 2.71116 2.74554 2.72705 0.969413 -1 -1 -1 -1
6 3 0.860025 1.34669 2.2633 2.25769 2.09074 2.31617 1.81839 -1 -1 -1
6 4 0.80364 1.02826 1.81851 1.91132 2.01286 2.00888 2.07402 0.00667985 -1 -1
6 5 0.482177 1.06936 0.998212 0.624396 1.33192 0.516031 1.59232 1.35174 0.184644 -1
6 6 0.113825 0.582284 0.855576 0.414475 0.274715 0.752746 1.17918 1.06089 1.22983 0.0139842
6 7 0.000796838 0.262291 0.164943 0.221388 0.0896549 0.0145918 0.741874 0.482815 0.821999 0.668133
6 8 0.00527544 0.0272204 0.123888 0.0548256 0.0325776 0.0269516 0.0234717 0.0406572 0.46678 0.534658
6 9 0.0087191 0.00935205 0.0181851 0.0268285 0.02008 0.0345566 0.0355959 0.0217114 0.0476143 0.220048
7 0 3.37445 3.65112 3.58945 -1 -1 -1 -1 -1 -1 -1
7 1 1.21443 2.88826 2.83479 2.82283 -1 -1 -1 -1 -1 -1
7 2 1.2619 2.49297 2.61949 2.54488 1.29008 -1 -1 -1 -1 -1
7 3 1.39302 2.23239 2.28222 2.17947 2.32807 2.08947 -1 -1 -1 -1
7 4 0.85874 1.89856 1.95666 1.88975 1.98958 1.91795 1.82673 -1 -1 -1
7 5 0.861629 1.51173 1.60766 1.29597 1.62646 1.38289 1.66207 1.29014 -1 -1
7 6 0.680605 1.1493 0.807955 0.96412 1.27392 1.07949 1.16473 1.18814 0.990808 -1
7 7 0.104286 0.469644 0.288089 0.573297 0.111573 0.159885 0.745498 0.649961 0.76795 0.670499
7 8 0.0138971 0.0509944 0.137526 0.0251278 0.141784 0.0216737 0.117296 0.148797 0.507421 0.506612
7 9 0.00869539 0.0242801 0.025795 0.0197533 0.0321999 0.0251263 0.0646646 0.138314 0.0774844 0.277946
8 0 3.6436 3.65041 -1 -1 -1 -1 -1 -1 -1 -1
8 1 1.96581 0.102075 0.000170069 -1 -1 -1 -1 -1 -1 -1
8 2 1.12846 2.30575 0.0124013 -0.00121003 -1 -1 -1 -1 -1 -1
8 3 1.27597 2.03302 0.0178884 0.00544064 -1 -1 -1 -1 -1 -1
8 4 1.71886 1.81095 1.66504 1.84456 1.589 0.00399237 -1 -1 -1 -1
8 5 1.26673 1.48849 1.48917 1.42502 1.48982 1.3299 1.17869 -1 -1 -1
8 6 1.14548 1.22074 1.04633 1.28564 1.08583 1.21947 1.29955 0.885676 0.84003 -1
8 7 0.752563 0.974422 0.721356 0.944114 0.801017 0.931896 0.906031 0.968145 0.61273 -1
8 8 0.505566 0.254485 0.376615 0.640987 0.526564 0.587353 0.495653 0.52144 0.582847 0.492772
8 9 0.0277165 0.0342586 0.155898 0.136422 0.0672844 0.0155743 0.0454645 0.0156996 0.246305 0.259918
9 0 1.61965 -1 -1 -1 -1 -1 -1 -1 -1 -1
9 1 1.62179 0.00882885 -1 -1 -1 -1 -1 -1 -1 -1
9 2 0.352523 0.00963306 0.011487 -1 -1 -1 -1 -1 -1 -1
9 3 0.102781 0.00954687 0.00884278 0.0121258 -1 -1 -1 -1 -1 -1
9 4 0.0894322 0.012081 0.045039 0.0155741 0.000399544 -1 -1 -1 -1 -1
9 5 0.48466 0.0289612 0.102137 0.00651264 0.00532548 0.0065357 -1 -1 -1 -1
9 6 1.01216 0.0205907 0.185205 0.014906 0.943477 0.00608375 0.0119488 -1 -1 -1
9 7 0.862524 0.864393 0.866045 0.776071 0.614612 0.674357 0.919936 0.00607111 -1 -1
9 8 0.536678 0.493345 0.543189 0.527532 0.601621 0.626221 0.61042 0.539988 0.460563 0.381186
9 9 0.196586 0.153692 0.19271 0.205709 0.293009 0.259399 0.263825 0.242004 0.198686 0.229873

10000 800 3.76768 1 0 7 -1 0 0 0
0 0 0.534903 0.829028 1.23023 1.53114 1.87791 2.30449 2.58944 3.40215 3.75628 3.58957
0 1 0.346233 0.298583 0.734019 1.0822 1.3208 1.46479 1.62423 2.13044 2.49965 0.60492
0 2 0.0269241 0.0311554 0.546002 0.624259 0.991983 1.41354 1.46462 2.21324 2.23915 0.716299
0 3 0.000274653 0.0272752 0.0450061 0.188725 0.846408 1.05019 1.44056 1.66108 2.06673 0.759098
0 4 -1 0.000173976 0.00814298 0.173994 0.303125 0.600528 0.998875 1.28533 1.76367 0.231307
0 5 -1 0.00041889 0.00175003 0.0115981 0.0734983 0.197929 0.263472 1.03941 1.48252 1.18364
0 6 -1 -9.71507e-05 0.00491595 0.000237732 0.000824049 0.0209578 0.129277 0.399486 1.09531 1.12169
0 7 -1 -1 -1 -0.000882412 0.00179387 0.0122698 0.00873059 0.234104 0.537155 0.808581
0 8 -1 -1 -1 -1 7.89955e-05 0.000648671 0.00875526 0.0523524 0.263868 0.549415
0 9 -1 -1 -1 -1 -1 -1 0.027744 0.00871995 0.0351422 0.219651
1 0 0.767586 1.15232 1.65619 1.86334 2.23619 2.56415 3.36993 3.76768 3.7488 -1
1 1 0.44568 0.959028 1.07529 1.37339 1.70907 1.85154 2.30017 2.847 2.51128 0.00853806
1 2 0.0736213 0.239017 0.883169 0.863902 1.45366 1.79447 2.17035 2.5947 2.26038 0.010351
1 3 0.00771341 0.0957284 0.33164 0.545855 0.732554 1.2108 1.62064 2.28462 2.14838 0.0152781
1 4 0.000158342 0.00754389 0.419244 0.20274 0.369561 0.693516 0.942547 1.81947 1.95489 0.0152332
1 5 -1 0.000898907 0.161656 0.123271 0.253986 0.465315 0.84981 1.41575 1.55903 0.132131
1 6 -1 0.00100943 0.00445727 0.0169875 0.0387679 0.0762466 0.51484 0.799546 1.2737 0.955924
1 7 -1 0.000580892 0.000538834 0.000530392 0.0155868 0.0232352 0.227776 0.612204 0.870893 0.80195
1 8 -1 -1 -1 -1 -1 0.000804035 0.134197 0.143708 0.530823 0.597935
1 9 -1 -1 -1 -1 0.00853369 0.0086172 0.0182267 0.0565865 0.180781 0.214227
2 0 0.988131 1.28521 1.8904 2.40099 2.55208 3.20985 3.71303 3.73401 -1 -1
2 1 0.742181 0.976682 1.2418 1.5961 2.0982 2.44823 3.08176 3.14739 0.0158611 -1
2 2 0.275198 0.739913 1.15756 1.24499 1.61686 1.75591 2.72426 2.6677 0.0197869 0.0118766
2 3 0.0272538 0.449464 0.663725 0.830364 1.09882 1.42827 2.30193 2.28137 2.09732 0.0112171
2 4 0.0351777 0.168516 0.579983 0.586376 0.398653 1.06962 1.81472 1.86716 1.83551 0.0153542
2 5 4.4938e-05 0.029701 0.487004 0.237874 0.329231 1.21775 1.20459 1.55906 1.61359 0.762064
2 6 7.17847e-05 0.00879159 0.0487348 0.247402 0.468171 0.466816 1.01022 1.09289 1.19557 0.0171425
2 7 -1 0.0528324 0.0101636 0.00834734 0.0108988 0.138394 0.383778 0.765605 0.761793 0.730774
2 8 -1 -1 0.00859532 -0.00012469 0.000320021 0.00861777 0.17173 0.452164 0.462023 0.644398
2 9 -1 -1 -1 0.00866737 0.00880829 0.0363297 0.02739 0.176562 0.232095 0.25513
3 0 1.57118 1.75871 2.16984 2.59259 3.13967 3.70428 3.70941 -1 -1 -1
3 1 0.760818 1.50253 1.62194 2.0823 2.62938 3.07306 3.17898 3.04337 -1 -1
3 2 0.713759 1.14259 2.01776 1.94054 1.95935 2.61958 2.80319 2.38329 2.21044 -1
3 3 0.389812 0.487417 1.46253 1.19436 1.39706 2.25276 2.46476 2.21074 2.14573 0.0138696
3 4 0.00348628 0.824438 1.02142 1.02346 1.23371 1.85118 1.77324 1.94401 1.83112 0.0152459
3 5 0.0178918 0.141858 0.456618 0.395828 0.612238 0.844268 1.45164 1.52206 1.57361 0.0128224
3 6 -0.000293652 0.0564245 0.174031 0.115068 0.313254 0.574724 1.20168 1.1103 1.27302 0.966173
3 7 -0.000897584 0.00121729 0.0138989 0.016124 0.627683 0.697675 0.759932 0.785156 0.955817 0.813802
3 8 0.0657417 -1 -1 0.486612 0.43952 0.27692 0.306521 0.516763 0.525921 0.574698
3 9 -1 -1 -1 0.0181975 0.00892521 0.125244 0.0948824 0.136512 0.210808 0.229432
4 0 1.70179 2.15198 2.44339 3.07059 3.66569 3.68429 -1 -1 -1 -1
4 1 0.93649 1.91366 2.29242 2.57615 3.11057 3.19731 2.9974 -1 -1 -1
4 2 0.727239 1.40022 1.98245 2.12132 2.59284 2.77123 2.86515 2.67666 -1 -1
4 3 0.638309 1.17015 1.62584 1.52335 2.33 2.29807 1.99027 2.20081 2.31268 -1
4 4 0.346011 1.16383 1.07462 1.65319 1.33434 1.80889 1.73174 1.8832 1.75213 0.014086
4 5 0.00603844 0.632261 0.920276 0.627269 1.1217 1.21183 1.51997 1.51372 1.52142 0.0107942
4 6 0.0176065 0.540608 0.316577 0.325261 0.681269 1.02881 1.02083 1.18498 1.30283 0.96508
4 7 -0.000444219 0.162354 0.0426675 0.309721 0.347964 0.814193 0.778037 0.799958 0.948176 0.851313
4 8 0.00867461 -1 0.276543 0.0164796 0.327254 0.481699 0.553219 0.499478 0.567958 0.523663
4 9 -1 -1 0.037343 0.219319 0.0753455 0.137744 0.161143 0.194839 0.144553 0.249399
5 0 2.10409 2.70859 3.05242 3.71322 3.68344 -1 -1 -1 -1 -1
5 1 1.13173 2.52747 2.73934 3.13194 3.09111 3.117 -1 -1 -1 -1
5 2 1.02945 1.66389 2.10684 2.76522 2.75106 2.69048 2.48485 -1 -1 -1
5 3 0.814984 1.41568 1.70717 2.32914 2.17096 2.39018 2.45374 1.90406 -1 -1
5 4 0.753656 1.12235 1.31456 1.31243 1.71803 1.90763 1.95247 2.12508 1.7129 -1
5 5 0.308382 0.56491 1.00089 1.03034 1.18094 1.26915 1.40795 1.55969 1.67061 0.0112781
5 6 0.0170266 0.649814 0.512295 0.945691 1.17946 0.369191 1.32415 1.20698 1.17291 0.0113239
5 7 0.0854596 0.11 0.129751 0.335327 0.654978 0.619219 0.691176 0.834004 0.949963 0.890164
5 8 0.0328839 0.0466404 0.00990542 0.292705 0.488023 0.360789 0.318515 0.543129 0.520824 0.639627
5 9 -1 0.0182113 0.0183536 0.133391 0.171703 0.14737 0.164238 0.187063 0.201869 0.268466
6 0 2.72023 3.06569 3.70699 3.64982 -1 -1 -1 -1 -1 -1
6 1 1.3087 2.44121 3.05498 3.05046 2.89271 2.16592 -1 -1 -1 -1
6 2 1.31807 2.14457 2.71116 2.74554 2.72705 2.77943 -1 -1 -1 -1
6 3 1.34189 1.72898 2.28086 2.3711 2.2976 2.4325 2.07797 -1 -1 -1
6 4 0.843992 1.27575 2.01225 1.92596 2.07014 2.07895 2.11361 1.51588 1.44457 -1
6 5 0.482177 1.12983 1.29136 1.57703 1.35394 1.45695 1.59232 1.74427 1.7512 -1
6 6 0.321433 0.753528 0.855576 0.99282 0.866219 0.752746 1.17918 1.18213 1.30358 0.916656
6 7 0.118659 0.480032 0.288396 0.8597 0.779112 0.881642 0.741874 0.629161 0.871039 0.831374
6 8 0.190066 0.0396205 0.182087 0.507757 0.480382 0.366727 0.318027 0.350451 0.583877 0.591903
6 9 0.00877016 0.00935205 0.123999 0.153434 0.189696 0.0971763 0.0679124 0.106564 0.170367 0.25286
7 0 3.50726 3.71681 3.72419 -1 -1 -1 -1 -1 -1 -1
7 1 2.36813 2.88826 2.9007 2.82892 -1 -1 -1 -1 -1 -1
7 2 1.2619 2.62525 2.61949 2.54488 2.62921 -1 -1 -1 -1 -1
7 3 1.39302 2.23239 2.31592 2.26177 2.32807 2.21994 -1 -1 -1 -1
7 4 1.08903 1.89856 1.99542 1.88975 2.01964 1.99861 1.8764 1.43066 -1 -1
7 5 0.861629 1.52674 1.64383 1.63319 1.62646 1.59997 1.66839 1.55692 -1 -1
7 6 0.680605 1.1493 1.25902 1.16305 1.28471 1.36415 1.28516 1.29355 0.990808 0.00043298
7 7 0.441249 0.572509 0.658336 0.813451 0.529509 0.5295 1.00548 0.887281 0.786184 0.893538
7 8 0.190646 0.319074 0.475457 0.458165 0.474202 0.397211 0.295682 0.375353 0.546462 0.525718
7 9 0.00869539 0.0417926 0.124699 0.166522 0.178582 0.107688 0.105311 0.138314 0.182456 0.277946
8 0 3.7322 3.71378 -1 -1 -1 -1 -1 -1 -1 -1
8 1 2.11216 0.102075 0.00564689 -1 -1 -1 -1 -1 -1 -1
8 2 1.1802 2.30575 0.0124013 0.00377457 -1 -1 -1 -1 -1 -1
8 3 1.30309 2.03302 2.01907 2.20345 0.000245636 -1 -1 -1 -1 -1
8 4 1.71886 1.81095 1.75981 1.8574 1.95717 1.68807 -1 -1 -1 -1
8 5 1.47812 1.62597 1.60415 1.5316 1.62578 1.50633 1.48677 -1 -1 -1
8 6 1.14548 1.22074 1.1412 1.28564 1.32971 1.26972 1.34306 1.21778 0.84003 -1
8 7 0.870634 0.974422 0.860559 0.944114 0.958244 0.931896 0.962933 0.968145 0.901345 0.689018
8 8 0.505566 0.482717 0.568266 0.640987 0.526564 0.587353 0.631216 0.52144 0.597234 0.596407
8 9 0.166828 0.161968 0.155898 0.136422 0.122059 0.191802 0.198715 0.142551 0.246305 0.259918
9 0 1.61965 -1 -1 -1 -1 -1 -1 -1 -1 -1
9 1 1.64 0.00882885 -1 -1 -1 -1 -1 -1 -1 -1
9 2 0.643255 0.00963306 0.011487 -1 -1 -1 -1 -1 -1 -1
9 3 0.102781 0.00954687 0.12738 0.0121258 -1 -1 -1 -1 -1 -1
9 4 0.209276 0.117047 0.0484443 0.0169395 0.000399544 -1 -1 -1 -1 -1
9 5 1.01058 0.126946 0.197088 0.0192827 0.139919 0.0106686 -1 -1 -1 -1
9 6 1.01216 0.251959 0.99155 0.66377 0.943477 0.88178 0.981816 -1 -1 -1
9 7 0.866726 0.880009 0.866045 0.776071 0.774557 0.807142 0.919936 0.0212358 0.623654 -1
9 8 0.559452 0.540283 0.560204 0.60563 0.601621 0.626221 0.621459 0.621523 0.460563 0.381186
9 9 0.24319 0.18923 0.216097 0.227404 0.293009 0.259399 0.266026 0.243876 0.237521 0.231601

15000 807 3.76768 1 0 7 -1 0 0 0
0 0 0.534903 0.997787 1.27754 1.62215 1.89931 2.59459 2.77262 3.47743 3.7565 3.58957
0 1 0.346233 0.298583 0.8542 1.0822 1.4033 1.52272 1.9978 2.5268 2.53682 0.7648
0 2 0.0269241 0.389663 0.546002 0.850405 0.991983 1.41354 1.46683 2.21324 2.23915 0.716299
0 3 0.000274653 0.0272752 0.0450061 0.261769 0.846408 1.05019 1.44056 1.66108 2.06673 0.759098
0 4 -1 0.000352928 0.00814298 0.173994 0.303125 0.600528 1.04869 1.28533 1.78756 0.278864
0 5 -1 0.00041889 0.00175003 0.0115981 0.29417 0.197929 0.550935 1.03941 1.48252 1.19902
0 6 -1 -9.71507e-05 0.00491595 0.000776709 0.00084162 0.12891 0.60353 0.622132 1.09531 1.12169
0 7 -1 -1 -1 -0.000727438 0.00179387 0.0122698 0.234311 0.382634 0.888519 0.808581
0 8 -1 -1 -1 -1 7.89955e-05 0.00304518 0.00875526 0.0523524 0.263868 0.549415
0 9 -1 -1 -1 -1 -1 -1 0.0277553 0.00871995 0.0390972 0.219651
1 0 0.767586 1.35667 1.65619 2.01208 2.32979 2.69702 3.36993 3.76768 3.7488 -1
1 1 0.44568 0.959028 1.0926 1.37339 1.9378 2.31103 2.30436 2.85871 2.51128 0.00853806
1 2 0.0736213 0.340924 0.883169 1.14285 1.45366 1.79447 2.17035 2.5947 2.41393 0.010351
1 3 0.0180568 0.481333 0.793019 0.644891 0.929992 1.2108 1.62064 2.40116 2.37609 0.0157589
1 4 0.000158342 0.00754389 0.4687 0.20274 0.381484 0.693516 1.38986 1.91944 1.95489 0.0531447
1 5 -1 0.000898907 0.161656 0.123271 0.253986 0.707869 0.84981 1.41575 1.55903 0.132131
1 6 -1 0.00112905 0.00445727 0.0241118 0.239997 0.20389 0.51484 0.799546 1.29471 1.03295
1 7 -1 0.000580892 0.000538834 0.000530392 0.037264 0.0292476 0.303943 0.612204 0.870893 0.80195
1 8 -1 -1 -1 -1 0.000214422 0.00654096 0.134197 0.286298 0.530823 0.597935
1 9 -1 -1 -1 -1 0.00853369 0.0216066 0.0283929 0.190484 0.180781 0.221573
2 0 1.00653 1.28521 1.8904 2.43261 2.55208 3.20985 3.74343 3.75132 -1 -1
2 1 0.742181 1.12345 1.49156 1.8802 2.26897 2.44823 3.1106 3.14739 0.0158611 -1
2 2 0.37545 0.739913 1.15756 1.48621 1.68259 1.9367 2.89205 2.86131 0.268881 0.0118766
2 3 0.0296616 0.449464 1.2952 0.830364 1.32981 1.42827 2.32752 2.32115 2.10647 0.0715833
2 4 0.0351777 0.168516 0.579983 0.64744 0.732311 1.19387 1.81472 2.0292 1.83551 0.317353
2 5 4.4938e-05 0.029701 0.487004 0.237874 0.446146 1.21775 1.20459 1.68409 1.61359 0.762064
2 6 7.17847e-05 0.00879159 0.0487348 0.247402 0.468171 0.466816 1.01022 1.09289 1.25566 0.861577
2 7 -1 0.0528324 0.0101636 0.109475 0.336414 0.138394 0.426415 0.913964 0.888793 0.889077
2 8 -1 -1 0.00859532 -0.00012469 0.00861894 0.0103636 0.23844 0.460064 0.549984 0.644398
2 9 -1 -1 -1 0.00866737 0.056521 0.0854125 0.171539 0.176562 0.232095 0.258697
3 0 1.59575 1.75871 2.16984 2.59259 3.25547 3.70428 3.72108 3.20248 -1 -1
3 1 0.760818 1.50253 1.8173 2.18651 2.62938 3.07306 3.18373 3.04337 -1 -1
3 2 0.713759 1.14259 2.13448 1.94054 2.15705 2.61958 2.80319 2.69746 2.21044 -1
3 3 0.466596 0.519443 1.46253 1.25124 1.39706 2.37555 2.46476 2.22269 2.14573 0.0138696
3 4 0.151333 0.824438 1.16402 1.02346 1.38504 1.85118 1.9765 2.01543 1.83112 0.134512
3 5 0.0178918 0.33389 0.742445 0.573383 0.612238 1.28568 1.45164 1.5608 1.57361 0.0128224
3 6 -0.000293652 0.113122 0.199283 0.115068 0.550799 0.575197 1.20168 1.1103 1.27302 0.985734
3 7 -0.000897584 0.0150278 0.0178293 0.0954867 0.627683 0.697675 0.802915 0.800102 0.955817 0.85647
3 8 0.0657417 -1 0.00865806 0.486612 0.555214 0.27692 0.429617 0.516763 0.536193 0.574698
3 9 -1 -1 -1 0.0563678 0.0373026 0.180627 0.185494 0.209284 0.226622 0.234375
4 0 1.70179 2.15198 2.66076 3.20849 3.66569 3.68429 1.93833 -1 -1 -1
4 1 1.02553 1.91366 2.44289 2.73995 3.11057 3.19731 2.9974 -1 -1 -1
4 2 0.862859 1.40022 2.20553 2.20604 2.59284 2.77123 2.86515 2.78521 -1 -1
4 3 0.638309 1.7574 1.62584 1.59846 2.33 2.29807 2.39498 2.29702 2.31268 -1
4 4 0.346011 1.16383 1.07462 1.65319 1.63448 1.87276 1.73174 1.8832 1.75213 0.014086
4 5 0.0372188 0.632261 0.920276 0.988333 1.26182 1.46942 1.51997 1.64794 1.55742 0.0107942
4 6 0.0176065 0.540608 0.34688 0.370052 0.681269 1.23314 1.09151 1.18498 1.30283 0.96508
4 7 -0.000162526 0.162354 0.226509 0.309721 0.515626 0.819276 0.866203 0.803485 0.948176 0.889522
4 8 0.00867461 -1 0.276543 0.0164796 0.327254 0.533091 0.553219 0.510428 0.622823 0.536723
4 9 -1 -1 0.037343 0.219319 0.104585 0.155654 0.170122 0.194839 0.194654 0.281739
5 0 2.10409 2.70859 3.10033 3.71927 3.70182 -1 -1 -1 -1 -1
5 1 1.28739 2.52747 2.73934 3.13194 3.11138 3.117 -1 -1 -1 -1
5 2 1.26108 1.66389 2.10684 2.76522 2.75106 2.76951 2.65782 2.23905 -1 -1
5 3 0.814984 1.63662 1.71667 2.32914 2.36156 2.39018 2.45374 2.16044 -1 -1
5 4 0.755987 1.20474 1.31456 1.6575 1.72649 1.90763 1.9741 2.12508 1.98539 -1
5 5 0.308382 0.727496 1.04918 1.46406 1.5249 1.26915 1.40795 1.55969 1.67061 0.0112781
5 6 0.0377124 0.649814 0.677375 0.945691 1.17946 1.28948 1.32415 1.29374 1.2947 0.937812
5 7 0.218898 0.11 0.191311 0.650884 0.730076 0.788244 0.733895 0.834004 0.949963 0.890164
5 8 0.0328839 0.0466404 0.00990542 0.292705 0.503465 0.513885 0.394377 0.543129 0.56161 0.639627
5 9 -1 0.0372881 0.0183536 0.133391 0.173523 0.15838 0.212685 0.187063 0.217233 0.268466
6 0 2.72023 3.09813 3.73927 3.7212 -1 -1 -1 -1 -1 -1
6 1 1.51095 2.56234 3.05498 3.14854 2.92315 2.64268 -1 -1 -1 -1
6 2 1.42262 2.14457 2.71116 2.7617 2.83534 2.77943 -1 -1 -1 -1
6 3 1.34189 1.79626 2.37324 2.3711 2.39494 2.4325 2.32293 -1 -1 -1
6 4 0.843992 1.40608 2.01225 1.94946 2.07014 2.08543 2.11361 1.90785 1.44457 -1
6 5 0.639429 1.12983 1.29136 1.57703 1.35394 1.45695 1.61538 1.74427 1.7512 -1
6 6 0.700813 0.753528 0.855576 1.20432 1.17809 1.13517 1.31176 1.23082 1.3196 0.916656
6 7 0.314567 0.480032 0.613325 0.8597 0.779112 0.881642 0.832585 0.903505 0.880973 0.831374
6 8 0.190066 0.124916 0.182087 0.522063 0.480382 0.366727 0.458651 0.596174 0.583877 0.591903
6 9 0.0112526 0.0469717 0.123999 0.153434 0.189696 0.16387 0.0679124 0.154347 0.170367 0.258266
7 0 3.51302 3.72864 3.74415 0.498114 -1 -1 -1 -1 -1 -1
7 1 2.41095 2.92778 2.93556 2.90727 -1 -1 -1 -1 -1 -1
7 2 1.51426 2.62525 2.61949 2.54488 2.62921 -1 -1 -1 -1 -1
7 3 1.40122 2.24828 2.32819 2.31356 2.32807 2.26916 -1 -1 -1 -1
7 4 1.08903 1.93023 2.0259 1.99985 2.07315 1.99861 1.8764 1.43066 -1 -1
7 5 0.861629 1.68673 1.64603 1.63319 1.69653 1.69194 1.66839 1.55692 1.51002 -1
7 6 0.680605 1.1493 1.25902 1.23596 1.28471 1.36415 1.39381 1.29355 1.22398 0.879817
7 7 0.441249 0.572509 0.730929 0.813451 0.897997 0.934376 1.00548 0.887281 0.976812 0.893538
7 8 0.238596 0.385352 0.475457 0.458165 0.474202 0.422922 0.295682 0.500001 0.546462 0.546458
7 9 0.0215383 0.104545 0.154946 0.166522 0.193632 0.176354 0.225542 0.267834 0.182456 0.277946
8 0 3.7345 3.73518 -1 -1 -1 -1 -1 -1 -1 -1
8 1 2.16146 2.94561 0.00564689 -1 -1 -1 -1 -1 -1 -1
8 2 1.63516 2.30575 0.0124013 0.00377457 -1 -1 -1 -1 -1 -1
8 3 1.55265 2.27244 2.01907 2.20345 2.0873 -1 -1 -1 -1 -1
8 4 1.71886 1.83434 1.85803 1.8574 2.04992 1.68807 -1 -1 -1 -1
8 5 1.52114 1.62597 1.60415 1.59602 1.63004 1.56778 1.48677 -1 -1 -1
8 6 1.17965 1.31526 1.22896 1.36499 1.32971 1.28591 1.34306 1.38708 1.07592 -1
8 7 0.870634 0.974422 0.860559 0.949579 0.958244 0.966774 0.962933 0.968145 0.990916 0.689018
8 8 0.505566 0.490028 0.62982 0.640987 0.605514 0.617249 0.64062 0.607999 0.597234 0.596407
8 9 0.166828 0.177115 0.155898 0.143237 0.16505 0.223165 0.198715 0.223139 0.246305 0.285821
9 0 2.67362 -1 -1 -1 -1 -1 -1 -1 -1 -1
9 1 1.64 0.00882885 -1 -1 -1 -1 -1 -1 -1 -1
9 2 1.19499 0.00963306 0.011487 -1 -1 -1 -1 -1 -1 -1
9 3 0.176947 0.00954687 0.12738 0.0121258 -1 -1 -1 -1 -1 -1
9 4 0.209276 0.117047 0.0635618 0.0169395 0.00520708 -1 -1 -1 -1 -1
9 5 1.01058 0.126946 0.248426 0.0577896 0.139919 0.0217655 -1 -1 -1 -1
9 6 1.01216 0.895144 0.99155 0.96681 0.948707 0.954161 0.981816 -1 -1 -1
9 7 0.866726 0.880009 0.866045 0.840836 0.774557 0.807142 0.919936 0.703037 0.623654 -1
9 8 0.595261 0.540283 0.560204 0.60563 0.601621 0.626221 0.628922 0.621523 0.55351 0.428426
9 9 0.24319 0.230753 0.216097 0.227404 0.293009 0.280538 0.277145 0.265388 0.268905 0.263669

20000 815 3.76768 1 0 7 -1 0 0 0
0 0 0.534903 0.997787 1.27754 1.67108 2.0206 2.59459 2.77262 3.47743 3.75987 3.58957
0 1 0.346233 0.566661 0.8542 1.14037 1.4033 1.52272 1.9978 2.5268 2.75532 1.01994
0 2 0.192704 0.389663 0.546002 0.850405 0.991983 1.41354 1.46683 2.21324 2.23915 0.813344
0 3 0.000580267 0.0272752 0.0536733 0.333804 0.846408 1.05405 1.4617 1.66108 2.11319 0.759098
0 4 -1 0.00046784 0.00814298 0.244299 0.303125 0.600528 1.04869 1.28533 1.8021 0.380281
0 5 -1 0.00041889 0.00175003 0.0115981 0.29417 0.198861 0.550935 1.03941 1.48252 1.19902
0 6 -1 -9.71507e-05 0.00491595 0.00830885 0.00084162 0.144111 0.60353 0.622132 1.15561 1.12169
0 7 -1 -1 -1 0.00183019 0.00179387 0.0122698 0.234311 0.391011 0.888519 0.808581
0 8 -1 -1 -1 -1 7.89955e-05 0.00304518 0.0371548 0.0523524 0.263868 0.549415
0 9 -1 -1 -1 -1 -1 -1 0.0277553 0.0247931 0.114025 0.219651
1 0 0.782729 1.35667 1.65619 2.01208 2.53725 2.69702 3.36993 3.76768 3.76319 -1
1 1 0.465343 0.959028 1.13469 1.47284 1.9378 2.31103 2.4202 2.99855 2.51128 0.0135034
1 2 0.0736213 0.340924 0.883169 1.14285 1.45366 1.79447 2.17035 2.5947 2.41393 0.010351
1 3 0.0567736 0.481333 0.793019 0.644891 0.929992 1.45998 1.65159 2.40116 2.37609 0.0585478
1 4 0.000158342 0.0465028 0.4687 0.430651 0.548275 0.874675 1.38986 1.91944 1.98445 0.0531447
1 5 -1 0.000950228 0.243432 0.287333 0.351312 0.707869 0.84981 1.42462 1.62197 0.132131
1 6 -1 0.00152042 0.00940573 0.0294019 0.239997 0.506685 0.579932 0.799546 1.29471 1.03295
1 7 -1 0.000580892 0.00198875 0.000530392 0.037264 0.102545 0.303943 0.612204 0.870893 0.80195
1 8 -1 -1 -1 -1 0.000214422 0.381742 0.134197 0.286298 0.530823 0.597935
1 9 -1 -1 -1 -1 0.00862174 0.0216066 0.0472263 0.190484 0.220822 0.221573
2 0 1.19277 1.28521 1.8904 2.43261 2.64539 3.20985 3.76121 3.7562 -1 -1
2 1 0.742181 1.12345 1.49156 1.8802 2.26897 2.51361 3.28435 3.28502 2.89555 -1
2 2 0.37545 0.739913 1.15756 1.48621 2.07372 1.94234 2.89205 2.86131 0.601079 0.0118766
2 3 0.0296616 0.449464 1.2952 1.03904 1.32981 1.49492 2.32752 2.38376 2.10647 0.0715833
2 4 0.0351777 0.233355 0.618297 0.64744 0.905129 1.19387 1.96242 2.0292 1.83551 0.317353
2 5 4.4938e-05 0.179945 0.487004 0.394327 0.505557 1.21775 1.33622 1.68409 1.61359 0.762064
2 6 0.000348051 0.239399 0.0851621 0.277043 0.468171 1.14581 1.10613 1.16732 1.25566 0.861577
2 7 -0.000234952 0.0528324 0.0101636 0.109475 0.336414 0.159281 0.478072 0.913964 0.888793 0.889077
2 8 -1 -1 0.00859532 -0.00012469 0.00861894 0.0562169 0.429063 0.460064 0.583366 0.644398
2 9 -1 -1 -1 0.00866737 0.056521 0.0854125 0.171539 0.176562 0.23478 0.258697
3 0 1.59575 1.75871 2.16984 2.59259 3.31775 3.74836 3.72108 3.20248 -1 -1
3 1 0.813227 1.50253 1.8173 2.18651 2.62938 3.07306 3.18373 3.04337 2.89542 -1
3 2 0.735931 1.16601 2.13448 1.94054 2.15705 2.69985 2.80319 2.72106 2.89976 -1
3 3 0.466596 0.72483 1.46253 1.38332 1.56045 2.37555 2.46476 2.32985 2.14573 0.0138696
3 4 0.151333 0.824438 1.35669 1.02346 1.38504 1.85118 1.9765 2.06155 1.83112 0.134512
3 5 0.0178918 0.33389 0.742445 0.573383 0.612238 1.28568 1.45164 1.5608 1.7071 0.035411
3 6 0.000297325 0.290284 0.41059 0.153724 0.550799 0.850763 1.20168 1.19199 1.27302 0.985734
3 7 -0.000424295 0.0150278 0.0178293 0.0954867 0.627683 0.911062 0.834356 0.878012 0.955817 0.85647
3 8 0.0657417 -1 0.00865806 0.486612 0.555214 0.465318 0.509858 0.516763 0.583404 0.574698
3 9 -1 -1 -1 0.0563678 0.0373026 0.180627 0.200087 0.209284 0.226622 0.259256
4 0 1.91938 2.19185 2.66076 3.20849 3.72306 3.68513 3.05364 -1 -1 -1
4 1 1.19697 1.91366 2.44289 2.73995 3.11057 3.19731 3.14127 2.82212 -1 -1
4 2 0.862859 1.40022 2.20553 2.20604 2.59284 2.77123 2.86515 2.85457 -1 -1
4 3 0.638309 1.7574 1.91152 1.62734 2.33 2.29807 2.39498 2.44381 2.31268 -1
4 4 0.346011 1.16383 1.19594 1.65319 1.63448 1.88251 1.95436 1.89477 1.75213 0.014086
4 5 0.573724 0.632261 0.920276 0.988333 1.26182 1.46942 1.51997 1.64794 1.55742 0.0107942
4 6 0.0176065 0.540608 0.626246 0.469337 0.796303 1.23314 1.23748 1.18498 1.30283 0.96508
4 7 -1.99647e-05 0.162354 0.226509 0.309721 0.617556 0.860271 0.866203 0.866115 0.948176 0.889522
4 8 0.00867461 0.00792441 0.276543 0.0164796 0.327254 0.533091 0.553219 0.510428 0.622823 0.545738
4 9 -1 -1 0.037343 0.219319 0.104585 0.163579 0.220525 0.194839 0.194654 0.281739
5 0 2.17197 2.78808 3.10033 3.74238 3.72101 0.955567 -1 -1 -1 -1
5 1 1.28739 2.52747 2.73934 3.16636 3.19997 3.117 2.60301 -1 -1 -1
5 2 1.26108 1.66389 2.14349 2.76522 2.85189 2.76951 2.65782 2.23905 -1 -1
5 3 1.10921 1.83432 1.93507 2.32914 2.36156 2.39018 2.4757 2.27944 2.20661 -1
5 4 0.755987 1.20474 1.39144 1.6575 1.98988 1.90763 2.05459 2.12508 1.98539 -1
5 5 0.308382 0.957453 1.04918 1.46406 1.5249 1.40332 1.52405 1.62642 1.67061 0.0140436
5 6 0.228166 0.649814 0.677375 0.945691 1.28266 1.28948 1.32415 1.29374 1.2947 1.0592
5 7 0.218898 0.11 0.699114 0.650884 0.730076 0.788244 0.756504 0.936825 0.949963 0.890164
5 8 0.126607 0.0466404 0.138365 0.381839 0.50964 0.513885 0.478278 0.543129 0.56161 0.639627
5 9 -1 0.220611 0.0183536 0.133391 0.194518 0.15838 0.223933 0.201163 0.217233 0.268466
6 0 2.72023 3.21048 3.7561 3.74676 0.998644 -1 -1 -1 -1 -1
6 1 1.51095 2.56234 3.05498 3.14854 3.20845 2.64268 -1 -1 -1 -1
6 2 1.42262 2.14457 2.71116 2.7617 2.83534 2.77943 -1 -1 -1 -1
6 3 1.34189 1.79626 2.37324 2.44951 2.39494 2.4325 2.32293 -1 -1 -1
6 4 0.843992 1.40608 2.01911 2.0393 2.07014 2.08543 2.11361 1.91726 1.44457 -1
6 5 0.769778 1.12983 1.29136 1.57703 1.5341 1.70982 1.61538 1.74427 1.7512 -1
6 6 0.700813 0.947015 0.855576 1.24357 1.17809 1.14295 1.31176 1.23082 1.3196 0.916656
6 7 0.314567 0.53444 0.614956 0.8597 0.779112 0.881642 0.832585 0.903505 0.928463 0.861357
6 8 0.190066 0.124916 0.244934 0.522063 0.480382 0.429112 0.458651 0.596174 0.583877 0.591903
6 9 0.0112526 0.0469717 0.123999 0.162453 0.189696 0.16387 0.14314 0.168207 0.235814 0.258266
7 0 3.51475 3.75048 3.75009 0.79894 -1 -1 -1 -1 -1 -1
7 1 2.57111 2.92778 3.05304 2.90727 -1 -1 -1 -1 -1 -1
7 2 1.51426 2.62525 2.61949 2.66436 2.62921 -1 -1 -1 -1 -1
7 3 1.40122 2.24828 2.32819 2.31356 2.32807 2.35608 -1 -1 -1 -1
7 4 1.08903 1.93023 2.0259 2.06519 2.07315 2.0314 1.8764 1.43066 -1 -1
7 5 1.12916 1.68673 1.68645 1.63319 1.69653 1.75435 1.66839 1.65276 1.51002 -1
7 6 0.680605 1.1493 1.27565 1.23596 1.30313 1.37255 1.39469 1.35515 1.22398 0.879817
7 7 0.535055 0.58199 0.877825 0.813451 0.897997 0.934376 1.00656 0.955241 0.988305 0.893538
7 8 0.238596 0.390425 0.475457 0.458165 0.474202 0.422922 0.295682 0.500001 0.546462 0.546458
7 9 0.0561756 0.104545 0.180447 0.185401 0.193632 0.176354 0.225542 0.267834 0.248113 0.277946
8 0 3.76057 3.75402 -1 -1 -1 -1 -1 -1 -1 -1
8 1 2.53905 2.94561 0.00564689 -1 -1 -1 -1 -1 -1 -1
8 2 1.65011 2.34375 2.16165 0.00377457 -1 -1 -1 -1 -1 -1
8 3 1.76836 2.27244 2.01907 2.20345 2.0873 -1 -1 -1 -1 -1
8 4 1.71886 1.83434 1.85803 1.8574 2.04992 1.79227 -1 -1 -1 -1
8 5 1.52114 1.62597 1.60415 1.59602 1.63004 1.67871 1.48677 -1 -1 -1
8 6 1.17965 1.31526 1.23013 1.3678 1.32971 1.30028 1.40623 1.38708 1.07592 -1
8 7 0.870634 0.974422 0.885247 0.949579 0.958244 0.966774 1.04203 1.03107 0.990916 0.689018
8 8 0.505566 0.490028 0.62982 0.640987 0.605514 0.638556 0.64062 0.64224 0.637307 0.61269
8 9 0.166828 0.177115 0.167077 0.143237 0.16505 0.223165 0.198715 0.223139 0.246469 0.285821
9 0 2.83039 -1 -1 -1 -1 -1 -1 -1 -1 -1
9 1 1.64588 0.018461 -1 -1 -1 -1 -1 -1 -1 -1
9 2 1.19499 0.0101801 0.011487 -1 -1 -1 -1 -1 -1 -1
9 3 0.176947 0.00954687 0.12738 0.0121258 -1 -1 -1 -1 -1 -1
9 4 0.587449 0.117047 0.0635618 0.0899742 0.00520708 -1 -1 -1 -1 -1
9 5 1.01058 0.244379 0.248426 0.0929584 0.139919 0.0217655 -1 -1 -1 -1
9 6 1.01216 0.895144 0.99155 1.05178 0.948707 0.954161 0.981816 -1 -1 -1
9 7 0.866726 0.880009 0.866045 0.934493 0.916159 0.846378 0.919936 0.703037 0.623654 -1
9 8 0.595261 0.540283 0.565942 0.60563 0.627238 0.634565 0.628922 0.621523 0.63972 0.428426
9 9 0.24319 0.230753 0.225555 0.254749 0.293009 0.280538 0.281972 0.290357 0.268905 0.263669

