0 23 0.0175542 3 8 5 -1 0 0 0
0 0 -1 -1 -1 -1 -1 -1 -1 -1 -1 -1
0 1 -1 -1 -1 -1 -1 -1 -1 -1 -1 -1
0 2 -1 -1 -1 -1 -1 -1 -1 -1 -1 -1
0 3 -1 -1 -1 -1 -1 -1 -1 -1 -1 -1
0 4 -1 -1 -1 -1 -1 -1 -1 -1 -1 -1
0 5 -1 -1 -1 -1 -1 -1 -1 -1 -1 -1
0 6 -1 -1 -1 -1 -1 -1 -1 -1 -1 -1
0 7 -1 -1 -1 -1 -1 -1 -1 -1 -1 -1
0 8 -1 -1 -1 -1 -1 -1 -1 -1 -1 -1
0 9 -1 -1 -1 -1 -1 -1 -1 -1 -1 -1
1 0 -1 -1 -1 -1 -1 -1 -1 -1 -1 -1
1 1 -1 -1 -1 -1 -1 -1 -1 -1 -1 -1
1 2 -1 -1 -1 -1 -1 -1 -1 -1 -1 -1
1 3 -1 -1 -1 -1 -1 0.000123614 -1 -1 -1 -1
1 4 -1 -1 -1 -1 -1 -1 -0.000117777 -1 -1 -1
1 5 -1 -1 -1 -1 -1 -1 -1 -1 0.00432459 -1
1 6 -1 -1 -1 -1 -1 -1 -1 -1 -1 -1
1 7 -1 -1 -1 -1 -1 -1 -1 -1 -1 -1
1 8 -1 -1 -1 -1 -1 -1 -1 -1 -1 -1
1 9 -1 -1 -1 -1 -1 -1 -1 -1 -1 -1
2 0 -1 -1 -1 -1 -1 -1 -1 -1 -1 -1
2 1 -1 -1 -1 -1 -1 -1 -1 -1 -1 -1
2 2 -1 -1 -1 -1 -1 -1 -1 -1 -1 -1
2 3 -1 -1 -1 -1 -0.000168286 -1 -1 -1 -1 -1
2 4 -1 -1 -1 -1 0.000280142 -0.000820308 -1 -1 -1 -1
2 5 -1 -1 -1 -1 -1 -1 -1 -1 -1 -1
2 6 -1 -1 -1 -1 -1 -1 -1 -1 -1 -1
2 7 -1 -1 -1 -1 -1 -1 -1 -1 -1 -1
2 8 -1 -1 -1 -1 -1 -1 -1 0.00647814 -1 -1
2 9 -1 -1 -1 -1 -1 -1 -1 -1 -1 0.00476275
3 0 -1 -1 -1 -1 -1 -1 -1 -1 -1 -1
3 1 -1 -1 -1 -1 -1 -1 -1 -1 -1 -1
3 2 -1 -1 -1 -1 -1 -1 -1 -1 -1 -1
3 3 -1 -1 -1 -1 -1 -1 -1 0.00450999 -1 -1
3 4 -1 -1 -1 -1 0.00106717 -1 -1 -1 -1 -1
3 5 -1 -1 -1 -1 -1 -1 -1 -1 -1 -1
3 6 -1 -1 -1 -1 -1 -1 -1 -1 -1 -1
3 7 -1 -1 -1 -1 -1 -1 -1 -1 -1 -1
3 8 -1 -1 -1 -1 -1 0.0175542 -1 -1 -1 0.00513157
3 9 -1 -1 -1 -1 -1 -1 0.0116936 -1 -1 0.00299979
4 0 -1 -1 -1 -1 -1 -1 -1 -1 -1 -1
4 1 -1 -1 -1 -1 -1 -1 -1 -1 -1 -1
4 2 -1 -1 -1 -1 -1 -1 -1 -1 -1 -1
4 3 -1 -1 -1 -1 -1 -1 -1 -1 -1 -1
4 4 -1 -1 0.00280985 0.000680399 -1 -1 -1 -1 -1 -1
4 5 -1 -1 -1 -1 -1 -1 -1 -1 -1 -1
4 6 -1 -1 -1 -1 -1 -1 -3.58152e-05 -1 -1 -1
4 7 -1 -1 -1 -1 -1 -1 -1 -1 -1 -1
4 8 -1 -1 -1 -1 -1 -1 -1 -1 -1 -1
4 9 -1 -1 -1 -1 -1 -1 -1 -1 -1 -1
5 0 -1 -1 -1 -1 -1 -1 -1 -1 -1 -1
5 1 -1 -1 -1 -1 -1 -1 -1 -1 -1 -1
5 2 -1 -1 -1 -1 -1 -1 -1 -1 -1 -1
5 3 -1 -1 -1 -1 -1 -1 -1 -1 -1 -1
5 4 -1 -1 0.000530523 0.000768144 -1 -1 -1 -1 -1 -1
5 5 -1 -1 -1 -1 -1 -1 -1 -1 -1 -1
5 6 -1 -1 -1 -1 -1 -1 -1 -1 -1 -1
5 7 -1 -1 -1 -1 -1 -1 -1 -1 -1 -1
5 8 -1 -1 -1 -1 -1 -1 -1 -1 -1 -1
5 9 -1 -1 -1 -1 -1 -1 -1 -1 -1 -1
6 0 -1 -1 -1 -1 -1 -1 -1 -1 -1 -1
6 1 -1 -1 -1 -1 -1 -1 -1 -1 -1 -1
6 2 -1 -1 -1 -1 -1 -1 -1 -1 -1 -1
6 3 -1 -1 -1 -1 -1 -1 -1 -1 -1 -1
6 4 -1 -1 -1 -1 -1 -1 -1 -1 -1 -1
6 5 -1 -1 -1 -1 0.000700365 -1 -1 -1 -1 -1
6 6 -1 -1 -1 -1 -1 -1 -1 -1 -1 -1
6 7 -1 -1 -1 -1 -1 -1 -1 -1 -1 -1
6 8 -1 -1 -1 -1 -1 -1 -1 -1 -1 -1
6 9 -1 -1 -1 -1 -1 -1 -1 -1 -1 -1
7 0 -1 -1 -1 -1 -1 -1 -1 -1 -1 -1
7 1 -1 -1 -1 -1 -1 -1 -1 -1 -1 -1
7 2 -1 -1 -1 -1 -1 -1 -1 -1 -1 -1
7 3 -1 -1 -1 -1 -1 -1 -1 -1 -1 -1
7 4 0.00668682 -1 -1 -1 -1 -1 -1 -1 -1 -1
7 5 -1 -1 -1 -1 -1 -1 -1 -1 -1 -1
7 6 -1 -1 -1 -1 -1 -1 -1 -1 -1 -1
7 7 -1 -1 -1 -1 -1 -1 -1 -1 -1 -1
7 8 -1 -1 -1 -1 -1 -1 -1 -1 -1 -1
7 9 -1 -1 -1 -1 -1 -1 -1 -1 -1 -1
8 0 -1 -1 -1 -1 -1 -1 -1 -1 -1 -1
8 1 -1 -1 -1 -1 -1 -1 -1 -1 -1 -1
8 2 -1 -1 -1 -1 -1 -1 -1 -1 -1 -1
8 3 -1 -1 -1 -1 -1 -1 -1 -1 -1 -1
8 4 -1 -1 -1 -1 -1 -1 -1 -1 -1 -1
8 5 -1 -1 -1 -1 -1 -1 -1 -1 -1 -1
8 6 -1 -1 -1 -1 -1 -1 -1 -1 -1 -1
8 7 -1 -1 -1 -1 0.00108316 -1 -1 -1 -1 -1
8 8 -1 -1 -1 -1 -1 -1 -1 -1 -1 -1
8 9 -1 -1 -1 -1 -1 -1 -1 -1 -1 -1
9 0 -1 -1 -1 -1 -1 -1 -1 -1 -1 -1
9 1 -1 -1 -1 -1 -1 -1 -1 -1 -1 -1
9 2 -1 -1 -1 -1 -1 -1 -1 -1 -1 -1
9 3 -1 -1 -1 -1 -1 -1 -1 -1 -1 -1
9 4 -1 -1 -1 -1 -1 -1 -1 -1 -1 -1
9 5 -1 -1 -1 -1 -1 -1 -1 -1 -1 -1
9 6 -1 -1 -1 -1 -1 -1 -1 -1 -1 -1
9 7 -1 -1 -1 -1 -1 -1 -1 -1 -1 -1
9 8 -1 -1 -1 -1 -1 -1 -1 -1 -1 -1
9 9 0.00658171 -1 -1 -1 -1 -1 -1 -1 -1 -1

5000 798 3.76002 8 0 0 -1 0 0 0
0 0 0.55848 0.813716 1.35199 1.54572 1.82473 1.96821 2.71512 3.51363 3.71684 0.486294
0 1 0.171535 0.286415 0.734177 0.98557 1.23817 1.62914 1.10068 1.57896 2.20047 0.16738
0 2 0.000595809 0.0374303 0.463082 0.745449 0.822857 1.3076 1.52268 1.03187 1.87409 0.174156
0 3 -0.000251557 0.000225858 0.00805717 0.204375 0.732602 0.89907 1.3384 1.23228 1.29377 0.109756
0 4 -1 -0.00029799 0.000924354 0.00108839 0.235776 0.484193 0.867797 1.10448 1.46835 0.4681
0 5 -1 0.000111566 0.000989728 0.0014543 0.00817493 0.125889 0.290467 0.316763 1.48266 1.18149
0 6 -1 -1 0.000790455 0.000208962 0.0234804 0.000223655 0.015832 0.433216 1.13303 0.835477
0 7 -1 0.000611888 -1 -1 0.000638828 0.00837803 0.0182389 0.591719 0.609151 0.820296
0 8 -1 -1 -1 -1 -1 -0.000221921 0.00105807 0.0278162 0.032915 0.462806
0 9 -1 -1 -1 -1 -1 -1 0.0183751 0.0853226 0.0181102 0.106806
1 0 0.728358 1.14366 1.61116 1.87893 2.22462 2.66356 3.10725 3.75167 3.7303 -1
1 1 0.385572 0.948853 1.12085 1.60891 1.75025 2.13335 2.44006 2.75296 2.13442 0.00967223
1 2 0.00833444 0.0878831 0.404547 1.14584 1.67253 1.68274 2.14252 2.50174 1.45027 0.00998968
1 3 0.000239694 0.000508346 0.0314496 0.456648 1.02393 1.53602 1.57565 2.26091 2.0902 0.0252316
1 4 -0.000135281 7.66661e-05 0.00106035 0.00865166 0.317123 0.444978 1.39236 1.62662 1.73226 0.0100997
1 5 -1 0.00107842 0.00164716 0.00161546 0.0121563 0.418748 1.13777 1.61394 1.49151 0.0539976
1 6 -1 0.000770757 0.00107395 0.00110985 0.017569 0.0276549 0.993352 1.02345 1.19652 0.0223934
1 7 -1 -1 -1 -1 0.114723 0.00167768 0.00764569 0.539237 0.497051 0.742312
1 8 -1 -1 0.0570182 -1 0.324252 0.039604 0.314264 0.0328699 0.328001 0.459525
1 9 -1 -1 -1 -1 -1 0.0091113 0.0371957 0.0743735 0.083403 0.142625
2 0 1.10926 1.61183 1.90862 2.27395 2.70349 2.93024 3.75747 3.75072 -1 -1
2 1 0.453428 0.888801 1.28422 1.97896 2.16562 2.6455 3.12421 2.81656 0.00323717 -1
2 2 0.396032 0.492543 0.54741 1.29409 1.86819 2.13567 2.68031 2.53399 0.0276309 0.0045302
2 3 0.00631456 0.0197059 0.254034 0.454139 1.40997 1.69273 2.34981 2.18212 2.01337 0.0136973
2 4 0.000254328 0.00568754 0.00948386 0.20977 1.38588 1.50309 1.7369 1.93656 1.49249 0.00398338
2 5 -1 0.000719504 0.00232644 0.514331 0.0988644 0.185602 1.19654 1.47428 1.3373 0.0187849
2 6 -0.000319904 0.000536486 0.00285696 0.103094 0.210345 0.0176842 0.936816 1.26688 1.13933 0.567849
2 7 -1 0.00052569 0.114046 0.0275896 0.124349 0.155772 0.259821 0.649565 0.733904 0.683425
2 8 -1 -1 -1 0.0378178 0.0758739 0.25691 0.072513 0.157194 0.106478 0.459355
2 9 -1 0.00868351 0.00913571 0.0281664 0.180849 0.104264 0.0211536 0.033876 0.0469189 0.183209
3 0 1.25023 1.58753 2.01732 2.59728 2.87553 3.72991 3.72032 -1 -1 -1
3 1 0.596595 1.25012 1.94608 2.23333 2.7264 3.08614 3.17364 2.59797 -1 -1
3 2 0.522026 0.755366 1.10647 1.37894 2.18062 2.86589 2.75318 2.29256 0.00618652 -1
3 3 0.100859 0.361078 0.773259 0.85934 1.07684 1.45265 2.2068 2.03945 0.0169505 0.0124513
3 4 0.000538148 0.00883256 0.283116 0.785231 0.430257 1.60719 1.81715 1.50631 0.0165177 0.00888418
3 5 0.0001225 0.00843601 0.343455 0.0260116 0.494837 1.22195 0.694854 1.12107 1.30415 0.0130795
3 6 -1 0.000790432 0.0665206 0.181816 0.618294 0.54636 0.89513 0.935139 1.14127 0.164299
3 7 -1 0.104776 0.200314 0.125434 0.222215 0.360726 0.546056 0.67541 0.773949 0.773355
3 8 0.0286767 0.0663973 0.152416 0.0871565 0.142948 0.0663204 0.130732 0.115258 0.425067 0.567253
3 9 -1 0.00917459 0.00926166 0.0382639 0.0283895 0.0283844 0.0660793 0.0424584 0.136811 0.240708
4 0 1.4955 1.93156 2.22911 3.09237 3.68828 3.66113 -1 -1 -1 -1
4 1 0.705083 1.727 1.73796 2.71547 2.91407 3.09947 2.408 -1 -1 -1
4 2 0.765548 1.16177 1.42863 1.57848 2.31947 2.54731 2.61524 2.29345 -1 -1
4 3 0.560391 0.753898 1.07214 0.981637 1.34317 2.11529 2.02997 1.70526 -0.000994931 -1
4 4 0.0711539 0.169294 0.627197 0.716291 1.6043 1.70922 1.46549 1.63182 1.67259 0.0145535
4 5 0.00806284 0.0323105 0.287651 0.343369 0.827827 1.16642 1.39326 1.22896 1.25922 0.00973105
4 6 -4.99977e-05 0.00104098 0.344336 0.214447 0.585518 0.803485 0.888673 1.04339 0.758492 0.684341
4 7 -0.00016516 0.182503 0.114814 0.191134 0.191155 0.806795 0.644776 0.550185 0.913561 0.710681
4 8 -1 0.0955285 0.0697453 0.114368 0.047624 0.448273 0.381071 0.451879 0.421137 0.473102
4 9 -1 0.0283248 0.0472938 0.0373014 0.0663778 0.0338787 0.100692 0.0957178 0.0858358 0.259394
5 0 1.57391 2.4186 2.64762 3.70616 3.66379 1.11569 -1 -1 -1 -1
5 1 0.760382 1.53552 2.21482 3.16156 3.15937 2.84206 -1 -1 -1 -1
5 2 1.06522 1.38529 1.93727 2.29701 2.80295 2.84183 2.54923 -1 -1 -1
5 3 0.884256 1.17611 1.4598 1.68077 2.25565 1.947 2.46609 1.78977 -1 -1
5 4 0.429536 0.796428 1.08096 1.7311 1.58431 1.55206 1.57895 1.65494 1.4454 -1
5 5 0.0387656 0.182376 0.735874 0.772786 1.19261 1.15006 1.31586 1.26543 1.41816 0.0122992
5 6 0.00111672 0.210107 0.191191 0.71555 0.680694 1.10052 1.06578 1.23306 1.04037 0.011628
5 7 0.0283098 0.134338 0.219779 0.32424 0.456859 0.601171 0.739801 0.625468 0.63789 0.614249
5 8 0.0384196 0.114736 0.0668891 0.105117 0.389762 0.509832 0.337166 0.458073 0.560025 0.516227
5 9 0.0380525 0.0189367 0.0186381 0.190244 0.0264425 0.188925 0.0702865 0.134599 0.169483 0.212121
6 0 2.04193 2.77663 3.75313 3.71871 1.22162 -1 -1 -1 -1 -1
6 1 1.30745 2.41031 2.68038 3.14034 2.59434 0.993211 -1 -1 -1 -1
6 2 0.948719 1.67839 2.17702 2.38216 2.45074 2.27715 -1 -1 -1 -1
6 3 1.03439 0.697193 2.26422 2.15283 2.05353 2.36888 2.04933 -1 -1 -1
6 4 0.70713 0.719171 1.44729 1.33693 2.01934 1.60787 1.80614 1.90084 -1 -1
6 5 0.398637 0.875159 0.945817 1.11362 1.37317 1.1263 1.27541 1.20619 1.41661 -1
6 6 0.0860953 0.344405 0.57009 1.01223 1.05799 0.908377 0.870296 1.06081 1.14832 0.0134314
6 7 0.181517 0.181587 0.242459 0.668747 0.663052 0.765215 0.654173 0.745399 0.856027 0.726601
6 8 0.124404 0.0858259 0.315008 0.188133 0.361395 0.433594 0.313702 0.449239 0.392713 0.459214
6 9 -1 0.0283975 0.0127188 0.056993 0.191365 0.124947 0.110635 0.0631442 0.123738 0.126726
7 0 3.39929 3.75555 3.75098 1.05121 -1 -1 -1 -1 -1 -1
7 1 2.58186 3.14602 2.70385 1.10265 -1 -1 -1 -1 -1 -1
7 2 1.41919 2.3281 2.56035 2.52866 2.30181 -1 -1 -1 -1 -1
7 3 1.08522 2.20077 2.0172 1.08633 2.02525 1.94833 -1 -1 -1 -1
7 4 0.732061 1.88954 1.75365 1.60277 1.67145 1.9214 1.53836 -1 -1 -1
7 5 0.45082 1.05225 1.12947 1.33265 0.965811 1.38411 1.64124 1.25854 -1 -1
7 6 0.296513 1.13719 0.807706 1.19328 1.0003 1.04204 0.897674 1.22868 0.947577 -1
7 7 0.133627 0.343891 0.515412 0.67918 0.801901 0.724841 0.66805 0.849458 0.890339 0.75592
7 8 0.048143 0.028436 0.0975773 0.451724 0.457992 0.46962 0.310745 0.430615 0.56613 0.448813
7 9 0.0182969 0.0376072 0.0915156 0.124201 0.164891 0.0486015 0.204975 0.0770642 0.153294 0.233423
8 0 3.76002 3.74872 -1 -1 -1 -1 -1 -1 -1 -1
8 1 2.73591 1.63599 -1 -1 -1 -1 -1 -1 -1 -1
8 2 0.369884 0.662743 2.18122 0.540778 -1 -1 -1 -1 -1 -1
8 3 0.556352 0.635667 0.663316 0.495897 0.649175 -1 -1 -1 -1 -1
8 4 0.95915 0.549909 0.767569 1.07333 0.507149 1.36189 0.519945 -1 -1 -1
8 5 0.557692 1.35561 1.13082 1.22315 1.10328 1.36334 1.25512 0.907062 -1 -1
8 6 0.976742 1.23119 0.767085 0.884109 1.2393 1.09494 1.15717 0.982351 -1 -1
8 7 0.125092 0.797887 0.651205 0.678016 0.751543 0.942377 0.887076 0.877093 0.815827 -1
8 8 0.0601797 0.332819 0.413287 0.572547 0.420518 0.447842 0.5162 0.534853 0.527879 0.52733
8 9 0.0220578 0.0294419 0.236754 0.163845 0.192651 0.218149 0.11483 0.182479 0.182804 0.264559
9 0 2.90504 -1 -1 -1 -1 -1 -1 -1 -1 -1
9 1 2.12765 0.000922445 -1 -1 -1 -1 -1 -1 -1 -1
9 2 0.370477 0.00242973 -1 -1 -1 -1 -1 -1 -1 -1
9 3 0.128864 0.111695 0.00782513 0.0105994 -1 -1 -1 -1 -1 -1
9 4 0.142195 0.148165 0.144438 0.128621 0.00232211 -1 -1 -1 -1 -1
9 5 0.286647 0.174669 0.346322 0.179336 0.174787 -0.000826051 0.169139 -1 -1 -1
9 6 0.372473 0.361431 0.348265 0.980378 0.291672 0.229861 1.18557 0.149787 -1 -1
9 7 0.824783 0.369547 0.466879 0.490155 0.720799 0.707175 0.689276 0.288664 -1 -1
9 8 0.295797 0.550652 0.431726 0.503796 0.510066 0.567325 0.610777 0.491461 0.571359 0.272262
9 9 0.216283 0.18612 0.2035 0.235517 0.231801 0.246413 0.251326 0.23049 0.279934 0.24116

10000 828 3.77328 6 0 2 -1 0 0 0
0 0 0.55848 0.901653 1.35199 1.74297 2.04669 2.30389 2.78164 3.5376 3.74661 0.830312
0 1 0.171535 0.407792 0.836907 0.98557 1.23817 1.62914 2.10432 1.57896 2.22137 1.31709
0 2 0.000595809 0.0374303 0.534334 0.900562 1.17438 1.3076 1.52268 1.78295 2.17511 0.174156
0 3 -0.000251557 0.000823749 0.0435114 0.521216 0.732602 1.04677 1.3384 1.57707 1.95216 0.163044
0 4 -1 -0.00029799 0.000924354 0.00222858 0.235776 0.798104 0.867797 1.20218 1.73822 1.05048
0 5 -1 0.000111566 0.000989728 0.0014543 0.0536351 0.269707 0.819351 1.43215 1.48266 1.18149
0 6 -1 0.000124989 0.000790455 0.000546752 0.0234804 0.000382734 0.0405709 0.433216 1.13303 1.04327
0 7 -1 0.000611888 -1 -1 0.000638828 0.00837803 0.0182389 0.591719 0.856519 0.869581
0 8 -1 -1 -1 -1 -1 -0.000221921 0.00843859 0.15867 0.353832 0.523351
0 9 -1 -1 -1 -1 -1 0.0189205 0.0183751 0.0853226 0.0568766 0.247214
1 0 0.728358 1.35022 1.61116 1.95397 2.26394 3.01511 3.10929 3.77037 3.74157 -1
1 1 0.385572 0.948853 1.25831 1.62763 1.87942 2.13335 2.44006 2.81441 2.84146 0.00967223
1 2 0.0299509 0.0878831 0.669198 1.14584 1.70747 1.89901 2.14252 2.57686 2.38927 0.00998968
1 3 0.000336476 0.00160685 0.059858 0.501284 1.16877 1.53602 1.91219 2.26091 2.0902 0.0252316
1 4 -0.000135281 0.00198523 0.0086019 0.0129146 0.445856 0.784384 1.39236 1.77094 1.78586 0.0100997
1 5 -1 0.00107842 0.00178692 0.0276513 0.352086 0.418748 1.27146 1.61394 1.49886 0.0539976
1 6 -0.000916336 0.000770757 0.00108746 0.0021792 0.017569 0.286141 0.993352 1.20763 1.19652 1.04447
1 7 -1 -1 -1 -0.000218426 0.114723 0.0752212 0.201234 0.539237 0.724768 0.795712
1 8 -1 -1 0.333425 0.105173 0.324252 0.039604 0.314264 0.415804 0.391177 0.459525
1 9 -1 -1 0.170573 0.0189206 0.028732 0.047006 0.0371957 0.0743735 0.190665 0.189591
2 0 1.10926 1.61183 1.90862 2.33966 2.70349 2.93024 3.76532 3.754 -1 -1
2 1 0.751273 1.03823 1.55256 2.04095 2.29521 2.6455 3.24891 2.84202 0.0109354 -1
2 2 0.472739 0.492543 0.638787 1.36718 1.99538 2.29384 2.71079 2.53399 2.04864 0.00875501
2 3 0.0855321 0.325131 0.299067 0.550552 1.40997 2.1039 2.4104 2.3218 2.01337 0.0158336
2 4 0.000254328 0.00568754 0.0374253 0.20977 1.492 1.50309 1.85013 1.93656 1.84457 0.0113759
2 5 0.00138216 0.000874208 0.118 0.514331 0.190433 0.69473 1.19654 1.47428 1.43621 0.806822
2 6 -0.000319904 0.000865363 0.046382 0.103094 0.219264 1.00299 0.936816 1.26688 1.13933 0.971596
2 7 -1 0.00052569 0.133522 0.220254 0.171214 0.660256 0.792961 0.791398 0.733904 0.822818
2 8 -1 0.0952597 0.228591 0.0471984 0.0761893 0.25691 0.18138 0.308047 0.455352 0.523743
2 9 -1 0.00868351 0.00920566 0.0470449 0.180849 0.104264 0.037753 0.0428224 0.107384 0.256541
3 0 1.25023 1.75292 2.21541 2.59728 2.87553 3.73873 3.73265 -1 -1 -1
3 1 0.893542 1.42041 1.94608 2.23333 2.7264 3.18455 3.17364 2.88882 -1 -1
3 2 0.650941 0.933479 1.2111 1.38962 2.36152 2.86589 2.75318 2.91127 0.0114427 -1
3 3 0.223376 0.361078 0.773259 0.85934 1.87221 2.16286 2.46 2.14425 2.18313 0.0135628
3 4 0.00859285 0.0120115 0.574996 0.785231 0.992998 1.60719 1.81715 1.77966 1.75326 0.00888418
3 5 0.0001225 0.400415 0.343455 0.411209 0.754011 1.22195 1.52957 1.30407 1.49418 0.0145499
3 6 -4.61169e-06 0.133125 0.0850502 0.545613 0.618294 0.870201 1.03274 0.985475 1.14127 0.930715
3 7 -0.000404527 0.143719 0.200314 0.230103 0.534581 0.397058 0.759802 0.753673 0.97794 0.785492
3 8 0.0286767 0.114733 0.152416 0.267178 0.142948 0.429501 0.430364 0.508833 0.425067 0.567253
3 9 0.00912135 0.0287155 0.0381381 0.152318 0.0668988 0.0469789 0.0660793 0.18276 0.179996 0.240708
4 0 1.4955 2.11979 2.57026 3.14298 3.73256 3.73094 0.369047 -1 -1 -1
4 1 1.07405 1.727 1.9029 2.82288 3.21141 3.18053 2.86509 2.50729 -1 -1
4 2 0.898929 1.19646 1.42863 1.65789 2.74013 2.80637 2.6966 2.4175 -1 -1
4 3 0.862851 1.09425 1.14312 1.3742 1.41431 2.13817 2.23814 1.98216 2.09749 -1
4 4 0.217941 0.506193 0.795769 0.916475 1.6043 1.80666 1.75958 1.75083 1.82062 0.0145535
4 5 0.0113098 0.258223 0.542282 0.586975 0.827827 1.3982 1.39326 1.41708 1.51789 0.00973105
4 6 -4.99977e-05 0.00943302 0.344336 0.214447 0.647888 0.870891 1.10859 1.07555 1.27623 0.989759
4 7 0.239055 0.267847 0.200994 0.220069 0.389398 0.806795 0.759091 0.900329 0.913561 0.872808
4 8 0.0564751 0.162268 0.209509 0.238409 0.420454 0.448273 0.460332 0.489666 0.612022 0.612134
4 9 0.0190088 0.0283248 0.0552321 0.0473628 0.0663778 0.0972946 0.182782 0.170571 0.196422 0.259394
5 0 1.68026 2.43947 2.96927 3.7409 3.72459 1.11569 -1 -1 -1 -1
5 1 1.06948 1.94097 2.2263 3.16476 3.1627 2.96175 -1 -1 -1 -1
5 2 1.06522 1.66693 2.09237 2.388 2.80295 2.84183 2.54923 2.4811 -1 -1
5 3 0.884256 1.28748 1.4598 1.68077 2.25565 2.14122 2.46609 1.99971 -1 -1
5 4 0.712442 0.980982 1.08096 1.7311 1.61148 2.17896 1.90499 1.65502 1.66574 -1
5 5 0.305684 0.358056 0.894492 0.865768 1.19261 1.64108 1.52802 1.62684 1.51241 0.0122992
5 6 0.142055 0.259167 0.258112 0.71555 1.03822 1.10052 1.11564 1.23306 1.14761 0.977397
5 7 0.210303 0.200399 0.219779 0.355011 0.590415 0.822418 0.872898 0.937592 0.796727 0.880796
5 8 0.104286 0.143511 0.142673 0.257883 0.389762 0.509832 0.414945 0.458073 0.560025 0.536723
5 9 0.0662368 0.0764321 0.0571661 0.190244 0.109769 0.21013 0.184517 0.168132 0.288979 0.279718
6 0 2.27753 3.37757 3.77328 3.74086 1.22162 -1 -1 -1 -1 -1
6 1 2.0781 2.50782 3.0351 3.14034 3.14778 0.993211 -1 -1 -1 -1
6 2 1.30449 2.02573 2.54385 2.77554 2.73599 2.53242 -1 -1 -1 -1
6 3 1.36014 1.64324 2.30879 2.15283 2.25814 2.42543 2.35829 -1 -1 -1
6 4 0.858098 1.266 1.44729 1.94174 2.01934 1.97483 2.06323 1.90714 -1 -1
6 5 0.643779 0.908053 1.04339 1.11362 1.37317 1.34091 1.57428 1.54252 1.47168 -1
6 6 0.286665 0.419789 0.57009 1.07547 1.05799 1.12751 1.10107 1.35067 1.19647 1.08995
6 7 0.181517 0.228534 0.55428 0.687279 0.745813 0.794113 0.792031 0.793709 0.856027 0.861512
6 8 0.124404 0.0858259 0.315008 0.191888 0.436887 0.557258 0.462547 0.461726 0.59542 0.542881
6 9 0.0381959 0.0472398 0.104197 0.0614146 0.191365 0.181966 0.155928 0.182264 0.248871 0.226025
7 0 3.41681 3.76304 3.76817 1.05121 -1 -1 -1 -1 -1 -1
7 1 2.60201 3.19326 3.20538 2.92136 0.998292 -1 -1 -1 -1 -1
7 2 2.35072 2.50758 2.65559 2.74548 2.44733 2.2677 -1 -1 -1 -1
7 3 1.55286 2.20077 2.20339 2.56174 2.26412 2.03159 -1 -1 -1 -1
7 4 1.05326 1.88954 1.75365 1.87742 2.05929 1.94518 1.71076 1.38664 -1 -1
7 5 0.483795 1.09427 1.3221 1.59288 1.73956 1.54824 1.64415 1.51211 -1 -1
7 6 0.383447 1.13719 1.00416 1.19328 1.08083 1.08096 1.21387 1.31743 1.11934 -1
7 7 0.133627 0.343891 0.765157 0.813114 0.894292 0.749618 0.859243 0.849458 0.890339 0.803555
7 8 0.106854 0.138607 0.270227 0.451724 0.457992 0.488986 0.387515 0.430615 0.56613 0.5467
7 9 0.0278312 0.0376072 0.11866 0.163022 0.208119 0.183013 0.218185 0.175486 0.202958 0.238324
8 0 3.76804 3.76458 -1 -1 -1 -1 -1 -1 -1 -1
8 1 3.1937 3.29927 0.73078 -1 -1 -1 -1 -1 -1 -1
8 2 2.85259 2.5113 2.78367 2.65564 0.579724 -1 -1 -1 -1 -1
8 3 2.43336 2.14874 2.37064 2.3924 2.22304 0.493393 -1 -1 -1 -1
8 4 1.4367 1.92292 1.83719 2.0666 1.96098 2.0181 0.519945 -1 -1 -1
8 5 1.50367 1.58369 1.42843 1.22315 1.67079 1.64687 1.50799 0.907062 -1 -1
8 6 1.15733 1.23119 1.24658 1.18173 1.31292 1.25607 1.33667 1.22539 0.922008 -1
8 7 0.888819 0.863122 0.855062 0.823472 0.833948 1.03137 1.00337 0.914214 0.815827 0.573182
8 8 0.133718 0.332819 0.429175 0.572547 0.465018 0.602053 0.55731 0.643178 0.527879 0.564183
8 9 0.0571258 0.229009 0.236754 0.191242 0.208475 0.218149 0.1967 0.189039 0.215516 0.264559
9 0 3.58869 -1 -1 -1 -1 -1 -1 -1 -1 -1
9 1 2.20269 0.00874941 -1 -1 -1 -1 -1 -1 -1 -1
9 2 0.800942 0.0117861 0.00520515 -1 -1 -1 -1 -1 -1 -1
9 3 1.56559 0.111695 0.0383583 2.20155 -1 -1 -1 -1 -1 -1
9 4 2.09758 1.89687 0.144438 2.0255 1.86571 -1 -1 -1 -1 -1
9 5 0.805154 0.713396 1.50372 1.76352 1.50873 0.00936551 0.169139 -1 -1 -1
9 6 1.01265 0.564141 0.366819 1.4138 1.00363 1.42688 1.18557 0.149787 -1 -1
9 7 0.854861 0.708531 0.958154 0.964204 0.909671 0.97121 0.863236 0.79847 -1.90046e-05 -1
9 8 0.497274 0.550652 0.506356 0.613832 0.661355 0.652092 0.610777 0.604972 0.571359 0.312557
9 9 0.216283 0.216778 0.25111 0.235517 0.285556 0.246413 0.254315 0.263865 0.279934 0.24116

15000 833 3.77328 6 0 2 -1 0 0 0
0 0 0.55848 0.946518 1.35199 1.8561 2.15639 2.62727 2.86382 3.55683 3.74661 3.1213
0 1 0.171535 0.497227 0.860019 1.0224 1.29293 1.63905 2.10432 1.604 2.22137 1.31709
0 2 0.000595809 0.0374303 0.534334 0.900562 1.17438 1.3076 1.62021 2.14905 2.17511 0.174156
0 3 -0.000251557 0.00112918 0.0435114 0.521216 0.732602 1.04677 1.3384 1.57707 2.12642 0.394742
0 4 -0.000788444 0.000458635 0.0278188 0.00852696 0.235776 0.798104 0.867797 1.20218 1.80228 1.05048
0 5 -1 0.000279909 0.000989728 0.0014543 0.0536351 0.315516 1.49737 1.43215 1.54273 1.38605
0 6 -1 0.000124989 0.000790455 0.000933671 0.0234804 0.000696042 0.0562801 0.557703 1.13303 1.13619
0 7 -1 0.000611888 -1 -1 0.000638828 0.00837803 0.104666 0.591719 0.856519 0.869581
0 8 -1 -1 -1 -1 -1 0.000614083 0.00843859 0.15867 0.353832 0.536998
0 9 -1 -1 -1 -1 -1 0.0189205 0.0183751 0.0853226 0.0568766 0.247214
1 0 0.969059 1.35022 1.61116 1.99832 2.29985 3.01511 3.41735 3.77037 3.74191 -1
1 1 0.385572 0.948853 1.3862 1.62763 1.87942 2.13335 2.44006 2.87485 3.01305 0.00967223
1 2 0.0853273 0.110972 0.678867 1.24517 1.70747 1.94921 2.17327 2.57686 2.447 0.00998968
1 3 0.000377044 0.00160685 0.059858 0.501284 1.16877 1.53602 2.11349 2.26091 2.14014 0.0252316
1 4 0.000466837 0.00198523 0.0086019 0.0717146 0.445856 1.09071 1.66428 1.77094 1.81775 0.0175556
1 5 -1 0.00107842 0.00856736 0.0276513 0.352086 1.04184 1.27146 1.61394 1.59451 0.747168
1 6 -0.000916336 0.000770757 0.00175275 0.0021792 0.017569 0.286141 0.993352 1.20763 1.21442 1.04447
1 7 -1 -0.000467509 -1 -0.000218426 0.114723 0.0752212 0.527683 0.794233 0.749968 0.795712
1 8 -1 -1 0.333425 0.105173 0.324252 0.0950192 0.314264 0.415804 0.421879 0.50411
1 9 -1 -1 0.170573 0.0376198 0.0566079 0.157154 0.123272 0.0743735 0.190665 0.22471
2 0 1.10926 1.71942 1.90862 2.36809 2.70349 3.29558 3.76532 3.75745 -1 -1
2 1 0.910819 1.03823 1.56913 2.04095 2.32508 2.6455 3.24891 2.84202 0.0109354 -1
2 2 0.472739 0.580422 0.638787 1.7186 1.99538 2.29384 2.77663 2.59998 2.206 0.00875501
2 3 0.0855321 0.325131 0.306459 0.550552 1.40997 2.1039 2.41347 2.3218 2.08876 0.0158336
2 4 0.00101915 0.00568754 0.180896 0.426346 1.492 1.60355 1.85013 1.93656 1.84457 0.0113759
2 5 0.00138216 0.00146055 0.118 0.514331 0.437402 0.784364 1.65067 1.47428 1.43621 1.31676
2 6 -0.000319904 0.258718 0.046382 0.39242 0.219264 1.02353 1.0902 1.35186 1.13933 1.12864
2 7 -1 0.00862861 0.220307 0.220254 0.190435 0.670221 0.792961 0.791398 0.866493 0.861989
2 8 -1 0.171792 0.228591 0.0760166 0.133279 0.25691 0.18138 0.470658 0.505392 0.523743
2 9 0.0285719 0.00868351 0.0191577 0.0570563 0.180849 0.104367 0.11442 0.0428224 0.161444 0.256541
3 0 1.3047 1.79212 2.22278 2.92791 3.03881 3.74176 3.7526 2.63655 -1 -1
3 1 0.963372 1.42041 2.04115 2.50148 2.7264 3.18455 3.17364 2.88882 -1 -1
3 2 0.748062 0.933479 1.76526 1.89448 2.36152 2.86589 2.75318 2.91127 0.0114427 -1
3 3 0.273191 0.361078 0.773259 0.902435 1.87221 2.3962 2.46 2.14425 2.18313 0.0135628
3 4 0.0485152 0.138981 0.574996 0.785231 1.32967 1.6907 1.81715 1.87731 1.75326 0.0352079
3 5 0.00839977 0.400415 0.649916 0.448487 0.754011 1.40658 1.52957 1.4342 1.52163 0.0145499
3 6 -4.61169e-06 0.133125 0.372549 0.545613 0.668772 0.870201 1.03274 1.31877 1.14127 1.10978
3 7 -0.000404527 0.211219 0.200314 0.230103 0.621056 0.763919 0.759802 0.994827 0.97794 0.869393
3 8 0.0286767 0.142943 0.152416 0.267178 0.143312 0.429501 0.447965 0.508833 0.627034 0.567253
3 9 0.0673875 0.067165 0.0663226 0.152318 0.0668988 0.0759033 0.12398 0.18276 0.179996 0.246397
4 0 1.4955 2.11979 2.6949 3.14298 3.74888 3.74426 0.461439 -1 -1 -1
4 1 1.25425 1.73067 2.18872 2.8428 3.21141 3.18053 2.99338 2.50729 -1 -1
4 2 0.898929 1.19646 1.43002 2.04963 2.79035 2.94965 2.89413 2.63989 -1 -1
4 3 0.862851 1.09425 1.14312 1.91806 1.79697 2.24445 2.23814 2.44195 2.10577 -1
4 4 0.217941 0.506193 0.795769 0.916475 1.6043 1.80666 1.90942 1.75476 1.88519 0.0161181
4 5 0.0113098 0.420438 0.542282 1.29918 1.42449 1.53496 1.58453 1.41708 1.51789 0.0201941
4 6 -4.99977e-05 0.0667822 0.353548 0.450086 0.735426 0.924093 1.16131 1.23426 1.27623 0.989759
4 7 0.239055 0.267847 0.247517 0.278672 0.438879 0.879481 0.759091 0.900329 0.913561 0.872808
4 8 0.0564751 0.162268 0.209509 0.238409 0.516489 0.464446 0.465846 0.593989 0.612022 0.612134
4 9 0.0190088 0.0283248 0.0552321 0.0473628 0.0663778 0.1041 0.182782 0.190363 0.27932 0.259394
5 0 2.0715 2.80953 3.19187 3.7409 3.74252 3.16482 -1 -1 -1 -1
5 1 1.85197 2.00514 2.37975 3.27144 3.18874 2.96175 2.25716 -1 -1 -1
5 2 1.06522 1.66693 2.09237 2.388 2.80338 2.84183 2.54923 2.4811 -1 -1
5 3 0.884256 1.29813 1.4598 1.68077 2.25565 2.33905 2.46609 2.05652 -1 -1
5 4 0.712442 0.980982 1.08096 1.7311 1.67852 2.17896 1.90499 2.10757 1.66574 -1
5 5 0.315447 0.533872 0.894492 1.20465 1.27142 1.64108 1.52802 1.62684 1.7503 0.0122992
5 6 0.209833 0.277648 0.306556 0.757424 1.03822 1.10052 1.25587 1.23306 1.26321 0.977397
5 7 0.210303 0.229723 0.219779 0.355011 0.594101 0.822418 0.872898 0.937592 0.883419 0.880796
5 8 0.143637 0.143511 0.161833 0.267396 0.389762 0.509832 0.414945 0.578085 0.560025 0.569923
5 9 0.0662368 0.0764321 0.0571661 0.190244 0.130272 0.21013 0.20131 0.168132 0.288979 0.279718
6 0 2.27753 3.45028 3.77328 3.74449 1.22162 -1 -1 -1 -1 -1
6 1 2.0781 2.54491 3.26815 3.21282 3.14778 0.993211 -1 -1 -1 -1
6 2 1.30449 2.11385 2.59782 2.9882 2.79102 2.53242 -1 -1 -1 -1
6 3 1.36014 1.8006 2.30879 2.24206 2.45077 2.42543 2.35829 -1 -1 -1
6 4 1.05737 1.37558 1.68259 1.94174 2.01934 2.03821 2.10237 1.90714 -1 -1
6 5 0.835868 0.908053 1.23525 1.51551 1.70447 1.76715 1.69825 1.56716 1.47168 -1
6 6 0.286665 0.419789 0.662265 1.07547 1.09902 1.12751 1.28529 1.35067 1.19647 1.08995
6 7 0.181517 0.228534 0.55428 0.880665 0.766346 0.794113 0.792031 0.955253 0.856027 0.881088
6 8 0.124404 0.116228 0.315008 0.220526 0.436887 0.557258 0.462547 0.530247 0.59542 0.563405
6 9 0.0381959 0.0474104 0.104197 0.0680058 0.205403 0.184264 0.155928 0.182264 0.248871 0.241304
7 0 3.45015 3.76304 3.76817 1.05653 -1 -1 -1 -1 -1 -1
7 1 2.60201 3.27597 3.23219 3.0339 0.998292 -1 -1 -1 -1 -1
7 2 2.35072 2.74729 2.65559 2.9041 2.46303 2.2677 -1 -1 -1 -1
7 3 1.55286 2.20077 2.20339 2.56174 2.44853 2.19374 -1 -1 -1 -1
7 4 1.48729 1.88954 1.84661 2.14408 2.12312 1.97464 1.88917 1.47539 -1 -1
7 5 0.899419 1.72761 1.3221 1.59288 1.73956 1.69158 1.65609 1.54 -1 -1
7 6 0.383447 1.13719 1.06858 1.19328 1.12484 1.24879 1.26159 1.31743 1.37879 -1
7 7 0.277001 0.358741 0.765157 0.813114 0.894292 0.774019 0.913618 0.994074 0.890339 0.803555
7 8 0.106854 0.138607 0.315217 0.507948 0.457992 0.488986 0.479 0.655197 0.56613 0.5467
7 9 0.0375027 0.0376072 0.186618 0.197855 0.208119 0.183013 0.218185 0.175486 0.205035 0.249237
8 0 3.76804 3.76458 -1 -1 -1 -1 -1 -1 -1 -1
8 1 3.27688 3.29927 3.02833 -1 -1 -1 -1 -1 -1 -1
8 2 2.87891 2.94733 2.7946 2.65564 0.631439 -1 -1 -1 -1 -1
8 3 2.43336 2.21317 2.57855 2.46398 2.2697 0.618102 -1 -1 -1 -1
8 4 1.66668 1.92292 2.0724 2.18562 2.19998 2.0181 0.519945 -1 -1 -1
8 5 1.50367 1.60018 1.71446 1.63089 1.74011 1.64687 1.50799 0.907062 -1 -1
8 6 1.15733 1.23119 1.24658 1.18173 1.31292 1.40545 1.33667 1.29813 0.922008 -1
8 7 0.888819 0.87556 0.855062 0.823472 0.846566 1.03137 1.00337 0.914214 0.966076 0.592762
8 8 0.133718 0.447959 0.472663 0.577779 0.604168 0.63485 0.664344 0.643178 0.64441 0.564183
8 9 0.0571258 0.229009 0.236754 0.201805 0.208475 0.218149 0.1967 0.189039 0.215516 0.264559
9 0 3.62402 -1 -1 -1 -1 -1 -1 -1 -1 -1
9 1 3.05937 0.0184022 -1 -1 -1 -1 -1 -1 -1 -1
9 2 0.800942 0.0117861 2.59918 -1 -1 -1 -1 -1 -1 -1
9 3 1.56559 2.45294 2.37645 2.20155 -1 -1 -1 -1 -1 -1
9 4 2.09758 1.89687 0.712488 2.0255 1.86571 -1 -1 -1 -1 -1
9 5 1.76361 1.72399 1.65013 1.76352 1.71877 0.00936551 0.169139 -1 -1 -1
9 6 1.09443 1.024 1.40262 1.4138 1.34968 1.42688 1.18557 0.149787 -1 -1
9 7 0.931815 0.708531 0.958154 0.964204 0.961498 1.01934 0.893773 0.963702 -1.90046e-05 -1
9 8 0.497274 0.550652 0.532266 0.618265 0.664578 0.679392 0.659892 0.637264 0.571359 0.436016
9 9 0.221608 0.225886 0.254804 0.260192 0.28884 0.274782 0.295487 0.276738 0.279934 0.24116

20000 838 3.77328 6 0 2 -1 0 0 0
0 0 0.621595 0.955469 1.43524 1.8561 2.21357 2.62727 3.0991 3.55683 3.76291 3.37983
0 1 0.171535 0.497227 0.860019 1.0224 1.29561 1.63905 2.10432 1.98534 3.26993 1.31709
0 2 0.000595809 0.0374303 0.534334 0.954166 1.17438 1.49497 1.62021 2.14905 2.80378 1.23254
0 3 -0.000251557 0.00112918 0.0435114 0.521216 0.732602 1.04677 1.3384 2.03311 2.19458 0.394742
0 4 -0.000788444 0.000525184 0.0278188 0.00852696 0.235776 0.798104 0.989864 1.44099 1.8286 1.34808
0 5 -1 0.000279909 0.000989728 0.0014543 0.0536351 0.315516 1.49737 1.44473 1.54273 1.38605
0 6 -1 0.000124989 0.000790455 0.000933671 0.0234804 0.000696042 0.0562801 0.96907 1.18427 1.13619
0 7 -1 0.000611888 -1 -1 0.000638828 0.00837803 0.104666 0.591719 0.856519 0.869581
0 8 -1 -1 -1 0.0282513 -1 0.000614083 0.00843859 0.247444 0.353832 0.536998
0 9 -1 -1 -1 -1 -1 0.10433 0.0855764 0.113903 0.143084 0.247214
1 0 0.969059 1.41039 1.72823 1.99832 2.45917 3.01511 3.41735 3.77037 3.75195 -1
1 1 0.458991 0.948853 1.3862 1.62763 1.87942 2.13335 2.47763 2.87485 3.14979 0.00967223
1 2 0.0853273 0.110972 0.775145 1.24517 1.70747 1.94921 2.19437 2.57686 2.447 0.0222364
1 3 0.000812793 0.00166508 0.126388 0.60738 1.2001 1.53602 2.11349 2.3087 2.16074 0.0252316
1 4 0.000466837 0.00198523 0.0086019 0.0717146 0.525144 1.56971 1.759 1.8507 1.81775 1.29726
1 5 -1 0.00129212 0.00856736 0.152803 0.352086 1.04184 1.27397 1.61394 1.59451 0.747168
1 6 -0.000916336 0.00158316 0.00294268 0.0021792 0.0503448 0.96508 0.993352 1.20763 1.21442 1.15669
1 7 -1 -0.000467509 0.134004 -0.000218426 0.114723 0.534592 0.527683 0.794233 0.75667 0.795712
1 8 -1 -1 0.333425 0.134159 0.324252 0.0950192 0.487037 0.415804 0.421879 0.600869
1 9 -1 -1 0.170573 0.0575452 0.0566079 0.157154 0.158028 0.104562 0.190665 0.239724
2 0 1.10926 1.77159 1.90862 2.36809 2.70349 3.29558 3.76781 3.75842 -1 -1
2 1 0.910819 1.03823 1.56913 2.04095 2.37902 2.6455 3.24891 3.13603 0.0109354 -1
2 2 0.472739 0.604315 0.896894 1.7186 1.99538 2.29384 2.77663 2.681 2.37994 0.0175221
2 3 0.0855321 0.325131 0.403686 0.793582 1.74927 2.1039 2.41347 2.3218 2.08876 0.0158336
2 4 0.00101915 0.00568754 0.180896 0.426346 1.492 1.60355 1.95108 1.93656 1.86039 0.0113759
2 5 0.00138216 0.00807559 0.118 0.514331 1.00034 1.27891 1.65067 1.59658 1.46499 1.31676
2 6 -0.000319904 0.258718 0.046382 0.39242 0.88826 1.02353 1.0902 1.35186 1.15674 1.12864
2 7 -1 0.00862861 0.220307 0.224626 0.620799 0.844218 0.792961 0.791398 0.866493 0.863927
2 8 -1 0.171792 0.228591 0.0951543 0.238576 0.438466 0.18138 0.470658 0.505392 0.582198
2 9 0.0285719 0.00868351 0.0571056 0.0570563 0.180849 0.104367 0.11442 0.133584 0.161444 0.256541
3 0 1.3047 2.08438 2.30424 2.92791 3.12104 3.74176 3.7526 2.63655 -1 -1
3 1 0.963372 1.42041 2.08457 2.50148 2.7264 3.18455 3.17364 2.88882 -1 -1
3 2 0.75577 0.933479 1.76526 1.89448 2.36152 2.86589 2.83262 2.91127 0.0114427 -1
3 3 0.273191 0.361078 0.773259 0.902435 1.87221 2.49369 2.46 2.14425 2.18313 0.0135628
3 4 0.0485152 0.138981 0.574996 0.785231 1.32967 1.6907 1.81715 1.87731 1.86601 0.0352079
3 5 0.00839977 0.400415 0.649916 0.698327 0.754011 1.40658 1.61723 1.47985 1.5543 0.0145499
3 6 0.00133751 0.133125 0.372549 0.545613 1.15833 0.870201 1.04644 1.31877 1.17723 1.1467
3 7 -0.000404527 0.239732 0.286404 0.277999 0.746181 0.763919 0.759802 0.994827 0.97794 0.869393
3 8 0.0378633 0.142943 0.314351 0.267178 0.143312 0.429501 0.447965 0.508833 0.627034 0.658958
3 9 0.0673875 0.067165 0.094862 0.228649 0.20984 0.0759033 0.12398 0.18276 0.267494 0.253495
4 0 1.74788 2.11979 2.6949 3.14298 3.74888 3.74426 0.461439 -1 -1 -1
4 1 1.25425 1.73067 2.43697 2.8428 3.21999 3.18053 2.99338 2.50729 -1 -1
4 2 0.972046 1.30226 1.58559 2.41676 2.93044 2.94965 2.89413 2.63989 -1 -1
4 3 0.862851 1.09425 1.14312 1.91806 2.35598 2.27027 2.30597 2.51534 2.10577 -1
4 4 0.223801 0.516457 0.795769 1.04689 1.6043 1.80666 2.03622 1.86544 1.88519 0.0161181
4 5 0.0113098 0.420438 0.542282 1.37081 1.42449 1.53496 1.58453 1.53971 1.51789 0.0201941
4 6 0.162812 0.411378 0.459915 0.577971 0.918979 1.07652 1.16131 1.27102 1.27623 1.0041
4 7 0.239055 0.267847 0.353858 0.278672 0.438879 0.879481 0.897562 0.900329 0.955929 0.890156
4 8 0.11524 0.162268 0.257478 0.238409 0.516489 0.464446 0.465846 0.647852 0.612022 0.612134
4 9 0.0479544 0.0670312 0.0552321 0.0570724 0.171515 0.144449 0.198644 0.190363 0.27932 0.259394
5 0 2.0715 2.80953 3.19187 3.75218 3.74516 3.16482 -1 -1 -1 -1
5 1 2.03298 2.00514 2.39447 3.27144 3.2016 3.01514 2.25716 -1 -1 -1
5 2 1.06522 1.66693 2.09237 2.73646 2.83005 2.84183 2.77116 2.4811 -1 -1
5 3 0.884256 1.29813 1.52894 2.24908 2.25565 2.33905 2.49817 2.35329 1.44116 -1
5 4 0.712442 0.986916 1.08096 1.7311 1.67852 2.17896 1.99423 2.10757 1.68035 0.508682
5 5 0.380376 0.533872 0.894492 1.20706 1.34401 1.64108 1.63052 1.62684 1.7503 0.012525
5 6 0.238882 0.294269 0.344575 0.757424 1.03822 1.10052 1.3243 1.28754 1.26321 0.977397
5 7 0.210303 0.258227 0.29725 0.473805 0.717453 0.822418 0.872898 0.984082 0.899244 0.909809
5 8 0.143637 0.143511 0.401691 0.267396 0.508725 0.509832 0.454342 0.578085 0.650919 0.569923
5 9 0.0662368 0.181278 0.0575915 0.190244 0.130272 0.210424 0.20131 0.199569 0.288979 0.279718
6 0 2.86723 3.45028 3.77328 3.75009 1.52762 -1 -1 -1 -1 -1
6 1 2.0781 2.54491 3.26815 3.21282 3.14778 0.993211 -1 -1 -1 -1
6 2 1.30449 2.11385 2.59782 2.9882 2.79102 2.53242 -1 -1 -1 -1
6 3 1.36014 1.80923 2.30879 2.2573 2.47157 2.48305 2.35829 -1 -1 -1
6 4 1.05737 1.37558 1.68259 1.94174 2.01934 2.14099 2.10237 1.90714 -1 -1
6 5 0.835868 0.908053 1.23525 1.51551 1.70447 1.76715 1.69825 1.79714 1.47168 -1
6 6 0.286665 0.470715 0.716809 1.07547 1.16282 1.35665 1.28529 1.35067 1.38903 1.08995
6 7 0.181517 0.391129 0.55428 0.880665 0.766346 0.861197 1.03606 0.955253 0.856027 0.881088
6 8 0.124404 0.153277 0.315008 0.476902 0.463878 0.557258 0.548695 0.530247 0.59542 0.563405
6 9 0.0381959 0.0571487 0.104197 0.115637 0.205403 0.184264 0.214783 0.210984 0.248871 0.252069
7 0 3.48355 3.76983 3.76817 1.05653 -1 -1 -1 -1 -1 -1
7 1 2.60201 3.27597 3.31139 3.0339 2.91171 -1 -1 -1 -1 -1
7 2 2.35072 2.74729 2.87228 2.9041 2.69892 2.2677 -1 -1 -1 -1
7 3 1.55286 2.20077 2.20339 2.56174 2.46968 2.35761 -1 -1 -1 -1
7 4 1.48729 1.88954 1.94445 2.14408 2.14674 2.03126 1.88917 1.47539 -1 -1
7 5 0.899419 1.72761 1.3221 1.59288 1.73956 1.73353 1.70376 1.59568 -1 -1
7 6 0.466088 1.13719 1.06858 1.19328 1.12484 1.24879 1.31481 1.31743 1.37879 -1
7 7 0.277001 0.41312 0.765157 0.813114 0.894292 0.881971 0.913618 0.994074 0.928419 0.840571
7 8 0.106854 0.194082 0.515534 0.507948 0.474262 0.520261 0.494041 0.655197 0.56613 0.574479
7 9 0.0476948 0.0660228 0.186618 0.197855 0.208119 0.191113 0.218185 0.236119 0.207802 0.260127
8 0 3.76804 3.76458 -1 -1 -1 -1 -1 -1 -1 -1
8 1 3.3229 3.31593 3.02833 0.60573 -1 -1 -1 -1 -1 -1
8 2 2.95441 2.94733 2.88118 2.72044 0.761529 -1 -1 -1 -1 -1
8 3 2.43336 2.56058 2.57855 2.46398 2.41155 0.618102 -1 -1 -1 -1
8 4 2.04588 1.93566 2.13189 2.18562 2.19998 2.0181 0.519945 -1 -1 -1
8 5 1.50367 1.60018 1.71446 1.77774 1.807 1.68934 1.53921 0.907062 -1 -1
8 6 1.15733 1.36135 1.28786 1.32266 1.3905 1.40545 1.33667 1.29813 0.922008 -1
8 7 0.888819 0.922665 0.855062 0.823472 1.01422 1.03137 1.00337 0.974461 0.966076 0.592771
8 8 0.209148 0.447959 0.472663 0.581559 0.604168 0.63485 0.664344 0.664931 0.64441 0.564183
8 9 0.0571258 0.229009 0.236754 0.201805 0.208475 0.218149 0.1967 0.230678 0.248824 0.264559
9 0 3.63625 -1 -1 -1 -1 -1 -1 -1 -1 -1
9 1 3.05937 2.99643 -1 -1 -1 -1 -1 -1 -1 -1
9 2 0.800942 3.00879 2.59958 -1 -1 -1 -1 -1 -1 -1
9 3 2.2251 2.45294 2.37645 2.20155 -1 -1 -1 -1 -1 -1
9 4 2.09758 1.97651 0.712488 2.08916 1.86571 -1 -1 -1 -1 -1
9 5 1.76361 1.72399 1.65859 1.76352 1.81369 1.46808 0.169139 -1 -1 -1
9 6 1.19268 1.024 1.40262 1.4138 1.37347 1.42688 1.32504 0.149787 -1 -1
9 7 0.931815 0.911155 0.958154 1.01264 1.02343 1.01934 1.03841 0.963702 -1.90046e-05 -1
9 8 0.497274 0.550652 0.574555 0.65618 0.664578 0.679392 0.659892 0.637264 0.630761 0.436016
9 9 0.225386 0.243633 0.254804 0.260192 0.28884 0.295806 0.30052 0.284997 0.315706 0.24116

