0 22 0.0114533 0 8 9 -1 0 0 0
0 0 -1 -1 -1 -1 -1 -1 -1 -1 -1 -1
0 1 -1 -1 -1 -1 -1 -1 -1 -1 -1 -1
0 2 -1 -1 -1 -1 -1 -1 -1 -1 -1 -1
0 3 -1 -1 -1 -1 -1 -1 -1 -1 -1 -1
0 4 -1 -1 -1 -1 -1 -1 -1 -1 -1 -1
0 5 -1 -1 -1 -1 -1 -1 -1 -1 -1 -1
0 6 -1 -1 -1 -1 -1 -1 -1 -1 -1 0.00428917
0 7 -1 -1 -1 -1 -1 -1 -1 -1 -1 -1
0 8 -1 -1 -1 -1 -1 -1 -1 -1 -1 0.0114533
0 9 -1 -1 -1 -1 -1 -1 -1 -1 -1 0.00236586
1 0 -1 -1 -1 -1 -1 -1 -1 -1 -1 -1
1 1 -1 -1 -1 -1 -1 -1 -1 -1 -1 -1
1 2 -1 -1 -1 -1 -1 -1 -1 -1 -1 -1
1 3 -1 -1 -1 -1 -1 0.00977914 -1 -1 -1 -1
1 4 -1 -1 -1 -1 -1 -1 -1 -1 -1 -1
1 5 -1 -1 -1 -1 -1 -1 -1 -1 -1 -1
1 6 -1 -1 -1 -1 -1 -1 -1 -1 -1 -1
1 7 -1 -1 -1 -1 -1 -1 -1 -1 -1 -1
1 8 -1 -1 -1 -1 -1 -1 -1 -1 -1 0.00964783
1 9 -1 -1 -1 -1 -1 -1 -1 -1 -1 -1
2 0 -1 -1 -1 -1 -1 -1 -1 -1 -1 -1
2 1 -1 -1 -1 -1 -1 -1 -1 -1 -1 -1
2 2 -1 -1 -1 -1 -1 -1 -1 -1 -1 -1
2 3 -1 -1 -1 -1 -1 -1 -1 -1 -1 -1
2 4 -1 -1 -1 -1 -1 -1 -1 -1 -1 -1
2 5 -1 -1 -1 -1 -1 -1 -1 -1 -1 -1
2 6 -1 -1 -1 -1 -1 -1 -1 -1 -1 -1
2 7 -1 -1 -1 -1 -1 -1 -1 -1 -1 -1
2 8 -1 -1 -1 -1 -1 -1 -1 -1 -1 -1
2 9 -1 -1 -1 -1 -1 -1 -1 -1 -1 -1
3 0 -1 -1 -1 -1 -1 -1 -1 -1 -1 -1
3 1 -1 -1 -1 -1 -1 -1 -1 -1 -1 -1
3 2 -1 -1 -1 -1 -1 -1 -1 -1 -1 -1
3 3 -1 -1 -1 -1 -1 -1 -1 -1 -1 -1
3 4 -1 -1 -1 -1 -0.000870248 -1 -1 -1 -1 -1
3 5 -1 -1 -1 -1 -1 -1 -1 -1 -1 -1
3 6 -1 -1 -1 -1 -1 -1 -1 -1 -1 -1
3 7 -1 -1 -1 -1 -1 -1 -1 -1 -1 -1
3 8 -1 -1 -1 -1 -1 -1 -1 -1 -1 -1
3 9 -1 -1 -1 -1 -1 -1 -1 -1 -1 -1
4 0 -1 -1 -1 -1 -1 -1 -1 -1 -1 -1
4 1 -1 -1 -1 -1 -1 -1 -1 -1 -1 -1
4 2 -1 -1 -1 -1 -1 -1 -1 -1 -1 -1
4 3 -1 -1 -1 -1 -1 -1 -1 -1 -1 -1
4 4 -1 -1 -1 0.0012983 -1 -1 -1 -1 -1 -1
4 5 -1 -1 -1 -1 -1 -1 -1 -1 -1 -1
4 6 -1 -1 -1 -1 -1 -1 -1 -1 -1 -1
4 7 -1 -1 -1 -1 -1 -1 -1 0.00181206 -1 -1
4 8 -1 -1 -1 -1 -1 -1 -1 -1 -1 -1
4 9 -1 -1 -1 -1 -1 -1 -1 -1 -1 0.00923492
5 0 -1 -1 -1 -1 -1 -1 -1 -1 -1 -1
5 1 -1 -1 -1 -1 -1 -1 -1 -1 -1 -1
5 2 -1 -1 -1 -1 -1 -1 -1 -1 -1 -1
5 3 -1 0.00223344 0.00177061 -1 -1 -1 -1 -1 -1 -1
5 4 -1 -1 -1 0.000336263 -1 -1 -1 -1 -1 -1
5 5 -1 -1 -1 -1 0.00270307 -1 -1 -1 -1 -1
5 6 -1 -1 -1 -1 -1 -1 -1 -1 -1 -1
5 7 -1 -1 -1 -1 -1 -1 -1 -1 -1 -1
5 8 -1 -1 -1 -1 -1 -1 -1 -1 -1 -1
5 9 -1 -1 -1 -1 -1 -1 -1 0.0024775 -1 -1
6 0 -1 -1 -1 -1 -1 -1 -1 -1 -1 -1
6 1 -1 -1 -1 -1 -1 -1 -1 -1 -1 -1
6 2 -1 -1 -1 -1 -1 -1 -1 -1 -1 -1
6 3 -1 -1 -1 -1 -1 -1 -1 -1 -1 -1
6 4 -1 -1 -1 -1 -1 -1 -1 -1 -1 -1
6 5 -1 -1 -1 -1 -1 -1 -1 -1 -1 -1
6 6 -1 -1 -1 -1 -1 -1 -1 -1 -1 -1
6 7 -1 -1 -1 -1 -1 -1 -1 -1 -1 -1
6 8 -1 -1 -1 -1 -1 -1 -1 -0.000127477 -1 -1
6 9 -1 -1 -1 -1 -1 -1 -1 -1 -1 -1
7 0 -1 -1 -1 -1 -1 -1 -1 -1 -1 -1
7 1 -1 -1 -1 -1 -1 -1 -1 -1 -1 -1
7 2 -1 -1 -1 -1 -1 -1 -1 -1 -1 -1
7 3 -1 -1 -1 -1 -1 -1 -1 -1 -1 -1
7 4 -1 -1 -1 -1 -1 -1 -1 -1 -1 -1
7 5 -1 -1 -1 -1 -1 -1 -1 -1 -1 -1
7 6 -1 -1 -1 -1 -0.000898809 -1 -1 -1 -1 -1
7 7 -1 -1 -1 -1 -1 -1 -1 -1 -1 -1
7 8 -1 -1 -1 -1 -1 -4.25544e-05 -1 -1 -1 -1
7 9 -1 -1 -1 -1 -1 -1 -1 -1 -1 -1
8 0 -1 -1 -1 -1 -1 -1 -1 -1 -1 -1
8 1 -1 -1 -1 -1 -1 -1 -1 -1 -1 -1
8 2 -1 -1 -1 -1 -1 -1 -1 -1 -1 -1
8 3 -1 -1 -1 -1 -1 -1 -1 -1 -1 -1
8 4 -1 -1 -1 -1 -1 -1 -1 -1 -1 -1
8 5 -1 -1 -1 -1 -1 -1 -1 -1 -1 -1
8 6 -1 -1 -1 -1 -1 -1 -1 -1 -1 -1
8 7 -1 -1 -1 -1 0.00128621 -1 -1 -1 -1 -1
8 8 -1 -1 -1 -1 -1 -1 -1 -1 -1 -1
8 9 -1 -1 -1 -1 -1 -1 -1 -1 -1 -1
9 0 -1 -1 -1 -1 -1 -1 -1 -1 -1 -1
9 1 -1 -1 -1 -1 -1 -1 -1 -1 -1 -1
9 2 -1 -1 -1 -1 -1 -1 -1 -1 -1 -1
9 3 -1 -1 -1 -1 -1 -1 -1 -1 -1 -1
9 4 -1 -1 -1 -1 -1 -1 -1 -1 -1 -1
9 5 -1 -1 -1 -1 -1 -1 -1 -1 -1 -1
9 6 0.00429055 -1 -1 -1 -1 -1 -1 -1 -1 -1
9 7 -1 0.00674859 -1 -1 -1 -1 -1 -1 -1 -1
9 8 0.00445417 -1 -1 -1 -1 -1 -1 -1 -1 -1
9 9 -1 -1 -1 -1 -1 -1 0.00546354 -1 -1 -1

5000 784 3.77199 7 0 1 -1 0 0 0
0 0 0.411129 0.699861 1.19206 1.44613 1.8139 2.24832 2.6034 3.32639 3.69814 2.42124
0 1 0.0282296 0.314097 0.592081 0.942508 1.25913 1.56697 1.24328 1.31483 0.141506 0.0997248
0 2 0.000377811 0.0153379 0.361341 0.597412 0.969574 1.48202 1.4618 0.812954 0.205537 0.156165
0 3 0.00041792 0.000416241 0.00891454 0.433251 0.443929 0.744819 1.18063 0.846408 0.297692 0.0410444
0 4 -0.000574363 -1 0.00117319 0.00839886 0.137423 0.45199 0.873637 1.09636 0.814628 0.0740251
0 5 -1 -1 0.00098598 0.0013 0.00825761 0.0241794 0.160276 0.417151 0.445637 0.151452
0 6 -1 -0.000571374 0.00109865 0.000693163 0.00102012 0.00967906 0.0217315 0.152742 0.422659 0.0460246
0 7 -1 -1 -0.000111801 -1 0.00065314 0.00125903 0.00129972 0.0839805 0.445965 0.82366
0 8 -1 -1 -1 -1 -1 0.000379144 0.000623672 0.00132882 0.0494029 0.338557
0 9 -1 -1 -1 -1 -1 0.0275746 0.0106308 0.00870433 0.0183348 0.0763327
1 0 0.634787 0.851626 1.31598 1.77465 2.01402 2.52385 3.19732 3.74356 0.530326 -1
1 1 0.2913 0.494268 0.72992 1.47353 1.62799 1.83903 2.26249 2.55991 0.0149552 0.00589344
1 2 0.0133484 0.0420474 0.352587 0.777806 1.18797 1.53829 2.02586 2.72649 0.0239364 0.0518318
1 3 0.000391772 0.000476227 0.0125164 0.164246 0.996069 1.09024 1.80984 1.6914 0.201179 0.0146135
1 4 -8.58853e-05 0.000760629 0.0014003 0.0143434 0.220251 0.503755 1.03385 1.55662 0.458615 0.0194334
1 5 -1 -0.000370838 0.00135215 0.00179527 0.00352271 0.153863 0.873264 0.850061 1.46598 0.105762
1 6 -1 0.000177465 0.00116505 0.00157236 0.000765006 0.0181151 0.403002 0.403972 0.152817 0.0763626
1 7 -1 -6.77373e-05 -1 0.000365324 0.000400402 0.000709504 0.00308119 0.139301 0.420161 0.700156
1 8 -1 -1 -1 -1 -4.52892e-05 0.000532381 0.00867696 0.0266717 0.0336475 0.35791
1 9 -1 -1 -1 -1 -1 -7.57336e-05 0.0180666 0.0192708 0.0257549 0.128202
2 0 0.705894 1.3461 1.40934 2.02102 2.38919 2.95306 3.68541 3.6626 -1 -1
2 1 0.480605 0.918837 0.877293 1.41669 2.06206 2.67889 3.16429 3.1725 0.001681 -1
2 2 0.155853 0.643258 0.385063 0.773291 1.47483 1.84635 2.76148 1.14973 0.124703 0.00836981
2 3 0.0086254 0.0153004 0.0255844 0.284995 1.08555 1.23863 1.97807 1.93012 0.0560016 0.0152859
2 4 0.000133089 0.00106082 0.00706746 0.0113689 0.344563 0.668468 1.57129 1.52634 0.0762881 0.0289689
2 5 -1 0.00128712 0.00809385 0.00151904 0.0166335 0.257674 0.206847 1.39119 1.19888 0.019506
2 6 -0.000555326 0.000609065 0.0016228 0.00176967 0.00176139 0.0145393 0.294338 0.398515 0.518394 0.0645628
2 7 -1 0.000332561 -0.000452876 0.000451617 0.000787082 0.00862241 0.0297028 0.163522 0.41973 0.150238
2 8 -1 -1 -1 -0.000481377 0.000274615 0.000841512 0.0266295 0.0423687 0.0687873 0.340704
2 9 -1 -1 -1 -1 -1 0.00865374 0.0216728 0.0272978 0.0344181 0.133661
3 0 0.914042 1.52321 1.7242 1.85202 2.75922 3.66631 3.65666 -1 -1 -1
3 1 0.76922 1.26155 1.58356 2.11049 2.53341 2.91438 2.76568 -1 -1 -1
3 2 0.65469 0.591279 0.905829 1.62135 1.52813 2.6721 2.24245 0.00847332 0.00350742 -1
3 3 0.164932 0.25956 0.22962 0.715419 1.13196 1.9854 2.26256 2.04852 0.00808618 0.0110804
3 4 0.00253717 0.0111301 0.0385381 0.113616 0.137873 0.912389 0.484354 1.96365 0.0727005 0.010318
3 5 0.000627469 0.00130967 0.00747207 0.0132193 0.430522 0.055763 1.39539 1.25205 0.0083341 0.0102905
3 6 -0.00075069 0.00136963 0.00835136 0.00104592 0.0100595 0.0477403 0.0311097 0.776499 0.975759 0.0258949
3 7 -1 0.0011043 0.000239836 0.000629983 0.0277558 0.0275132 0.0393322 0.114896 0.71789 0.0215456
3 8 -1 -1 -1 -5.36592e-05 0.00083807 0.0280096 0.0418804 0.0307647 0.546498 0.487863
3 9 -1 -1 -1 0.0181259 0.0184025 0.018167 0.0244194 0.169628 0.0292024 0.242171
4 0 1.17285 1.7606 2.29918 2.73629 3.6952 3.6748 -1 -1 -1 -1
4 1 0.93791 1.51021 1.72207 2.42 3.09323 3.04924 3.15915 -1 -1 -1
4 2 0.95687 1.47212 1.35335 1.60471 2.68942 2.4674 2.6234 0.938323 -1 -1
4 3 0.600712 0.492109 0.927575 1.68373 1.35935 1.62996 1.23459 0.621394 0.00331724 -1
4 4 0.0252661 0.199627 0.272111 0.534065 1.93801 1.11087 1.58326 1.72424 0.0244685 0.00880672
4 5 0.00447497 0.00695712 0.0139402 0.0293456 0.272889 0.17026 0.447851 1.09904 0.00890765 0.0235909
4 6 -0.000851092 0.00112658 0.00776907 0.0145262 0.0185073 0.0386801 0.353517 1.25456 1.09421 0.0116402
4 7 0.000281927 0.00126213 0.000893175 0.00853132 0.053764 0.037622 0.0296992 0.0792049 0.785417 0.844197
4 8 -0.000790532 -1 0.00851535 -0.000576966 0.0274033 0.0375431 0.0447531 0.028825 0.473168 0.499557
4 9 -1 -1 0.00889191 0.00867988 0.0276309 0.0361512 0.0294654 0.0187841 0.021239 0.196881
5 0 1.5921 2.20695 2.71288 3.73103 3.6943 2.45154 -1 -1 -1 -1
5 1 0.961313 1.56482 2.30133 3.05244 3.12573 2.76525 -1 -1 -1 -1
5 2 1.03874 1.43997 1.93161 2.35625 2.35618 2.82066 2.6415 2.16828 -1 -1
5 3 0.970556 1.0255 1.2303 2.11227 2.18151 2.15332 2.34553 2.26022 -1 -1
5 4 0.617652 0.939047 0.939163 0.913334 0.990639 1.81427 1.81926 1.61504 0.00928814 -1
5 5 0.12783 0.0490316 0.466133 0.41131 0.529622 0.769482 1.26307 1.43757 0.0114047 0.0104963
5 6 0.000153419 0.0775198 0.0155142 0.0250068 0.155286 0.032557 0.375368 0.507748 0.795091 0.0153962
5 7 0.000335882 0.000995974 0.00328489 0.0383783 0.0440359 0.026178 0.0245927 0.955329 0.943936 0.0566649
5 8 -0.000880527 -0.000130272 -1 0.0454748 0.0353954 0.030013 0.029437 0.0316803 0.0247603 0.41043
5 9 -1 0.00867455 -1 0.0272126 0.0287593 0.0240457 0.0257236 0.0186921 0.0251555 0.231086
6 0 2.5828 2.46543 3.76264 3.73681 -1 -1 -1 -1 -1 -1
6 1 1.22555 2.1907 2.9611 3.0259 2.83785 2.2008 -1 -1 -1 -1
6 2 0.896439 1.77674 2.63218 2.59799 2.53354 2.55921 -1 -1 -1 -1
6 3 0.728369 1.5304 2.26446 2.30401 2.25006 2.37421 1.6772 -1 -1 -1
6 4 0.869731 1.28277 1.87182 1.92992 2.07823 1.98657 1.77365 1.79893 -1 -1
6 5 0.606284 0.408148 0.665025 1.41355 1.42153 1.5566 1.44427 1.70275 0.00924062 -1
6 6 0.099328 0.104415 0.428349 0.3008 0.185857 0.478674 0.862618 0.76225 0.0211049 0.00864511
6 7 0.000728914 0.00380816 0.0320708 0.0665513 0.169624 0.292771 0.0579755 0.235461 0.364565 0.0163787
6 8 6.79505e-05 0.019192 0.0372065 0.0490695 0.0301723 0.0276911 0.0157289 0.0164749 0.362855 0.548459
6 9 -1 0.0183831 0.0196046 0.0306963 0.0260059 0.0358777 0.0292651 0.0165593 0.202598 0.204847
7 0 2.97348 3.77199 3.75469 -1 -1 -1 -1 -1 -1 -1
7 1 1.79088 2.98969 2.93157 2.46939 -1 -1 -1 -1 -1 -1
7 2 1.176 2.62449 2.53635 2.7957 2.20538 2.53242 -1 -1 -1 -1
7 3 1.55252 2.2705 2.26334 2.08789 2.3056 2.15262 -1 -1 -1 -1
7 4 0.919313 1.84296 1.90358 1.70496 1.90095 1.98556 1.83583 -1 -1 -1
7 5 0.88386 1.55118 1.59731 1.50087 1.68781 1.53755 1.57676 1.68889 -1 -1
7 6 0.615527 1.12987 0.967692 1.13894 1.29611 1.21706 1.10682 1.19803 1.32685 -3.18665e-05
7 7 0.196661 0.198029 0.450846 0.416585 0.0358304 0.0743099 0.894033 0.865546 0.815006 0.0163414
7 8 0.0180936 0.022589 0.0906775 0.0347067 0.0310366 0.107342 0.0459269 0.317056 0.364506 0.423069
7 9 -1 0.0220033 0.0243475 0.024156 0.0497411 0.0265599 0.131382 0.0186162 0.0996336 0.226426
8 0 3.74854 3.76606 -1 -1 -1 -1 -1 -1 -1 -1
8 1 2.54143 2.78035 2.78913 -1 -1 -1 -1 -1 -1 -1
8 2 2.05821 0.819682 0.0159572 0.00610103 -1 -1 -1 -1 -1 -1
8 3 1.808 1.99707 0.278 0.0344763 0.00605171 -1 -1 -1 -1 -1
8 4 1.66607 1.8701 1.66919 1.74221 0.794054 1.77224 -1 -1 -1 -1
8 5 1.27622 1.55072 1.40157 1.50236 1.52106 1.55373 1.40073 1.30974 -1 -1
8 6 1.10212 1.18788 1.2175 1.16621 1.26171 1.29378 1.22473 1.26466 0.888377 -1
8 7 0.853649 0.88057 0.871636 0.854019 0.833015 0.875018 0.936673 0.908109 0.856559 -1
8 8 0.0289184 0.507549 0.572805 0.553671 0.589332 0.535296 0.630308 0.593807 0.603341 0.376728
8 9 0.0233399 0.0342021 0.0279764 0.0227212 0.0216633 0.0256818 0.0615248 0.06066 0.0761601 0.142525
9 0 3.54666 -1 -1 -1 -1 -1 -1 -1 -1 -1
9 1 1.12956 -1 -1 -1 -1 -1 -1 -1 -1 -1
9 2 0.863933 0.0134728 0.00933703 -1 -1 -1 -1 -1 -1 -1
9 3 0.091649 0.0183316 0.0142679 0.00581101 -1 -1 -1 -1 -1 -1
9 4 0.0657688 0.0365887 0.0108734 0.00489185 -1 -1 -1 -1 -1 -1
9 5 1.38822 0.0214904 0.153845 0.600996 0.0057885 0.0149978 -1 -1 -1 -1
9 6 0.992881 0.650639 0.554746 0.196667 0.789714 0.976624 0.948755 -1 -1 -1
9 7 0.736837 0.72792 0.727404 0.670231 0.718027 0.714226 0.955411 0.807026 -1 -1
9 8 0.577657 0.488583 0.485604 0.537682 0.613366 0.608046 0.57823 0.604097 0.585882 -1
9 9 0.220753 0.23956 0.214336 0.232023 0.260757 0.252049 0.270856 0.278154 0.251791 0.265917

10000 798 3.77522 8 0 0 -1 0 0 0
0 0 0.484335 0.78233 1.21353 1.55418 1.93833 2.44107 2.67692 3.43953 3.74989 2.42124
0 1 0.0319666 0.471074 0.797408 1.10979 1.41853 1.56697 1.46549 1.44276 1.04106 0.74658
0 2 0.000377811 0.0224447 0.361341 0.768049 1.03044 1.48202 1.47345 1.55802 2.38463 0.156165
0 3 0.000619151 0.00814373 0.0128596 0.433251 0.734986 1.08094 1.18063 1.12092 1.83126 0.133864
0 4 -0.000574363 -0.000891361 0.0017764 0.00839886 0.345607 0.682682 1.0647 1.34538 0.881369 0.211733
0 5 -1 -1 0.0014914 0.0013 0.00825761 0.230706 0.600737 0.959635 1.3493 0.198253
0 6 -1 0.000313216 0.0011096 0.000693163 0.00162903 0.00967906 0.0500545 0.560553 0.468145 0.193514
0 7 -1 -1 -0.000111801 -1 0.00065314 0.00125903 0.00832194 0.134685 0.527005 0.82366
0 8 -1 -1 -1 -1 -1 0.000747515 0.00851557 0.00149163 0.0834899 0.401881
0 9 -1 -1 -1 -1 -1 0.0275746 0.0106308 0.00915266 0.0378031 0.214486
1 0 0.784784 0.990617 1.50207 2.06034 2.42632 2.52385 3.19732 3.76993 3.73443 -1
1 1 0.2913 0.502343 1.07283 1.64293 1.91776 2.13003 2.39502 2.77172 0.0181855 0.0106871
1 2 0.0182975 0.0420474 0.472739 1.26552 1.56382 1.83204 2.16917 2.72649 0.96702 0.0518318
1 3 0.000646115 0.0010735 0.100941 0.37572 0.996069 1.4958 1.80984 2.0397 1.99809 0.0146135
1 4 0.000184056 0.000760629 0.0014003 0.0428321 0.241999 0.956224 1.32486 1.88945 1.72283 0.0214114
1 5 -1 0.000284541 0.00171193 0.00179527 0.0474867 0.340063 0.873264 0.992886 1.59624 0.105762
1 6 -1 0.000911359 0.0015148 0.00185084 0.00850213 0.0181151 0.403002 0.536435 1.0619 0.209525
1 7 -1 -6.77373e-05 -0.000242107 0.00108089 0.000839637 0.00214092 0.0380581 0.139301 0.633925 0.700156
1 8 -1 -1 -1 -1 -4.52892e-05 0.000532381 0.00867696 0.0295092 0.528132 0.478328
1 9 -1 -1 -1 -1 0.00852269 -7.57336e-05 0.0180666 0.0245207 0.0257549 0.226041
2 0 1.22621 1.64388 1.77357 2.23162 2.39778 3.13367 3.75795 3.76467 -1 -1
2 1 0.665933 0.999025 1.19532 1.71743 2.23032 2.67889 3.16429 3.1725 0.001681 -1
2 2 0.344231 0.643258 0.718094 0.976251 1.47483 2.25462 2.76148 2.5332 0.124703 0.0131996
2 3 0.0086254 0.0522778 0.0520283 0.575225 1.31382 1.56255 1.97807 2.21051 0.305995 0.0152859
2 4 0.000406299 0.00115465 0.00851785 0.0517217 0.344563 0.668468 1.57129 1.97699 1.56064 0.0289689
2 5 0.000293927 0.00128712 0.00809385 0.011251 0.0166335 0.257674 1.03079 1.4946 1.19888 0.0414856
2 6 -0.000555326 0.000681726 0.00175798 0.00176967 0.00176139 0.282975 0.400107 1.12972 1.23427 0.480772
2 7 -1 0.00044852 0.000398762 0.000710718 0.00118688 0.00862241 0.0407384 0.163522 0.900573 0.795402
2 8 -1 -1 -1 -0.000481377 0.000287909 0.0181652 0.0322351 0.0556337 0.44434 0.496782
2 9 -1 -1 -1 -1 0.00898256 0.0180438 0.190895 0.0272978 0.0344181 0.249616
3 0 1.3494 1.52321 2.1428 2.51913 2.91313 3.6969 3.74677 -1 -1 -1
3 1 0.76922 1.29239 1.98312 2.11049 2.53341 3.23577 3.27491 2.49796 -1 -1
3 2 0.65469 0.834383 1.08118 1.89068 2.12562 2.88109 2.87783 2.31008 0.00901284 -1
3 3 0.386876 0.614903 0.452749 1.2131 1.33711 1.9854 2.26256 2.25018 0.0255911 0.0110804
3 4 0.00253717 0.0191224 0.0449736 0.130952 0.539138 0.912389 1.85829 1.96365 1.7149 0.010318
3 5 0.00103956 0.00130967 0.0116648 0.0396631 0.430522 0.432554 1.39629 1.47865 1.64668 0.249124
3 6 0.000142348 0.00136963 0.00835136 0.0126434 0.0202877 0.0477403 0.186069 1.02482 1.1887 0.613371
3 7 -0.000432767 0.0011043 0.00074078 0.000629983 0.0277558 0.0275132 0.0393322 0.83726 0.957269 0.79467
3 8 -1 -1 -1 0.000181396 0.0086055 0.0283524 0.0418804 0.0307647 0.546498 0.565085
3 9 -1 -1 -1 0.0181259 0.0184025 0.0271778 0.0250197 0.169628 0.0484255 0.253481
4 0 1.47121 2.24985 2.29918 3.21914 3.6952 3.68875 -1 -1 -1 -1
4 1 0.93791 1.72637 2.37079 2.42 3.22862 3.23238 3.15915 -1 -1 -1
4 2 0.95687 1.47212 1.36151 1.71145 2.68942 2.76535 2.8786 2.46445 -1 -1
4 3 0.608634 0.733725 0.95497 1.68373 2.34026 2.37063 2.25399 0.939055 0.00748248 -1
4 4 0.361981 0.341794 0.318378 0.534065 1.93801 1.11087 1.89541 1.97224 1.60881 0.00929671
4 5 0.00849067 0.0771089 0.212391 0.0558274 0.272889 0.835236 1.32193 1.61032 1.4081 0.0235909
4 6 -0.00084589 0.00160279 0.0121408 0.0575439 0.0279312 0.675085 0.617137 1.25456 1.16108 0.017081
4 7 0.000281927 0.00126213 0.00174197 0.00937059 0.053764 0.037622 0.0376735 0.813722 0.928485 0.844197
4 8 -0.000790532 -1 0.00851535 0.000974656 0.0274033 0.292767 0.0447531 0.502937 0.504267 0.603366
4 9 -1 0.00863533 0.00889191 0.0103917 0.0276309 0.0361512 0.0294654 0.224187 0.0233363 0.257999
5 0 1.5921 2.43641 2.71288 3.74877 3.72403 3.23991 -1 -1 -1 -1
5 1 1.4816 1.84725 2.49499 3.25427 3.23406 3.09655 -1 -1 -1 -1
5 2 1.03874 1.43997 1.93161 2.75115 2.66829 2.82066 2.6415 2.16828 -1 -1
5 3 0.970556 1.15254 1.27382 2.11227 2.18151 2.40575 2.48647 2.4444 -1 -1
5 4 0.675087 0.939047 1.12322 0.956571 1.03312 1.81427 2.12041 1.94469 1.43649 -1
5 5 0.179364 0.191546 0.466133 0.523622 0.529622 1.59103 1.6289 1.56141 1.40784 0.0104963
5 6 0.000286096 0.0946117 0.0243289 0.363095 0.534617 0.591288 1.23271 1.14744 1.15857 0.0153962
5 7 0.000396586 0.00138996 0.00477765 0.238501 0.0440359 0.026178 0.0328149 0.955329 0.943936 0.641909
5 8 -0.000810495 -0.000130272 0.27707 0.0454748 0.0353954 0.030013 0.260376 0.563173 0.600558 0.536575
5 9 -1 0.00867455 -1 0.0272126 0.0287593 0.0250611 0.0782117 0.0511525 0.0251555 0.268031
6 0 2.58638 3.10937 3.77225 3.75062 -1 -1 -1 -1 -1 -1
6 1 1.63929 2.48986 2.99875 3.13238 2.88496 2.2008 -1 -1 -1 -1
6 2 1.46368 1.80348 2.63929 2.76591 2.67564 2.67336 -1 -1 -1 -1
6 3 0.745847 1.5304 2.2917 2.33473 2.29201 2.38329 2.27974 -1 -1 -1
6 4 0.960852 1.28277 1.96516 1.92992 2.07823 2.02998 1.9837 1.92311 -1 -1
6 5 0.606284 0.893367 0.81691 1.53567 1.6151 1.68568 1.53084 1.70275 1.5146 -1
6 6 0.139216 0.205414 0.428349 0.347158 0.41332 0.478674 0.862618 1.18197 1.05441 0.0191346
6 7 0.00114534 0.00786531 0.0454262 0.0832611 0.514837 0.292771 0.188982 0.819254 0.939085 0.0214901
6 8 0.000543815 0.019192 0.0372065 0.0490695 0.0484252 0.0276911 0.0200378 0.491092 0.654949 0.603233
6 9 -1 0.0183831 0.0196046 0.0306963 0.101725 0.0380645 0.0292651 0.0180524 0.202598 0.262459
7 0 3.41628 3.7741 3.76967 -1 -1 -1 -1 -1 -1 -1
7 1 1.9865 2.98969 2.93157 2.57467 -1 -1 -1 -1 -1 -1
7 2 1.712 2.62449 2.53635 2.81891 2.20538 2.53242 -1 -1 -1 -1
7 3 1.55252 2.2705 2.30878 2.37556 2.3056 2.18101 -1 -1 -1 -1
7 4 0.971952 1.84296 1.96784 1.95915 2.06022 2.00099 1.97286 1.79377 -1 -1
7 5 0.88386 1.61703 1.63381 1.51393 1.68781 1.69554 1.67537 1.68889 -1 -1
7 6 0.615527 1.1475 1.25096 1.13894 1.29611 1.32459 1.23131 1.25686 1.32685 -3.18665e-05
7 7 0.196661 0.638959 0.85983 0.416585 0.820916 0.673374 1.00928 0.89901 0.919711 0.812586
7 8 0.0180936 0.0261628 0.0906775 0.0347067 0.0310366 0.107342 0.604986 0.430458 0.57914 0.43138
7 9 0.012397 0.022324 0.0316673 0.104167 0.153094 0.0265599 0.131382 0.0841535 0.131366 0.242853
8 0 3.77522 3.76606 -1 -1 -1 -1 -1 -1 -1 -1
8 1 2.90055 3.05404 2.78913 -1 -1 -1 -1 -1 -1 -1
8 2 2.35972 2.60673 2.21211 0.00811896 -1 -1 -1 -1 -1 -1
8 3 2.24715 2.36343 2.03752 2.17194 2.00193 -1 -1 -1 -1 -1
8 4 1.83639 2.00669 1.87278 1.92571 1.57058 1.77224 -1 -1 -1 -1
8 5 1.47207 1.66698 1.43285 1.5769 1.54725 1.55373 1.41728 1.30974 -1 -1
8 6 1.24496 1.2046 1.21916 1.17182 1.26171 1.31032 1.22823 1.26466 0.888377 -1
8 7 0.853649 0.911949 0.923958 0.922097 0.948659 0.976164 0.936673 0.941886 0.942745 -1
8 8 0.529872 0.507549 0.572805 0.553671 0.589332 0.535296 0.630308 0.593807 0.603341 0.526258
8 9 0.0233399 0.0342021 0.057822 0.0983406 0.0242072 0.0746728 0.0615248 0.231545 0.2184 0.227402
9 0 3.72175 -1 -1 -1 -1 -1 -1 -1 -1 -1
9 1 2.98636 0.00372203 -1 -1 -1 -1 -1 -1 -1 -1
9 2 0.863933 0.0134728 0.00933703 -1 -1 -1 -1 -1 -1 -1
9 3 1.08682 0.0197647 0.0142679 0.00581101 -1 -1 -1 -1 -1 -1
9 4 0.453682 0.0365887 0.0167271 0.00979227 -1 -1 -1 -1 -1 -1
9 5 1.54171 1.50452 0.54629 1.48162 0.0189801 0.0149978 -1 -1 -1 -1
9 6 1.31756 1.17329 0.554746 0.693578 0.983764 0.976624 0.948755 -1 -1 -1
9 7 0.87296 0.72792 0.891306 0.833033 0.854437 0.843359 0.955411 0.835345 0.611752 -1
9 8 0.580369 0.537379 0.538383 0.604872 0.613366 0.608046 0.628189 0.604097 0.585882 0.392059
9 9 0.249674 0.241201 0.235571 0.273347 0.266591 0.274294 0.280617 0.290702 0.26293 0.265917

15000 807 3.77765 8 0 0 -1 0 0 0
0 0 0.484335 0.827791 1.27045 1.70774 2.23535 2.65208 2.9357 3.43953 3.74989 3.15684
0 1 0.0319666 0.471074 0.862139 1.22399 1.41853 1.56697 1.46549 2.37315 2.50005 1.48174
0 2 0.000571422 0.0224447 0.407296 0.833384 1.11821 1.48202 1.69362 1.71601 2.38463 0.156165
0 3 0.000927035 0.00814373 0.0135466 0.433251 0.734986 1.08094 1.24292 1.60646 1.83126 0.133864
0 4 -0.000574363 -0.000891361 0.0017764 0.00839886 0.345607 0.81891 1.0647 1.34538 1.95259 0.211733
0 5 -1 -1 0.0014914 0.00152929 0.00825761 0.230706 0.600737 0.959635 1.3493 0.210928
0 6 -1 0.000313216 0.0011096 0.0024199 0.00242758 0.0274054 0.0756465 0.560553 0.777747 0.296412
0 7 -1 -1 -0.000111801 0.000145047 0.00065314 0.00125903 0.00865981 0.34001 0.527005 0.882037
0 8 -1 -1 -1 -1 -1 0.000747515 0.00851557 0.00864689 0.259133 0.455796
0 9 -1 -1 -1 -1 -1 0.0275746 0.0106308 0.00915266 0.0378031 0.218252
1 0 0.861567 1.23249 1.51984 2.06034 2.42632 2.58231 3.19732 3.77582 3.75115 -1
1 1 0.439127 0.5277 1.09017 1.64293 1.91776 2.25172 2.39502 2.87438 2.61332 0.0120388
1 2 0.0182975 0.134844 0.761718 1.26552 1.6361 1.83204 2.16917 2.72649 0.96702 0.0518318
1 3 0.000646115 0.00147757 0.100941 0.441616 0.996069 1.4958 1.90674 2.2809 2.09883 0.0215433
1 4 0.000184056 0.000760629 0.00179711 0.167497 0.27723 0.956224 1.32486 1.88945 1.9239 0.396936
1 5 -0.000625802 0.000284541 0.0017628 0.00179527 0.334943 0.340063 0.873264 0.992886 1.59624 0.105762
1 6 -0.00074188 0.000911359 0.00161631 0.00185084 0.00850213 0.0181151 0.403002 0.886069 1.18826 0.209525
1 7 -1 0.000817925 7.92208e-05 0.00108089 0.00091317 0.766481 0.0380581 0.419629 0.812077 0.700156
1 8 -1 -1 -1 6.51722e-05 0.00027622 0.00119816 0.00867696 0.0415994 0.579419 0.557923
1 9 -1 -1 -1 -1 0.00852269 0.00855186 0.0181772 0.0245207 0.0284421 0.226041
2 0 1.22621 1.64388 2.00698 2.23162 2.53391 3.15927 3.76295 3.77008 -1 -1
2 1 0.665933 1.09459 1.58285 1.94984 2.23032 2.67889 3.16429 3.18868 0.00322148 0.00340913
2 2 0.344231 0.643258 1.28275 1.70808 1.66889 2.25462 2.76148 2.5332 0.124703 0.0131996
2 3 0.0086254 0.152315 0.130781 0.808604 1.35342 1.79051 2.2601 2.45805 1.53227 0.0207955
2 4 0.000406299 0.00115465 0.0541042 0.0517217 0.344563 1.11991 1.57129 1.97699 1.85867 0.0289689
2 5 0.000310966 0.00128712 0.00809385 0.0930766 0.0750825 0.455892 1.03079 1.4946 1.35965 0.0646459
2 6 -0.000555326 0.00120028 0.00175798 0.00176967 0.00594833 0.282975 0.499568 1.12972 1.23427 0.869717
2 7 -1 0.00044852 0.00130046 0.00123794 0.00118688 0.00862241 0.0573626 0.458394 0.900573 0.795402
2 8 -1 -1 -1 0.00033602 0.000376728 0.0181652 0.0322351 0.226356 0.618999 0.545525
2 9 -1 -1 -1 -1 0.00898256 0.0180438 0.190895 0.0934882 0.168393 0.249616
3 0 1.34993 1.94675 2.22763 2.63833 3.01201 3.71059 3.74677 -1 -1 -1
3 1 0.819308 1.29239 1.98312 2.11049 2.85285 3.23577 3.27491 2.49796 -1 -1
3 2 0.65469 0.834383 1.08118 1.89068 2.12562 2.88109 2.87783 2.31008 2.52853 -1
3 3 0.386876 0.614903 0.574691 1.2131 1.36089 2.18697 2.26256 2.25018 2.07441 0.0110804
3 4 0.21045 0.231547 0.14071 0.414157 0.543442 0.941294 1.85829 1.96365 1.7149 0.010318
3 5 0.00103956 0.00130967 0.0116648 0.0396631 0.612679 0.432554 1.41537 1.72371 1.64668 0.249124
3 6 0.000142348 0.00157117 0.00835136 0.0126434 0.0214531 0.0965123 1.05739 1.29572 1.30359 0.766013
3 7 -0.000432767 0.0011043 0.00147368 0.00861111 0.0277558 0.0390445 0.247946 0.85493 0.96935 0.79467
3 8 -1 -0.00218833 -1 0.000181396 0.0086055 0.0283524 0.0418804 0.0307647 0.546498 0.593932
3 9 -1 -1 -1 0.0181259 0.0184025 0.123418 0.0250197 0.169628 0.150611 0.255651
4 0 1.48384 2.39115 2.29918 3.21914 3.70112 3.7164 -1 -1 -1 -1
4 1 0.985632 1.72637 2.43814 2.71694 3.25328 3.25567 3.15915 -1 -1 -1
4 2 0.95687 1.47212 1.36151 1.93194 2.68942 2.76535 2.8786 2.75905 -1 -1
4 3 0.70786 1.03649 1.33031 1.68373 2.34026 2.48988 2.25399 2.36493 2.18217 -1
4 4 0.361981 0.544508 0.394689 0.730812 1.93801 1.90542 2.03433 1.97224 1.60881 0.00944414
4 5 0.00849067 0.0771089 0.212391 0.0900449 0.272889 1.5567 1.46867 1.61032 1.4081 0.0670094
4 6 0.000537638 0.00160279 0.0121408 0.182073 0.076199 0.675085 1.25774 1.25456 1.17818 0.90913
4 7 0.000281927 0.0013383 0.00174197 0.0321822 0.053764 0.037622 0.146633 0.857978 0.928485 0.844197
4 8 -0.000643707 0.00848029 0.00851535 0.000974656 0.0281674 0.292767 0.0447531 0.502937 0.564745 0.603366
4 9 -1 0.114401 0.00889191 0.0182063 0.0276309 0.0361512 0.0741139 0.224187 0.197904 0.258946
5 0 1.70269 2.94013 2.77639 3.74877 3.72403 3.23991 -1 -1 -1 -1
5 1 1.4816 2.09037 2.82095 3.25427 3.23406 3.09655 -1 -1 -1 -1
5 2 1.05552 1.43997 1.93161 2.82468 2.83629 2.82066 2.82321 2.16828 -1 -1
5 3 1.10173 1.15254 1.27382 2.13669 2.3705 2.40575 2.48647 2.4444 -1 -1
5 4 0.675087 0.939047 1.12322 0.956571 1.96524 1.81427 2.12041 1.94469 1.43649 -1
5 5 0.179364 0.400238 0.598525 0.523622 0.529622 1.59103 1.68771 1.56141 1.40784 0.0185411
5 6 0.000858168 0.180084 0.154601 0.363095 1.09293 0.591288 1.23271 1.26638 1.18089 0.0153962
5 7 0.000396586 0.00138996 0.0342962 0.238501 0.121721 0.026178 0.916302 0.955329 0.943936 0.862604
5 8 -0.000274541 -0.000130272 0.344967 0.0454748 0.0982675 0.0346893 0.260376 0.563173 0.600558 0.623131
5 9 -1 0.00867455 0.00866506 0.0272126 0.0287593 0.235437 0.0782117 0.202469 0.246963 0.268031
6 0 2.58638 3.10937 3.77225 3.75062 -1 -1 -1 -1 -1 -1
6 1 1.65021 2.58501 2.99875 3.17545 2.88496 2.2008 -1 -1 -1 -1
6 2 1.46368 2.12854 2.63929 2.76591 2.67564 2.67336 -1 -1 -1 -1
6 3 0.955494 1.5304 2.46428 2.33955 2.29201 2.38329 2.27974 -1 -1 -1
6 4 0.978505 1.28277 1.97371 1.92992 2.07823 2.1144 1.9837 1.92311 -1 -1
6 5 0.607776 0.893367 1.56016 1.53567 1.6151 1.68568 1.67943 1.70939 1.5146 -1
6 6 0.199968 0.584206 0.428349 0.44515 0.507425 1.11625 1.21772 1.30587 1.13912 0.0191346
6 7 0.00114534 0.00814476 0.137511 0.670818 0.514837 0.311191 0.888852 0.894851 0.939085 0.660206
6 8 0.000766974 0.019192 0.0372065 0.0490695 0.0484252 0.0276911 0.10275 0.595682 0.654949 0.603233
6 9 0.191191 0.0183831 0.0196046 0.126575 0.101725 0.0380645 0.0292651 0.169032 0.256061 0.262459
7 0 3.41981 3.7741 3.77109 -1 -1 -1 -1 -1 -1 -1
7 1 1.9865 2.98969 3.0658 2.57467 -1 -1 -1 -1 -1 -1
7 2 1.712 2.62449 2.57918 2.81891 2.602 2.53242 -1 -1 -1 -1
7 3 1.55252 2.2705 2.30878 2.37556 2.34835 2.2603 -1 -1 -1 -1
7 4 0.971952 1.87545 1.98164 1.95915 2.06022 2.07025 1.97286 1.79377 -1 -1
7 5 0.952558 1.61703 1.67882 1.58031 1.68781 1.69554 1.67537 1.68889 -1 -1
7 6 0.730687 1.17222 1.25096 1.22976 1.29611 1.32459 1.4223 1.25686 1.32685 -3.18665e-05
7 7 0.23313 0.638959 0.85983 0.90621 0.961651 0.673374 1.00928 0.952236 0.985167 0.812586
7 8 0.0180936 0.0265865 0.199875 0.253941 0.223352 0.148804 0.604986 0.430458 0.57914 0.546243
7 9 0.012397 0.022324 0.0496095 0.104167 0.153094 0.169417 0.131382 0.0841535 0.150352 0.242853
8 0 3.77765 3.76989 -1 -1 -1 -1 -1 -1 -1 -1
8 1 3.0125 3.05404 2.89582 -1 -1 -1 -1 -1 -1 -1
8 2 2.44797 2.60673 2.21211 2.51836 -1 -1 -1 -1 -1 -1
8 3 2.30354 2.36343 2.0504 2.17194 2.00193 -1 -1 -1 -1 -1
8 4 1.96963 2.00669 1.87278 2.01835 1.77283 1.77224 -1 -1 -1 -1
8 5 1.59462 1.66698 1.53262 1.60791 1.66986 1.62019 1.41728 1.30974 -1 -1
8 6 1.24496 1.24257 1.22112 1.28823 1.26171 1.31032 1.23969 1.26466 0.988634 -1
8 7 0.853649 0.92128 0.939693 0.962618 0.948659 0.976164 0.998365 0.941886 0.974456 -1
8 8 0.562362 0.507549 0.58698 0.553671 0.596413 0.605195 0.630308 0.593807 0.658582 0.574411
8 9 0.0233399 0.0977589 0.252189 0.211793 0.0242072 0.185131 0.210276 0.231545 0.227298 0.267746
9 0 3.72175 -1 -1 -1 -1 -1 -1 -1 -1 -1
9 1 2.9896 0.00372203 -1 -1 -1 -1 -1 -1 -1 -1
9 2 0.863933 0.0142975 0.00933703 -1 -1 -1 -1 -1 -1 -1
9 3 1.08682 0.0197647 0.0142679 0.00581101 -1 -1 -1 -1 -1 -1
9 4 0.722633 0.0646975 0.0604706 0.00979227 -1 -1 -1 -1 -1 -1
9 5 1.54171 1.50452 0.54629 1.67441 0.0189801 1.58014 -1 -1 -1 -1
9 6 1.31756 1.25781 0.7703 1.17496 1.16473 1.30974 0.948755 -1 -1 -1
9 7 0.943969 0.931774 0.891306 0.96001 0.865854 0.843359 0.955411 0.835345 0.657666 -1
9 8 0.580369 0.602954 0.600881 0.604872 0.613366 0.608046 0.628189 0.604938 0.585882 0.392059
9 9 0.249674 0.242147 0.272005 0.273347 0.266591 0.274294 0.290746 0.290702 0.267475 0.265917

20000 813 3.78365 8 0 0 -1 0 0 0
0 0 0.491625 0.926824 1.37916 1.70774 2.27577 2.65208 2.9357 3.43953 3.7518 3.42763
0 1 0.0588454 0.471074 0.862139 1.22399 1.51518 2.00582 1.46549 2.78474 3.16622 1.53069
0 2 0.000571422 0.0224447 0.407296 0.833384 1.22432 1.48202 1.69362 1.71601 2.75784 0.216435
0 3 0.000927035 0.00814373 0.0309664 0.433251 0.873028 1.08094 1.37719 1.80364 1.83126 0.133864
0 4 0.000312318 0.000276994 0.0017764 0.00839886 0.345607 0.81891 1.0647 1.36743 1.95259 0.211733
0 5 -1 -1 0.0014914 0.00159986 0.00825761 0.230706 0.600737 0.959635 1.3493 0.210928
0 6 -1 0.000313216 0.0011096 0.00758751 0.00242758 0.0274054 0.0974469 0.560553 0.960044 1.20056
0 7 -1 -1 -0.000111801 0.000145047 0.00138954 0.00125903 0.00865981 0.34001 0.81279 0.882037
0 8 -1 -1 -1 -1 -0.000480265 0.276609 0.00851557 0.00864689 0.535955 0.455796
0 9 -1 -1 -1 -1 -1 0.0275746 0.0106308 0.00915266 0.0378031 0.224647
1 0 0.861567 1.32825 1.51984 2.06034 2.42632 2.58231 3.19732 3.77582 3.75115 -1
1 1 0.439127 0.646146 1.09017 1.64293 1.91776 2.25172 2.52917 3.08353 2.61332 0.0212624
1 2 0.0182975 0.228518 0.761718 1.26552 1.6361 1.83204 2.25845 2.72649 2.52409 0.0518318
1 3 0.000646115 0.00147757 0.100941 0.441616 1.38074 1.4958 1.90674 2.38369 2.18532 0.0682934
1 4 0.000184056 0.00111606 0.00179711 0.167497 0.348912 0.956224 1.32486 1.88945 1.95287 0.396936
1 5 -0.000625802 0.000433567 0.0017628 0.00179527 0.334943 0.340063 0.873264 1.36579 1.64232 0.105762
1 6 -0.00074188 0.000911359 0.00240206 0.00185084 0.00850213 0.120005 0.403002 0.886069 1.26877 0.209525
1 7 -1 0.000817925 0.000649724 0.00108089 0.00091317 0.766481 0.0380581 0.419629 0.956093 0.803748
1 8 -1 -1 -1 6.51722e-05 0.00027622 0.00119816 0.00867696 0.0415994 0.579419 0.557923
1 9 -1 -1 -1 -1 0.00852269 0.132945 0.0181772 0.0245207 0.0988124 0.226041
2 0 1.22621 1.64388 2.00698 2.23162 2.65592 3.16693 3.76295 3.77008 -1 -1
2 1 0.688304 1.09459 1.58285 2.04434 2.2431 2.67889 3.16429 3.18868 0.00322148 0.00340913
2 2 0.395839 0.643258 1.28275 1.70808 1.94977 2.25462 2.86495 2.75057 0.124703 0.0417866
2 3 0.0086254 0.152315 0.286209 0.808604 1.35342 1.79051 2.43901 2.45805 1.53227 0.0207955
2 4 0.000406299 0.00115465 0.293792 0.291603 0.351899 1.25078 1.57129 1.97699 1.85867 0.0289689
2 5 0.000310966 0.00128712 0.00809385 0.0930766 0.0750825 1.04335 1.03079 1.56251 1.68041 0.192306
2 6 0.000568882 0.00133416 0.00208326 0.00189603 0.0182289 0.282975 0.499568 1.12972 1.27936 0.869717
2 7 -1 0.000820428 0.001447 0.00151346 0.00118688 0.00862241 0.077981 0.580396 0.900573 0.795402
2 8 -1 -1 -1 0.00033602 0.000376728 0.0181652 0.0322351 0.226356 0.618999 0.578084
2 9 -1 -1 -1 -1 0.00898256 0.200463 0.190895 0.0934882 0.1821 0.262609
3 0 1.67597 1.95557 2.58747 2.77167 3.01201 3.72857 3.74677 -1 -1 -1
3 1 0.837988 1.40675 1.98312 2.13262 2.85285 3.23577 3.27491 2.96981 -1 -1
3 2 0.65469 0.909747 1.08118 2.0624 2.32273 2.88109 2.87783 2.4035 2.52853 -1
3 3 0.386876 0.614903 0.595314 1.2131 1.47219 2.3122 2.26256 2.25018 2.07441 0.0110804
3 4 0.21045 0.231547 0.230924 0.414157 0.734262 2.02149 2.06964 2.04779 1.80103 0.010318
3 5 0.00103956 0.00139094 0.458226 0.0606843 0.612679 0.829048 1.59953 1.72371 1.64668 0.249124
3 6 0.000142348 0.00157117 0.00835136 0.0126434 0.279531 0.0965123 1.05739 1.29572 1.30359 0.923695
3 7 0.000116734 0.0011043 0.00147368 0.0181864 0.0277558 0.0390445 0.449368 0.85493 0.96935 0.79467
3 8 -0.000104179 -0.000651515 0.00944607 0.000181396 0.0180283 0.545567 0.0522572 0.401779 0.614577 0.619004
3 9 -1 -1 -1 0.0181259 0.0265023 0.123418 0.0250197 0.169628 0.150611 0.278354
4 0 2.04095 2.39115 2.37666 3.21914 3.73611 3.7164 0.911235 -1 -1 -1
4 1 0.985632 1.82783 2.43814 2.71694 3.25328 3.25567 3.15915 -1 -1 -1
4 2 1.08976 1.47212 1.43208 1.96032 2.68942 2.76535 2.8786 2.75905 -1 -1
4 3 0.771695 1.03649 1.33031 1.68373 2.34026 2.48988 2.43354 2.36493 2.18217 -1
4 4 0.361981 0.766532 0.746493 1.62858 1.93801 1.90542 2.03433 1.97224 1.60881 0.0148632
4 5 0.00849067 0.0771089 0.212391 0.111526 0.844206 1.60134 1.52838 1.61032 1.4081 0.0670094
4 6 0.000537638 0.00160279 0.035287 0.280921 0.333792 1.11233 1.33875 1.27707 1.29852 1.05411
4 7 0.000411931 0.0013383 0.00850562 0.0321822 0.053764 0.037622 0.551236 0.918418 0.949557 0.844197
4 8 -0.000436917 0.00848029 0.00851535 0.00854803 0.0281674 0.31876 0.42592 0.578238 0.584871 0.603366
4 9 -1 0.114401 0.00889191 0.0182063 0.0276309 0.0361512 0.0873457 0.224187 0.273967 0.258946
5 0 2.08636 2.94013 2.93945 3.74877 3.72403 3.23991 -1 -1 -1 -1
5 1 1.65532 2.09037 2.82095 3.25427 3.23406 3.09655 2.57577 -1 -1 -1
5 2 1.25513 1.63193 1.94153 2.82468 2.84914 2.86342 2.82321 2.16828 -1 -1
5 3 1.10173 1.30109 1.27382 2.38629 2.3705 2.4904 2.49175 2.4444 -1 -1
5 4 0.701804 0.962192 1.12322 0.984147 1.96524 2.01973 2.12041 1.94469 1.9752 -1
5 5 0.240176 0.526679 0.598525 0.584346 1.63758 1.63538 1.68771 1.56768 1.40784 0.0185411
5 6 0.000858168 0.202856 0.154601 0.363095 1.09293 0.591288 1.23271 1.32314 1.18728 0.0153962
5 7 0.000573777 0.00138996 0.0342962 0.432288 0.121721 0.47428 0.916302 0.955329 0.943936 0.862604
5 8 1.67639e-05 0.00053426 0.344967 0.0454748 0.195308 0.0346893 0.260376 0.563173 0.600558 0.640763
5 9 -1 0.00867455 0.00866506 0.0272126 0.0287593 0.235437 0.0782117 0.202469 0.246963 0.268031
6 0 2.61607 3.26636 3.77225 3.75062 -1 -1 -1 -1 -1 -1
6 1 1.65021 2.69705 3.07057 3.17545 3.01147 2.49297 -1 -1 -1 -1
6 2 1.46368 2.12854 2.63929 2.8033 2.72313 2.67336 -1 -1 -1 -1
6 3 1.10674 1.5304 2.46428 2.33955 2.39515 2.49959 2.42373 -1 -1 -1
6 4 0.978505 1.28277 1.99447 1.92992 2.07823 2.1144 2.03469 2.03109 -1 -1
6 5 0.607776 0.893367 1.56016 1.60053 1.6151 1.68568 1.67943 1.70939 1.5146 -1
6 6 0.199968 0.584206 0.428349 0.63832 0.643011 1.11625 1.21772 1.30587 1.18432 0.0191346
6 7 0.00114534 0.0155007 0.141042 0.670818 0.514837 0.311191 0.888852 0.894851 0.939085 0.660206
6 8 0.000766974 0.019192 0.374031 0.0490695 0.124674 0.318276 0.516939 0.595682 0.654949 0.603233
6 9 0.191191 0.0183831 0.0221689 0.126575 0.101725 0.0380645 0.0937221 0.201538 0.256061 0.262459
7 0 3.41981 3.77708 3.77759 -1 -1 -1 -1 -1 -1 -1
7 1 1.9865 3.03697 3.0658 2.74556 -1 -1 -1 -1 -1 -1
7 2 1.712 2.62449 2.66383 2.81891 2.602 2.53242 -1 -1 -1 -1
7 3 1.58989 2.2705 2.32855 2.37556 2.34835 2.2603 -1 -1 -1 -1
7 4 1.29695 1.87545 2.01368 1.95915 2.0838 2.09032 2.05178 1.79377 -1 -1
7 5 0.952558 1.61703 1.704 1.63316 1.68781 1.69554 1.73906 1.68889 -1 -1
7 6 0.730687 1.17222 1.25096 1.28272 1.29611 1.32459 1.4223 1.33317 1.32685 -3.18665e-05
7 7 0.23313 0.638959 0.85983 0.90621 0.961651 0.812695 1.00928 0.9583 0.985167 0.851547
7 8 0.0474529 0.0279897 0.199875 0.32551 0.410834 0.148804 0.604986 0.570228 0.580303 0.546243
7 9 0.0661234 0.0851831 0.0496095 0.18686 0.185517 0.169417 0.131382 0.229553 0.237593 0.277337
8 0 3.78365 3.76989 -1 -1 -1 -1 -1 -1 -1 -1
8 1 3.0125 3.08352 2.89582 -1 -1 -1 -1 -1 -1 -1
8 2 2.58929 2.68067 2.45927 2.51836 -1 -1 -1 -1 -1 -1
8 3 2.30354 2.36343 2.42144 2.1996 2.39869 -1 -1 -1 -1 -1
8 4 2.01805 2.04499 2.03673 2.04019 1.89383 1.77224 -1 -1 -1 -1
8 5 1.61269 1.66698 1.53262 1.60791 1.73144 1.62019 1.41728 1.30974 -1 -1
8 6 1.24496 1.34163 1.22735 1.28823 1.26171 1.36947 1.32597 1.26466 0.988634 -1
8 7 0.855148 0.92128 0.939693 0.962618 0.948659 0.990624 1.00733 0.989193 0.974456 0.000143085
8 8 0.562362 0.507549 0.58698 0.575372 0.596413 0.605195 0.630308 0.63038 0.658582 0.574411
8 9 0.0233399 0.0977589 0.252189 0.211793 0.0515305 0.185131 0.230358 0.237716 0.227298 0.270092
9 0 3.72175 -1 -1 -1 -1 -1 -1 -1 -1 -1
9 1 2.9896 0.00414466 -1 -1 -1 -1 -1 -1 -1 -1
9 2 0.863933 0.0142975 0.00933703 -1 -1 -1 -1 -1 -1 -1
9 3 1.08682 0.028873 0.0197627 0.00581101 -1 -1 -1 -1 -1 -1
9 4 0.722633 0.0646975 0.413806 0.00979227 -1 -1 -1 -1 -1 -1
9 5 1.56042 1.50452 0.54629 1.67441 1.34766 1.58014 -1 -1 -1 -1
9 6 1.31756 1.25781 1.33203 1.17496 1.16473 1.31613 1.28168 -1 -1 -1
9 7 0.958252 0.931774 0.935636 0.96001 0.916893 0.879174 0.955411 0.835345 0.657666 -1
9 8 0.580369 0.602954 0.639419 0.604872 0.613366 0.608046 0.628189 0.617835 0.585882 0.392059
9 9 0.249674 0.242147 0.272005 0.273347 0.266591 0.281374 0.290746 0.290702 0.267475 0.265917

