0 20 0.0241463 8 8 1 -1 0 0 0
0 0 -1 -1 -1 -1 -1 -1 -1 -1 -1 -1
0 1 -1 -1 -1 -1 -1 -1 -1 -1 -1 -1
0 2 -1 -1 -1 -1 -1 -1 -1 -1 -1 -1
0 3 -1 -1 -1 -1 -1 -1 -1 -1 -1 -1
0 4 -1 -1 -1 -1 -1 -1 -1 -1 -1 -1
0 5 -1 -1 -1 -1 -1 -1 -1 -1 -1 0.00624537
0 6 -1 -1 -1 -1 -1 -1 -1 -1 -1 0.00478777
0 7 -1 -1 -1 -1 -1 -1 -1 -1 -1 -1
0 8 -1 -1 -1 -1 -1 -1 -1 -1 -1 0.0184731
0 9 -1 -1 -1 -1 -1 -1 -1 -1 -1 -1
1 0 -1 -1 -1 -1 -1 -1 -1 -1 -1 -1
1 1 -1 -1 -1 -1 -1 -1 -1 -1 -1 -1
1 2 -1 -1 -1 -1 -1 -1 -1 -1 -1 -1
1 3 -1 -1 -1 -1 -1 -1 -1 -1 -1 -1
1 4 -1 -1 -1 -1 -1 -1 -1 -1 0.0152605 -1
1 5 -1 -1 -1 -1 -1 -1 -1 -1 -1 -1
1 6 -1 -1 -1 -1 -1 -1 -1 -1 -1 -1
1 7 -1 -1 -1 -1 -1 -1 -1 -1 -1 -1
1 8 -1 -1 -1 -1 -1 -1 -1 -1 -1 -1
1 9 -1 -1 -1 -1 -1 -1 -1 -1 -1 0.00234673
2 0 -1 -1 -1 -1 -1 -1 -1 -1 -1 -1
2 1 -1 -1 -1 -1 -1 -1 -1 -1 -1 -1
2 2 -1 -1 -1 -1 -1 -1 -1 -1 -1 -1
2 3 -1 -1 -1 -1 0.00128156 -1 -1 -1 -1 -1
2 4 -1 -1 -1 -1 -1 -1 -1 -1 -1 -1
2 5 -1 -1 -1 -1 -1 -0.000118835 -1 -1 -1 -1
2 6 -1 -1 -1 -1 -1 -1 -1 -1 -1 -1
2 7 -1 -1 -1 -1 -1 -1 -1 -1 -1 -1
2 8 -1 -1 -1 -1 -1 -1 -1 -1 -1 -1
2 9 -1 -1 -1 -1 -1 -1 -1 -1 -1 -1
3 0 -1 -1 -1 -1 -1 -1 -1 -1 -1 -1
3 1 -1 -1 -1 -1 -1 -1 -1 -1 -1 -1
3 2 -1 -1 -1 -1 -1 -1 -1 -1 -1 -1
3 3 -1 -1 -1 -1 -1 -1 -1 -1 -1 -1
3 4 -1 -1 -1 -1 0.00077004 0.000105459 -1 -1 -1 -1
3 5 -1 -1 -1 -1 -1 -1 -1 -1 -1 -1
3 6 -1 -1 -1 -1 -1 -1 -1 -1 -1 -1
3 7 -1 -1 -1 -1 -1 -1 -1 -1 -1 -1
3 8 -1 -1 -1 -1 -1 -1 -1 -1 -1 -1
3 9 -1 -1 -1 -1 -1 -1 -1 -1 -1 -1
4 0 -1 -1 -1 -1 -1 -1 -1 -1 -1 -1
4 1 -1 -1 -1 -1 -1 -1 -1 -1 -1 -1
4 2 -1 -1 -1 -1 -1 -1 -1 -1 -1 -1
4 3 -1 -1 -1 -1 -1 -1 -1 -1 -1 -1
4 4 -1 -1 -1 0.000809089 -1 -1 -1 -1 -1 -1
4 5 -1 -1 -1 -1 -1 -1 -1 -1 -1 -1
4 6 -1 -1 -1 -1 -1 -1 -1 -1 -1 -1
4 7 -1 -1 -1 -1 -1 -1 -1 -1 -1 -1
4 8 -1 -1 -1 -1 -1 -1 -1 -1 -1 -1
4 9 -1 -1 -1 -1 -1 -1 -1 -1 -1 -1
5 0 -1 -1 -1 -1 -1 -1 -1 -1 -1 -1
5 1 -1 -1 -1 -1 -1 -1 -1 -1 -1 -1
5 2 -1 -1 -1 -1 -1 -1 -1 -1 -1 -1
5 3 -1 -1 -1 -1 -1 -1 -1 -1 -1 -1
5 4 -1 -1 -1 -0.00036735 -1 -1 -1 -1 -1 -1
5 5 -1 -1 -1 -1 -1 -1 -1 -1 -1 -1
5 6 -1 -1 -1 -1 -1 -1 -1 -1 -1 -1
5 7 -1 -1 -1 -1 -1 -1 -1 -1 -1 -1
5 8 -1 -1 -1 -1 -1 -1 -1 -1 -1 -1
5 9 -1 -1 -1 -1 -1 -1 -1 -1 -1 -1
6 0 -1 -1 -1 -1 -1 -1 -1 -1 -1 -1
6 1 -1 -1 -1 -1 -1 -1 -1 -1 -1 -1
6 2 -1 -1 -1 -1 -1 -1 -1 -1 -1 -1
6 3 -1 -1 -1 -1 -1 -1 -1 -1 -1 -1
6 4 -1 -1 -1 -1 -1 -1 -1 -1 -1 -1
6 5 -1 -1 -1 -1 -1 -1 -1 -1 -1 -1
6 6 -1 -1 -1 -1 0.000973586 0.000755143 -1 -1 -1 -1
6 7 -1 -1 -1 -1 -1 -1 -1 -1 -1 -1
6 8 -1 -1 -1 -1 -1 -1 -1 -1 -1 -1
6 9 -1 -1 -1 -1 -1 -1 -1 -1 -1 -1
7 0 -1 -1 -1 -1 -1 -1 -1 -1 -1 -1
7 1 -1 -1 -1 -1 -1 -1 -1 -1 -1 -1
7 2 -1 -1 -1 -1 -1 -1 -1 -1 -1 -1
7 3 -1 -1 -1 -1 -1 -1 -1 -1 -1 -1
7 4 -1 -1 -1 -1 -1 -1 -1 -1 -1 -1
7 5 -1 -1 -1 -1 -1 -1 -1 -1 -1 -1
7 6 -1 -1 -1 -1 -1 -1 -1 -1 -1 -1
7 7 -1 -1 -1 -1 -1 -1 -1 -1 -1 -1
7 8 -1 -1 -1 -1 -1 -1 -1 -1 -1 -1
7 9 -1 -1 -1 -1 -1 -1 -1 -1 -1 -1
8 0 -1 -1 -1 -1 -1 -1 -1 -1 -1 -1
8 1 -1 -1 -1 -1 -1 -1 -1 -1 -1 -1
8 2 -1 -1 -1 -1 -1 -1 -1 -1 -1 -1
8 3 -1 -1 -1 -1 -1 -1 -1 -1 -1 -1
8 4 -1 -1 -1 -1 -1 -1 -1 -1 -1 -1
8 5 -1 -1 -1 -1 -1 -1 -1 -1 -1 -1
8 6 -1 -1 -1 -1 -1 -1 -1 -1 -1 -1
8 7 -1 -1 -1 -1 -1 -1 -1 -1 -1 -1
8 8 -1 0.0241463 -1 -1 -1 -1 -1 -1 -1 -1
8 9 -1 -1 0.00665153 -1 -1 -1 -1 -1 -1 0.00500366
9 0 -1 -1 -1 -1 -1 -1 -1 -1 -1 -1
9 1 -1 -1 -1 -1 -1 -1 -1 -1 -1 -1
9 2 -1 -1 -1 -1 -1 -1 -1 -1 -1 -1
9 3 -1 -1 -1 -1 -1 -1 -1 -1 -1 -1
9 4 -1 -1 -1 -1 -1 -1 -1 -1 -1 -1
9 5 -1 -1 -1 -1 -1 -1 -1 -1 -1 -1
9 6 -1 -1 -1 -1 -1 -1 -1 -1 -1 -1
9 7 -1 -1 -1 -1 -1 -1 -1 -1 -1 -1
9 8 0.0121882 -1 -1 -1 -1 -1 -1 -1 -1 -1
9 9 0.00393131 0.0065423 -1 0.0023774 -1 -1 -1 -1 -1 -1

5000 784 3.74514 6 0 2 -1 0 0 0
0 0 0.352738 0.801991 1.33511 1.33271 1.73151 1.70895 2.39998 3.54048 3.66453 1.55997
0 1 0.0219428 0.179274 0.546287 0.952443 1.49719 1.26586 1.62309 2.42471 2.42028 0.972306
0 2 0.000851313 0.00841919 0.328699 0.579598 0.898607 1.4886 1.60797 1.33014 1.43453 0.81266
0 3 -1 0.000245567 0.00654012 0.158041 0.282804 0.991338 1.28739 1.23208 1.85358 0.0656285
0 4 -1 0.000782127 0.000956487 0.00385941 0.156115 0.175398 0.743795 0.654347 1.34844 0.0661994
0 5 -1 0.000515065 0.00104416 0.00125136 0.00274459 0.10388 0.343462 0.458723 0.816096 0.356183
0 6 -1 0.000111907 0.00142559 3.79759e-05 8.84978e-05 0.000812216 0.154992 0.0291235 0.543904 0.722243
0 7 -1 0.00049189 -1 -1 0.00142646 0.000327396 0.000954477 0.0186554 0.296087 0.631648
0 8 -1 -1 -1 -1 -1 0.000165229 0.00074202 0.00149614 0.0323412 0.228307
0 9 -1 -1 -1 -1 -1 -1 -1 0.00863926 0.0183961 0.123987
1 0 0.664945 1.12635 1.46279 1.77588 2.36187 2.57102 3.34657 3.70118 3.68469 -1
1 1 0.428697 0.457675 0.893006 1.34489 1.76726 2.00905 2.37211 2.92865 0.0254452 0.00459079
1 2 0.00395262 0.0700285 0.217809 1.05847 1.49173 1.46608 1.97164 2.4984 2.30601 0.00443487
1 3 -1 0.000547501 0.0634714 0.126534 0.5677 1.1665 1.39816 2.21872 2.12821 0.00912916
1 4 -1 0.000831434 0.00116098 0.00885635 0.349853 0.76364 1.04013 1.90235 1.68038 0.0314142
1 5 -1 0.00044914 0.00790117 0.00273928 0.00264256 0.106481 0.704252 1.21547 1.51668 0.0185855
1 6 -1 0.000887718 0.00123948 0.00128557 0.00855597 0.00856986 0.351218 0.235107 1.18418 0.0289997
1 7 -1 -0.000365835 0.000169189 0.000235247 0.00046814 0.00156715 0.0181524 0.0361044 0.870663 0.612562
1 8 -1 -1 -1 -0.000169626 -0.000604944 0.000216388 0.00055327 0.0262117 0.258125 0.535731
1 9 -1 -1 -1 0.00867782 -1 -1 0.00983062 0.0111268 0.0241325 0.235979
2 0 1.01158 1.41258 1.79578 2.04312 2.56582 2.84623 3.7082 3.68826 -1 -1
2 1 0.523132 0.944528 1.00818 1.67309 1.87924 2.52077 3.05344 2.84633 0.00623952 -1
2 2 0.265183 0.506114 0.383821 0.921746 1.26133 1.65462 2.6481 2.71971 0.00935 0.00475968
2 3 0.000574945 0.0630019 0.175085 0.187913 0.617804 0.632046 2.11796 2.2891 0.013472 0.0115692
2 4 -0.00058733 0.000554334 0.0747342 0.117811 0.151283 0.818854 0.934837 1.92785 1.53196 0.0113678
2 5 -1 0.00103396 0.00154822 0.00149324 0.0103251 0.144033 0.781862 1.07156 1.35846 0.0151163
2 6 -0.000816697 0.000815629 0.0016359 0.0014431 0.011581 0.0168812 0.316146 0.351546 1.11022 0.875529
2 7 -1 0.000256802 0.000817423 0.000135492 0.00148045 0.0106726 0.0517465 0.0527083 0.714449 0.716701
2 8 -1 -1 -1 -1 -0.000308687 0.000893201 0.0199838 0.0420007 0.237551 0.335397
2 9 -1 -1 -1 -1 0.00856268 -4.08228e-05 0.0181636 0.0234789 0.0354984 0.210515
3 0 1.17753 1.54731 2.00913 2.25483 3.06267 3.69996 3.68254 -1 -1 -1
3 1 0.737644 0.980789 1.42267 1.93298 2.27448 3.10188 3.06797 2.48781 -1 -1
3 2 0.712745 0.72487 0.718084 1.04731 1.55675 2.14361 2.75833 2.03941 0.00384857 -1
3 3 0.136375 0.299309 0.401142 0.40122 0.812859 1.34306 2.11961 2.1202 0.0103143 0.0130437
3 4 0.000212755 0.0179492 0.0193967 0.180319 0.81842 0.793943 1.81228 1.92452 0.0141634 0.00480117
3 5 0.000610594 0.00104668 0.00614007 0.011609 0.687699 0.443312 1.32198 1.49178 1.52242 0.00392728
3 6 0.000528935 0.00125006 0.0017635 0.00727943 0.00890227 0.143508 0.142555 0.068166 1.05194 0.0136188
3 7 0.000444204 0.000735895 0.000871992 0.000808736 0.00100584 0.0184203 0.0331542 0.343144 0.934692 0.041811
3 8 -1 -1 -0.000536379 -0.000245017 0.00864299 0.0289897 0.0307178 0.110788 0.202979 0.581171
3 9 -1 -1 0.00859885 -1 0.000353616 0.0183619 0.0381902 0.0252458 0.0265957 0.210591
4 0 1.55363 1.69991 2.18615 3.09787 3.66629 3.66386 0.294897 -1 -1 -1
4 1 1.08035 1.35511 1.86064 1.98742 2.9688 3.1475 2.73879 -1 -1 -1
4 2 0.734822 1.1517 1.21462 1.41885 2.2712 2.23195 2.47189 -1 -1 -1
4 3 0.499659 0.872958 0.521659 0.86963 1.95188 1.73294 2.3754 2.28505 1.77966 -1
4 4 0.205537 0.29195 0.482774 1.27952 0.738318 0.738239 1.00339 2.0314 0.0117328 0.000266904
4 5 0.00821469 0.00809151 0.543951 0.119996 0.572589 0.520783 0.777825 0.0672811 1.47311 0.00370073
4 6 6.51161e-05 0.00109373 0.00193047 0.00872579 0.0295497 0.0356476 0.189673 0.981316 1.10072 0.0229996
4 7 -0.000233268 0.00139916 0.00160333 0.00126888 0.0286466 0.035817 0.0248359 0.102015 0.793539 0.650711
4 8 0.000102005 0.000534409 -0.000283156 0.000263858 0.0362769 0.0497722 0.0344756 0.0546482 0.554789 0.613372
4 9 -1 -1 0.0089988 0.0088089 0.0182682 0.0282408 0.024723 0.0188218 0.0192754 0.211017
5 0 1.48915 2.22421 2.54442 3.67729 3.68619 0.520028 -1 -1 -1 -1
5 1 1.25798 1.70014 2.19802 3.07402 3.16337 2.96501 -1 -1 -1 -1
5 2 1.12608 1.31778 1.7519 2.70056 2.67669 2.68941 2.55506 -1 -1 -1
5 3 1.00365 1.04471 1.16155 2.05246 2.19854 1.69923 2.07473 0.00479987 -1 -1
5 4 0.519496 0.807761 0.622014 0.864998 1.15522 1.02917 1.41593 1.28209 0.000538502 -1
5 5 0.122651 0.408287 0.346306 0.435232 0.485766 0.409131 0.990248 1.50231 1.38852 0.0249459
5 6 0.00851073 0.00811471 0.106542 0.122793 0.159525 0.181664 0.489205 0.914791 1.06447 0.0117136
5 7 0.000676685 0.00200146 0.0129021 0.0305446 0.0316811 0.0248753 0.134023 0.481297 0.892104 0.642348
5 8 -0.000665941 0.000364404 0.00854081 0.0318899 0.0502727 0.0282002 0.0309537 0.0387476 0.24987 0.507254
5 9 -1 -1 0.0086781 0.0198529 0.0246045 0.026455 0.0345997 0.023377 0.0215628 0.223688
6 0 1.65906 3.06982 3.74514 3.71223 -1 -1 -1 -1 -1 -1
6 1 1.27393 1.63783 2.87636 3.0761 2.60182 -1 -1 -1 -1 -1
6 2 0.90531 1.67321 2.50088 2.62421 2.33396 2.1716 -1 -1 -1 -1
6 3 0.931951 1.44709 2.3918 2.31891 2.16484 2.15189 2.16484 -1 -1 -1
6 4 0.844166 1.19353 1.86478 1.95144 1.94976 1.95257 1.86934 1.4223 -1 -1
6 5 0.829163 0.321752 0.962853 0.562502 0.769226 0.995852 0.947424 1.60021 0.00516005 -1
6 6 0.0671072 0.0911222 0.4133 0.358867 0.257618 0.390194 0.558379 0.975019 0.995056 1.02322
6 7 0.0180879 0.00127852 0.0334285 0.0540563 0.0511082 0.0816936 0.122797 0.199506 0.957709 0.641393
6 8 0.000611987 0.0089043 0.0296014 0.0435258 0.0264998 0.0240675 0.03117 0.0396417 0.181532 0.54514
6 9 -1 0.0101675 0.0230425 0.0329788 0.0207094 0.03049 0.0167821 0.0229632 0.0171691 0.225561
7 0 3.34055 3.65538 3.65932 -1 -1 -1 -1 -1 -1 -1
7 1 1.98835 2.75249 2.82159 2.53568 -1 -1 -1 -1 -1 -1
7 2 1.40354 2.42546 2.39009 2.51283 2.22484 -1 -1 -1 -1 -1
7 3 1.36409 2.12849 2.23589 2.01986 2.05849 2.01796 -1 -1 -1 -1
7 4 1.25765 1.80056 2.08746 1.5541 1.9741 1.85694 1.57881 -1 -1 -1
7 5 0.762104 1.5075 1.56115 0.202533 1.06265 1.22587 1.61533 1.00015 -1 -1
7 6 0.660747 0.533455 0.833372 1.09634 1.01673 1.15569 0.853353 1.22032 0.007229 -1
7 7 0.0463987 0.331278 0.325525 0.126614 0.0245889 0.828871 0.449928 0.650584 0.707201 0.679557
7 8 0.0105194 0.0281858 0.0334249 0.0341789 0.0343123 0.0257019 0.249975 0.0302834 0.28586 0.596405
7 9 0.00863749 0.02804 0.0314045 0.035622 0.0365382 0.0235199 0.0168907 0.0175773 0.0156706 0.240061
8 0 3.55072 3.33126 -1 -1 -1 -1 -1 -1 -1 -1
8 1 2.51882 0.0187203 -1 -1 -1 -1 -1 -1 -1 -1
8 2 1.60657 2.169 0.0672205 0.002987 -1 -1 -1 -1 -1 -1
8 3 1.8316 2.11414 0.010787 1.88607 2.06007 -1 -1 -1 -1 -1
8 4 1.53672 1.77638 1.7422 1.76196 1.71164 1.71365 -1 -1 -1 -1
8 5 1.43545 1.50777 1.4171 1.49318 1.5404 1.48319 1.34802 -1 -1 -1
8 6 1.17165 1.23382 1.20605 1.18336 1.20026 1.15659 1.17887 1.13595 -1 -1
8 7 0.86591 0.877051 0.841792 0.868691 0.977631 0.902133 0.85845 0.852317 0.954502 0.00424553
8 8 0.0600672 0.358492 0.196073 0.479103 0.586168 0.535127 0.406494 0.472991 0.475209 0.105478
8 9 0.0217933 0.0890483 0.0329721 0.0201906 0.0198491 0.0315857 0.0779185 0.0496102 0.0854496 0.25125
9 0 2.3102 -1 -1 -1 -1 -1 -1 -1 -1 -1
9 1 0.194522 0.0103479 -1 -1 -1 -1 -1 -1 -1 -1
9 2 0.524592 0.00612381 0.0108265 -1 -1 -1 -1 -1 -1 -1
9 3 0.531775 0.00168727 0.0173664 0.00420382 -1 -1 -1 -1 -1 -1
9 4 0.779052 0.0183097 0.1031 0.00455104 -1 -1 -1 -1 -1 -1
9 5 0.332365 0.209533 0.020902 0.0647139 0.00431335 0.0118076 -1 -1 -1 -1
9 6 1.0607 0.559644 0.936083 0.919564 0.00661492 0.0433749 0.00695936 -1 -1 -1
9 7 0.806416 0.795598 0.827764 0.804436 0.774942 0.859623 0.796664 0.817952 -1 -1
9 8 0.52791 0.473987 0.507605 0.560461 0.526577 0.530097 0.628385 0.537558 0.52707 0.000182331
9 9 0.131696 0.220144 0.219885 0.229735 0.25668 0.249347 0.239498 0.249067 0.229447 0.173895

10000 799 3.76788 6 0 2 -1 0 0 0
0 0 0.530508 0.951155 1.33511 1.56116 2.23041 2.37728 2.39998 3.54058 3.73079 1.78685
0 1 0.0219428 0.363356 0.829993 1.08135 1.49719 1.78873 1.91552 2.42471 2.42028 1.48431
0 2 0.000851313 0.00841919 0.328699 0.707072 1.17949 1.4886 1.60797 1.84738 1.61907 0.81266
0 3 -1 0.000285156 0.0100524 0.238994 0.604993 1.0035 1.28739 1.69592 1.93069 0.0656285
0 4 -1 0.000782127 0.00106326 0.00488138 0.245149 0.7941 0.901266 1.50021 1.51558 0.0661994
0 5 -1 0.000515065 0.00196187 0.00125136 0.00274459 0.219991 0.343462 1.04022 1.42429 0.356183
0 6 -1 0.000111907 0.00142559 0.00145127 0.000904464 0.000812216 0.154992 0.350968 1.07695 0.941604
0 7 -1 0.00049189 -1 -1 0.00142646 0.000853562 0.00862095 0.123201 0.708293 0.791492
0 8 -1 -1 -1 -1 -1 0.000197423 0.00074202 0.0047088 0.0730813 0.486957
0 9 -1 -1 -1 -1 -1 -1 0.00035171 0.00863926 0.0193837 0.184998
1 0 0.664945 1.12635 1.54536 1.84687 2.46964 2.73535 3.34657 3.71071 3.6951 -1
1 1 0.428697 0.593343 1.00286 1.41433 1.76726 2.00905 2.53216 2.92865 0.234798 0.0106966
1 2 0.011312 0.0700285 0.308504 1.07806 1.49173 1.85434 1.97164 2.49916 2.35792 0.00889067
1 3 -0.000281079 0.00103135 0.0634714 0.285795 0.745373 1.24264 1.62697 2.21872 2.15914 0.00912916
1 4 7.00212e-05 0.000831434 0.00129545 0.00981957 0.349853 0.76364 1.23973 1.90235 2.00702 0.0314142
1 5 5.65869e-05 0.000707862 0.00790117 0.00273928 0.00864534 0.30964 0.704252 1.60025 1.60913 0.0197503
1 6 -1 0.000887718 0.00182972 0.00168821 0.00856502 0.251498 0.351218 0.973343 1.31945 0.155048
1 7 -1 0.000168676 0.000169189 0.000235247 0.000963598 0.00278093 0.0181524 0.168846 0.890637 0.813597
1 8 -1 -1 -1 -0.000169626 6.49302e-05 0.000685418 0.0019697 0.0419889 0.258125 0.561866
1 9 -1 -1 -1 0.00867782 -1 -1 0.00983062 0.0182677 0.0267769 0.235979
2 0 1.01158 1.43013 1.79578 2.10106 2.61212 3.01264 3.7082 3.6935 -1 -1
2 1 0.553575 0.944528 1.41583 1.67309 2.09176 2.58854 3.05344 2.8547 0.00827172 -1
2 2 0.280302 0.543163 0.981446 0.921746 1.76425 2.14375 2.79576 2.78119 0.10172 0.00475968
2 3 0.0080022 0.065599 0.248693 0.494746 0.943662 1.47598 2.35613 2.4221 0.702892 0.0115692
2 4 0.000363918 0.00101621 0.0747342 0.271066 0.528743 0.973288 2.02148 2.01842 1.80165 0.0607729
2 5 -1 0.0012151 0.00154822 0.00851971 0.0606363 0.37109 0.781862 1.619 1.55111 0.0151163
2 6 -0.000532831 0.00171821 0.00301481 0.00164803 0.011581 0.256942 0.462414 1.29502 1.30728 0.875529
2 7 -1 0.000472727 0.000817423 0.00167302 0.00148045 0.052149 0.0517465 0.516497 0.908759 0.8796
2 8 -1 -1 -1 -1 -0.000308687 0.000893201 0.0214179 0.13698 0.249279 0.600946
2 9 -1 -1 -1 -1 0.00856268 0.00852545 0.0181636 0.03384 0.0354984 0.23255
3 0 1.22792 1.54731 2.00913 2.46417 3.21281 3.69996 3.70301 -1 -1 -1
3 1 0.785915 1.28231 1.43456 1.93298 2.58718 3.17505 3.1299 2.66942 -1 -1
3 2 0.712745 0.869084 1.04848 1.42996 1.56537 2.91819 2.76571 2.54531 0.00384857 -1
3 3 0.268722 0.589806 0.494966 0.847783 0.972545 2.24295 2.36687 2.22983 2.12283 0.0130437
3 4 0.000382471 0.0179492 0.203858 0.523881 1.08845 1.03038 1.81228 1.92452 0.0163149 0.00959345
3 5 0.000610594 0.00908449 0.0257028 0.275657 0.76479 0.763084 1.32198 1.56401 1.57897 0.0164097
3 6 0.000528935 0.00126536 0.0019585 0.00800889 0.334092 0.226029 0.311228 1.3098 1.25463 0.918701
3 7 0.000444204 0.000735895 0.00114547 0.000994224 0.0216331 0.0236517 0.0477372 0.706435 0.934692 0.873656
3 8 -1 -0.000152286 -0.000536379 -0.000245017 0.00864299 0.0308412 0.0751985 0.219088 0.590747 0.581171
3 9 -1 -1 0.00859885 0.00852954 0.00865994 0.0183619 0.0381902 0.0252458 0.03673 0.228046
4 0 1.62939 1.73592 2.22579 3.09787 3.68232 3.6944 2.89196 -1 -1 -1
4 1 1.11929 1.40885 1.9311 2.21847 3.15976 3.1475 2.87286 -1 -1 -1
4 2 0.872781 1.25545 1.21462 1.80991 2.2712 2.78914 2.69442 2.55527 -1 -1
4 3 0.617873 0.872958 1.37419 1.09582 1.95188 1.73294 2.40325 2.32159 2.17048 -1
4 4 0.310419 0.299711 0.589874 1.27952 1.81528 0.738239 1.73907 2.0314 1.66681 0.000637406
4 5 0.00821469 0.0330038 0.543951 0.713171 0.908672 0.728482 0.777825 1.63148 1.47311 0.00720971
4 6 0.00827995 0.237127 0.00193539 0.680258 0.202918 0.127311 0.213412 1.23641 1.24432 0.0229996
4 7 0.00052163 0.00139916 0.00160333 0.00126888 0.0313414 0.035817 0.0419844 0.729428 0.959926 0.797433
4 8 0.000102005 0.000534409 -0.000283156 0.00860939 0.0393297 0.0497722 0.0344756 0.0546482 0.554789 0.613372
4 9 -1 -1 0.0089988 0.0088089 0.0182682 0.0299324 0.024723 0.0219161 0.0528568 0.243468
5 0 1.79208 2.22421 2.55247 3.72205 3.70692 0.520028 -1 -1 -1 -1
5 1 1.50444 1.861 2.19802 3.07402 3.16337 2.96501 2.82141 -1 -1 -1
5 2 1.12608 1.4763 1.77985 2.7284 2.79412 2.73061 2.65177 -1 -1 -1
5 3 1.00365 1.25866 1.56999 2.40868 2.38142 2.42983 2.39536 2.16217 -1 -1
5 4 0.644457 0.946422 0.622014 1.84708 1.15522 1.42753 1.63433 1.91352 1.66671 -1
5 5 0.122651 0.408287 0.590686 0.602115 1.33627 0.676943 0.990248 1.50231 1.63045 0.0249459
5 6 0.00851073 0.245993 0.590706 0.562057 0.765756 0.211119 0.863571 1.18815 1.30738 0.0132168
5 7 0.000676685 0.00200146 0.476029 0.342811 0.713529 0.0248753 0.186989 0.775393 0.948324 0.785294
5 8 -0.000413182 0.000364404 0.00854081 0.0318899 0.0502727 0.0282002 0.0309537 0.128591 0.331416 0.622973
5 9 -1 -1 0.0086781 0.0198529 0.0360884 0.026455 0.0345997 0.0264496 0.0215628 0.276732
6 0 1.98598 3.06982 3.76788 3.73209 0.400424 -1 -1 -1 -1 -1
6 1 1.36089 1.72002 2.94464 3.09451 2.88415 -1 -1 -1 -1 -1
6 2 0.90531 1.67321 2.59056 2.72757 2.72574 2.72769 2.47903 -1 -1 -1
6 3 1.15572 1.45604 2.3918 2.40334 2.44722 2.40599 2.19555 -1 -1 -1
6 4 1.01026 1.34377 2.044 2.03824 1.94976 2.09164 1.96477 1.97216 -1 -1
6 5 0.829163 1.04998 1.16515 1.57003 0.820536 1.45656 1.64532 1.67794 1.55054 -1
6 6 0.218672 0.383262 0.707476 0.358867 0.257618 0.57686 1.16758 1.33567 1.28278 1.02322
6 7 0.0180879 0.0932352 0.390535 0.0540563 0.134373 0.0816936 0.27318 0.698581 0.957709 0.785025
6 8 0.0181611 0.0089043 0.0296014 0.0435258 0.0264998 0.0240675 0.0992597 0.0396417 0.522984 0.618459
6 9 -1 0.0101675 0.0230425 0.0329788 0.0207094 0.0895326 0.020651 0.0229632 0.0725439 0.249898
7 0 3.48464 3.7674 3.70984 -1 -1 -1 -1 -1 -1 -1
7 1 1.98835 2.75249 2.82159 2.75325 -1 -1 -1 -1 -1 -1
7 2 1.40354 2.44911 2.57658 2.51283 2.27474 -1 -1 -1 -1 -1
7 3 1.36409 2.17284 2.23589 2.10488 2.32782 2.03409 -1 -1 -1 -1
7 4 1.25765 1.84123 2.08746 1.75928 1.9741 2.05449 1.83702 1.72102 -1 -1
7 5 0.79471 1.59067 1.63757 1.5517 1.67605 1.70612 1.67405 1.17802 -1 -1
7 6 0.660747 1.22811 0.833372 1.28793 1.25802 1.35974 1.24393 1.35986 1.23472 -1
7 7 0.112991 0.332634 0.52049 0.126614 0.924081 0.828871 0.449928 0.660538 0.893962 0.70694
7 8 0.0105194 0.0453738 0.187192 0.0886722 0.0512147 0.0551538 0.249975 0.155801 0.406816 0.596405
7 9 0.00864191 0.0290258 0.0314045 0.035622 0.0365382 0.0630796 0.0279203 0.0175773 0.196239 0.266479
8 0 3.76129 3.76714 -1 -1 -1 -1 -1 -1 -1 -1
8 1 2.56938 1.96456 -0.000996772 -1 -1 -1 -1 -1 -1 -1
8 2 1.60657 2.169 0.0672205 0.00509663 -1 -1 -1 -1 -1 -1
8 3 1.8316 2.11477 1.98436 1.88607 2.06007 -1 -1 -1 -1 -1
8 4 1.68322 1.81406 1.81971 1.76196 1.74219 1.71365 -1 -1 -1 -1
8 5 1.4576 1.58816 1.5203 1.49318 1.5404 1.57535 1.47038 -1 -1 -1
8 6 1.17165 1.23382 1.29096 1.31157 1.20607 1.34996 1.24301 1.18517 1.10116 -1
8 7 0.86591 0.899866 0.895131 0.996513 0.998026 0.946261 0.971601 0.967147 0.954502 0.679903
8 8 0.4334 0.358492 0.196073 0.609636 0.586168 0.635931 0.619648 0.625909 0.536785 0.544918
8 9 0.0245421 0.15791 0.0822274 0.111578 0.124172 0.0315857 0.0952681 0.0496102 0.0969505 0.268225
9 0 2.6699 -1 -1 -1 -1 -1 -1 -1 -1 -1
9 1 0.649839 0.0103479 -1 -1 -1 -1 -1 -1 -1 -1
9 2 0.729967 0.0147631 0.0108265 -1 -1 -1 -1 -1 -1 -1
9 3 0.531775 0.0127164 0.0173664 0.0123327 -1 -1 -1 -1 -1 -1
9 4 0.779052 0.0183097 0.1031 0.00455104 0.00870304 -1 -1 -1 -1 -1
9 5 0.332365 0.605586 0.0301694 0.0647139 0.011391 0.0123033 -1 -1 -1 -1
9 6 1.06577 0.559644 0.936083 0.919564 0.952521 0.945951 0.00695936 -1 -1 -1
9 7 0.806416 0.795598 0.827764 0.885544 0.861264 0.859623 0.870723 0.845272 0.734889 -1
9 8 0.52791 0.54723 0.571621 0.560461 0.566668 0.542054 0.628385 0.568066 0.52707 0.36384
9 9 0.197386 0.220144 0.282185 0.267077 0.25668 0.267254 0.260571 0.281958 0.272591 0.174097

15000 805 3.77436 6 0 2 -1 0 0 0
0 0 0.530508 0.951155 1.33511 1.59574 2.23041 2.38214 2.39998 3.58042 3.73079 1.78685
0 1 0.030302 0.363356 0.829993 1.12235 1.53394 1.78873 1.91552 2.42471 2.42028 1.71959
0 2 0.000851313 0.0372557 0.328699 0.788274 1.17949 1.4886 1.76686 1.9065 1.61907 0.81266
0 3 -1 0.000285156 0.0100524 0.25145 0.6727 1.06223 1.28739 1.69679 1.93069 0.113667
0 4 -1 0.000782127 0.00109389 0.00849638 0.245149 0.7941 1.1096 1.50021 1.56525 0.0973456
0 5 -1 0.00106999 0.00196187 0.00125136 0.00274459 0.234662 0.6845 1.04022 1.42429 0.356183
0 6 -1 0.000111907 0.00142559 0.00159567 0.000904464 0.000923763 0.267632 0.350968 1.07695 0.944665
0 7 -1 0.00049189 -1 -1 0.00142646 0.000853562 0.00862095 0.123201 0.757834 0.85172
0 8 -1 -1 -1 -1 -1 0.00043131 0.000961532 0.00903498 0.0730813 0.486957
0 9 -1 -1 -1 -1 -1 -1 0.00035171 0.00863926 0.0193837 0.184998
1 0 0.700817 1.12886 1.61551 2.12909 2.46964 2.91398 3.34657 3.72217 3.6951 -1
1 1 0.619244 0.593343 1.00286 1.69594 1.7893 2.00905 2.53216 2.92865 1.37015 0.0106966
1 2 0.0181792 0.0700285 0.446636 1.07806 1.51391 1.88113 2.15299 2.55891 2.35792 0.00889067
1 3 0.000187614 0.00103135 0.0634714 0.285795 0.745373 1.24264 1.89864 2.25384 2.15914 0.0101783
1 4 7.00212e-05 0.000831434 0.00149386 0.0629 0.372991 0.953584 1.38847 2.04584 2.00702 0.0314142
1 5 5.65869e-05 0.00117899 0.00790117 0.00273928 0.638992 0.440688 0.749555 1.60025 1.60913 0.0746017
1 6 -1 0.000887718 0.00182972 0.00242467 0.00856502 0.251498 0.487424 0.973343 1.31945 0.155048
1 7 -1 0.00114474 0.000526429 0.000235247 0.00130736 0.00868983 0.0181524 0.395099 0.935072 0.864758
1 8 -1 -1 -1 0.000652575 6.49302e-05 0.000685418 0.0019697 0.0419889 0.258125 0.561866
1 9 -1 -1 -1 0.00867782 -1 -1 0.00983062 0.0182677 0.0341973 0.235979
2 0 1.01158 1.43013 1.86252 2.26019 2.64271 3.01264 3.73208 3.73405 -1 -1
2 1 0.678501 0.944528 1.41583 1.83442 2.31262 2.58854 3.17246 2.90463 0.00827172 -1
2 2 0.299692 0.553419 0.981446 0.921746 1.83267 2.20934 2.79576 2.78119 0.10172 0.0114911
2 3 0.0080022 0.065599 0.55881 0.648829 1.29873 1.64625 2.3846 2.43802 1.98978 0.0115692
2 4 0.000363918 0.00163818 0.0747342 0.271066 0.934582 1.02105 2.02148 2.06467 1.80165 0.0607729
2 5 -0.00095868 0.00142081 0.00241448 0.00851971 0.572089 0.530152 1.23921 1.68335 1.61581 0.0162728
2 6 -0.000532831 0.00171821 0.00301481 0.00164803 0.180613 0.343484 0.462414 1.29502 1.30728 0.875529
2 7 -1 0.00119213 0.00102536 0.00167302 0.00148045 0.052149 0.0517465 0.516497 0.924937 0.8796
2 8 -1 -1 -1 0.000415406 0.000630078 0.0181411 0.0292206 0.13698 0.249279 0.600946
2 9 -1 -1 -1 -1 0.00856268 0.0183517 0.027796 0.0605274 0.0717322 0.26811
3 0 1.22792 1.86036 2.00913 2.73985 3.21281 3.73225 3.72144 -1 -1 -1
3 1 0.869094 1.28231 1.47659 2.03441 2.58718 3.19408 3.19491 2.67985 -1 -1
3 2 0.712745 0.869084 1.04848 1.44967 2.118 2.91819 2.78273 2.66714 0.00789715 -1
3 3 0.393103 0.589806 1.02644 1.12384 1.49666 2.24295 2.36687 2.24904 2.12283 0.0130437
3 4 0.000382471 0.0257027 0.203858 0.810744 1.17351 1.03038 2.04007 2.01323 1.64717 0.00959345
3 5 0.000610594 0.00908449 0.446622 0.505471 1.16675 0.901509 1.32198 1.56401 1.57897 0.0164097
3 6 0.000528935 0.00141933 0.00230911 0.24746 0.534004 0.447475 0.311228 1.3098 1.31681 1.01515
3 7 0.000444204 0.00103995 0.123218 0.00862379 0.19027 0.0236517 0.0477372 0.706435 1.02109 0.873656
3 8 -1 -0.000152286 -0.000536379 -0.000245017 0.00864299 0.0308412 0.0751985 0.219088 0.590747 0.581171
3 9 -1 -1 0.00859885 0.00852954 0.00880377 0.0241977 0.0381902 0.0274646 0.0860278 0.228046
4 0 1.62939 1.81716 2.49188 3.09787 3.70426 3.71162 2.89196 -1 -1 -1
4 1 1.11929 1.57773 1.9311 2.29296 3.23478 3.15468 2.91694 -1 -1 -1
4 2 0.894893 1.25545 1.49158 1.93179 2.72189 2.78914 2.77859 2.55527 -1 -1
4 3 0.696546 0.923756 1.37419 1.18469 1.95188 2.40012 2.48391 2.32159 2.17048 -1
4 4 0.310419 0.339785 0.604975 1.27952 1.81528 0.813257 1.78404 2.0314 1.66681 0.000637406
4 5 0.00821469 0.0330038 0.543951 0.876307 0.984671 0.910465 1.17744 1.66568 1.47311 0.00720971
4 6 0.00827995 0.237127 0.437056 0.680258 0.333475 0.127311 0.213412 1.27622 1.24432 0.0229996
4 7 0.000631201 0.122922 0.256227 0.499308 0.552211 0.791432 0.179934 0.729428 0.959926 0.797433
4 8 0.000102005 0.000534409 -0.000283156 0.00860939 0.0755695 0.0643204 0.0344756 0.263172 0.629837 0.613372
4 9 -1 -1 0.0089988 0.0182114 0.020028 0.0299324 0.103964 0.0261022 0.0724582 0.25707
5 0 2.04649 2.22421 2.92505 3.73888 3.72643 0.595138 -1 -1 -1 -1
5 1 1.50444 1.87129 2.19802 3.21913 3.16337 3.04782 2.82141 -1 -1 -1
5 2 1.2163 1.71747 1.77985 2.7382 2.79412 2.76223 2.65177 2.38263 -1 -1
5 3 1.00365 1.25866 1.63719 2.40868 2.38142 2.42983 2.39536 2.23385 -1 -1
5 4 0.687963 0.98046 0.635622 1.84708 2.03399 2.10292 2.13429 1.92457 1.66671 -1
5 5 0.399542 0.408287 0.770008 0.82982 1.33627 0.811838 0.990248 1.59768 1.63045 0.0249459
5 6 0.00867973 0.245993 0.590706 0.609464 0.765756 0.247057 0.863571 1.25464 1.32106 0.0233857
5 7 0.000676685 0.0940678 0.509103 0.342811 0.713529 0.0248753 0.186989 0.775393 0.948324 0.803822
5 8 0.122966 0.180541 0.0085764 0.0367731 0.37437 0.27631 0.0309537 0.549692 0.331416 0.622973
5 9 -1 -1 0.0086781 0.0210765 0.0360884 0.026455 0.0345997 0.0889734 0.249236 0.276732
6 0 2.09936 3.13194 3.77436 3.74992 0.536408 -1 -1 -1 -1 -1
6 1 1.36089 2.04153 2.9758 3.09451 2.99274 -1 -1 -1 -1 -1
6 2 1.21608 1.71524 2.59056 2.74762 2.72574 2.72769 2.47903 -1 -1 -1
6 3 1.15572 1.46189 2.42826 2.40334 2.44722 2.40599 2.2869 -1 -1 -1
6 4 1.01026 1.34377 2.044 2.04439 2.03672 2.09508 1.97864 1.97216 -1 -1
6 5 0.829163 1.04998 1.16515 1.58239 1.65907 1.56102 1.64532 1.67794 1.58003 -1
6 6 0.218672 0.665158 1.16639 1.24713 0.8514 0.57686 1.16758 1.33567 1.28428 1.02322
6 7 0.0180879 0.398157 0.885861 0.611634 0.134373 0.0816936 0.27318 0.698581 0.966845 0.785025
6 8 0.0181611 0.0089043 0.233556 0.0435258 0.392359 0.0240675 0.0992597 0.418382 0.564725 0.618818
6 9 -1 0.011438 0.0230425 0.0329788 0.0815382 0.0895326 0.0232337 0.0229632 0.0725439 0.267683
7 0 3.48464 3.77432 3.76223 0.465074 -1 -1 -1 -1 -1 -1
7 1 2.56707 2.81855 2.95255 2.75325 -1 -1 -1 -1 -1 -1
7 2 1.40354 2.45076 2.66303 2.55884 2.40173 -1 -1 -1 -1 -1
7 3 1.36409 2.23952 2.35702 2.10488 2.32782 2.08512 -1 -1 -1 -1
7 4 1.25765 2.00794 2.08746 1.93824 2.00763 2.11546 1.83702 1.72102 -1 -1
7 5 0.90434 1.59437 1.69658 1.58065 1.68593 1.70612 1.71589 1.63915 -1 -1
7 6 0.660747 1.27291 1.33461 1.28793 1.3189 1.3675 1.36245 1.35986 1.23472 1.84558e-05
7 7 0.189622 0.332634 0.52049 0.126614 0.924081 0.828871 0.895 0.660538 0.893962 0.797664
7 8 0.0105194 0.417569 0.407676 0.237548 0.284793 0.0551538 0.249975 0.245672 0.603145 0.62236
7 9 0.0107935 0.0290258 0.049267 0.035622 0.0365382 0.114832 0.0279203 0.0271375 0.196239 0.268964
8 0 3.76129 3.76714 -1 -1 -1 -1 -1 -1 -1 -1
8 1 2.56938 1.98077 0.00398444 -1 -1 -1 -1 -1 -1 -1
8 2 1.683 2.21318 2.21103 0.00509663 -1 -1 -1 -1 -1 -1
8 3 1.8316 2.11477 1.98436 2.05867 2.06007 -1 -1 -1 -1 -1
8 4 1.68322 1.81406 1.81971 1.78857 1.82968 1.71365 -1 -1 -1 -1
8 5 1.46392 1.58816 1.52698 1.54915 1.5404 1.57535 1.48181 -1 -1 -1
8 6 1.17165 1.23998 1.29096 1.31157 1.27609 1.34996 1.28072 1.22461 1.10116 -1
8 7 0.86591 0.931669 0.970498 0.996513 0.998026 0.980806 0.971601 0.967147 0.954502 0.679903
8 8 0.4334 0.600587 0.583452 0.609636 0.629454 0.635931 0.619648 0.625909 0.568856 0.555466
8 9 0.113532 0.15791 0.174731 0.116926 0.124172 0.131273 0.137262 0.0776109 0.0969505 0.268225
9 0 3.26173 -1 -1 -1 -1 -1 -1 -1 -1 -1
9 1 0.649839 0.0184887 -1 -1 -1 -1 -1 -1 -1 -1
9 2 0.729967 0.0147631 0.0108265 -1 -1 -1 -1 -1 -1 -1
9 3 1.11475 0.0127164 0.0173664 0.0123327 -1 -1 -1 -1 -1 -1
9 4 0.779052 0.0183097 0.1031 0.00455104 0.00870304 -1 -1 -1 -1 -1
9 5 1.05733 0.605586 0.0301694 0.0647139 0.011391 0.0123033 -1 -1 -1 -1
9 6 1.06577 0.559644 0.936083 0.919564 0.952521 0.96005 0.866173 0.000847244 -1 -1
9 7 0.821881 0.795598 0.827764 0.885544 0.861699 0.859623 0.870723 0.845272 0.734889 -1
9 8 0.52791 0.571999 0.601883 0.604452 0.566668 0.609811 0.628385 0.568066 0.52707 0.36384
9 9 0.232265 0.251691 0.282185 0.267077 0.271528 0.269902 0.260571 0.292886 0.272591 0.250325

20000 813 3.77436 6 0 2 -1 0 0 0
0 0 0.530508 0.951155 1.33511 1.7455 2.23041 2.65893 2.67505 3.58042 3.73168 2.95806
0 1 0.030302 0.4081 0.839344 1.12235 1.53394 1.78873 1.91552 2.9835 2.68484 1.71959
0 2 0.000851313 0.0372557 0.553021 0.788274 1.17949 1.4886 1.76686 1.97143 1.61907 1.04869
0 3 -1 0.000660319 0.0100524 0.25145 0.826942 1.0637 1.28739 1.69679 1.93069 0.113667
0 4 -1 0.000782127 0.00109389 0.00849638 0.245149 0.7941 1.1096 1.50021 1.62839 0.152351
0 5 -1 0.00106999 0.00196187 0.0013877 0.00718927 0.234662 0.6845 1.04022 1.42429 0.356183
0 6 -1 0.000111907 0.00142559 0.00159567 0.000904464 0.00815566 0.267632 0.350968 1.07695 1.07877
0 7 -1 0.00049189 0.000113337 -0.000852625 0.00142646 0.000925101 0.00862095 0.123378 0.932448 0.85172
0 8 -1 -1 -1 -1 -0.00110327 0.00043131 0.000961532 0.00903498 0.0746176 0.486957
0 9 -1 -1 -1 -1 -1 -1 0.00035171 0.00863926 0.027817 0.184998
1 0 0.700817 1.12886 1.64678 2.12909 2.46964 2.91398 3.46964 3.73277 3.70592 -1
1 1 0.619244 0.594717 1.03306 1.69594 1.91251 2.00905 2.54473 2.96344 1.37015 0.0106966
1 2 0.0442106 0.26937 0.446636 1.11775 1.51391 1.88113 2.15299 2.57602 2.3839 0.0102898
1 3 0.000519597 0.00846485 0.113555 0.353527 0.874942 1.48275 1.89864 2.25384 2.21828 0.0101783
1 4 7.00212e-05 0.00120604 0.00149386 0.0629 0.759954 1.04669 1.38847 2.04584 2.00702 0.0314142
1 5 5.65869e-05 0.00130112 0.00790117 0.00273928 0.638992 0.865519 0.749555 1.60025 1.60913 0.0746017
1 6 -1 0.000887718 0.00182972 0.00242467 0.00856502 0.251498 0.487424 0.973343 1.31945 0.155048
1 7 -1 0.00114474 0.000783787 0.000761086 0.00184225 0.162273 0.0181524 0.395099 0.935072 0.864758
1 8 -1 -1 -1 0.000652575 6.49302e-05 0.000685418 0.00255354 0.0419889 0.611077 0.561866
1 9 -1 -1 -1 0.00867782 -1 0.00857417 0.00983062 0.0276808 0.0907866 0.240405
2 0 1.01158 1.43013 1.86252 2.34517 2.64271 3.01264 3.73326 3.73405 -1 -1
2 1 0.678501 1.14894 1.41583 1.89939 2.31262 2.58854 3.17246 3.1894 0.00889155 -1
2 2 0.41924 0.553419 0.991619 0.921746 1.83267 2.20934 2.82256 2.78119 0.10172 0.0114911
2 3 0.0080022 0.0772255 0.55881 0.648829 1.29873 1.72248 2.4979 2.43802 1.98978 0.0115692
2 4 0.000363918 0.00795535 0.15456 0.271066 1.02048 1.21628 2.02148 2.06467 1.80165 0.0607729
2 5 -0.000136212 0.00142081 0.00241448 0.218208 0.753273 0.671772 1.23921 1.68335 1.61581 0.0162728
2 6 -0.000532831 0.00171821 0.00301481 0.466728 0.599681 0.343484 0.462414 1.29502 1.30728 0.875529
2 7 -1 0.00119213 0.00102536 0.00167302 0.00178671 0.0624112 0.134602 0.516497 0.924937 0.8796
2 8 -1 -1 0.000216868 0.000415406 0.000630078 0.0181411 0.0295529 0.200638 0.249279 0.622697
2 9 -1 -1 -1 -1 0.00858988 0.0183517 0.027796 0.0605274 0.0717322 0.26811
3 0 1.22792 1.86036 2.09586 2.73985 3.21281 3.73225 3.72144 0.115863 -1 -1
3 1 0.869094 1.28231 1.92335 2.03441 2.58718 3.24622 3.19491 2.67985 -1 -1
3 2 0.712745 1.03778 1.17284 1.44967 2.118 2.91819 2.80613 2.66714 0.00789715 -1
3 3 0.393103 0.589806 1.02644 1.30501 1.71077 2.24295 2.36687 2.24904 2.12283 0.0130437
3 4 0.00854731 0.0565761 0.442579 0.900179 1.23798 1.08728 2.04007 2.01323 1.98871 0.00959345
3 5 0.000610594 0.00908449 0.446622 0.713209 1.16675 0.901509 1.32198 1.56401 1.57897 0.0164097
3 6 0.000528935 0.00152575 0.103661 0.584669 0.534004 0.447475 0.432086 1.3098 1.31681 1.01515
3 7 0.000444204 0.179675 0.180262 0.40243 0.19027 0.103977 0.821157 0.706435 1.02109 0.919625
3 8 -1 -0.000152286 -0.000536379 -0.000245017 0.00865577 0.0308412 0.0751985 0.265897 0.620005 0.581171
3 9 -1 -1 0.00859885 0.0087848 0.00880377 0.0241977 0.0381902 0.0564373 0.0860278 0.244168
4 0 1.62939 1.86277 2.49188 3.09787 3.71101 3.71162 2.89196 -1 -1 -1
4 1 1.28584 1.57773 1.9311 2.29296 3.30309 3.15468 3.00039 -1 -1 -1
4 2 0.894893 1.25545 1.71251 2.03047 2.92509 2.85421 2.77859 2.55527 -1 -1
4 3 0.696546 1.14783 1.37419 1.29572 1.95188 2.40012 2.48391 2.32159 2.17048 -1
4 4 0.310419 0.494355 0.847168 1.27952 1.81528 1.85727 2.04252 2.0314 1.83394 0.00691682
4 5 0.00821469 0.175705 0.716781 0.876307 1.49256 0.910465 1.17744 1.68613 1.57063 0.00720971
4 6 0.00827995 0.237127 0.437531 0.79201 0.956746 0.127311 0.771231 1.27622 1.25408 0.0229996
4 7 0.000631201 0.122922 0.256227 0.499308 0.552211 0.791432 0.684865 0.73785 0.959926 0.833255
4 8 0.000102005 0.301319 -0.000283156 0.00860939 0.0755695 0.380393 0.49242 0.263172 0.632028 0.649966
4 9 -1 -1 0.0089988 0.0756835 0.020028 0.0323689 0.103964 0.12374 0.160269 0.267525
5 0 2.04649 2.46941 2.92505 3.7488 3.72643 0.595138 -1 -1 -1 -1
5 1 1.50444 1.87129 2.40172 3.21913 3.16337 3.07554 2.82141 -1 -1 -1
5 2 1.2163 1.71747 1.83767 2.7382 2.79412 2.76223 2.65177 2.38263 -1 -1
5 3 1.00365 1.25866 1.63719 2.40868 2.38142 2.42983 2.39536 2.34 -1 -1
5 4 0.687963 0.98046 0.86749 1.86626 2.03399 2.10292 2.13429 1.97361 1.83317 -1
5 5 0.399542 0.408287 0.770008 1.08956 1.38228 0.811838 1.22704 1.69375 1.63045 0.0249459
5 6 0.00867973 0.36977 0.677231 0.743325 1.12577 0.307751 0.863571 1.25464 1.32106 0.0233857
5 7 0.000676685 0.263323 0.509103 0.504898 0.713529 0.68253 0.71694 0.775393 0.950117 0.803822
5 8 0.122966 0.180541 0.194724 0.0367731 0.460474 0.27631 0.168766 0.549692 0.5963 0.622973
5 9 -1 0.00859285 0.0086781 0.0210765 0.0900594 0.026455 0.0345997 0.0889734 0.249236 0.276732
6 0 2.09936 3.22283 3.77436 3.75752 0.536408 -1 -1 -1 -1 -1
6 1 1.36089 2.21314 2.9758 3.09451 2.99274 -1 -1 -1 -1 -1
6 2 1.46585 1.71524 2.59835 2.74762 2.72943 2.72769 2.47903 -1 -1 -1
6 3 1.15572 1.46431 2.42826 2.40334 2.44722 2.40599 2.34568 -1 -1 -1
6 4 1.01026 1.34377 2.044 2.04439 2.03672 2.09508 2.03703 1.97216 -1 -1
6 5 0.829163 1.04998 1.54695 1.58239 1.67707 1.62662 1.67001 1.67794 1.58003 -1
6 6 0.218672 0.665158 1.16639 1.24713 0.8514 1.02389 1.19998 1.33567 1.28428 1.02322
6 7 0.132373 0.398157 0.885861 0.611634 0.134373 0.0816936 0.887374 0.704403 1.01453 0.785025
6 8 0.0181611 0.16136 0.237805 0.10442 0.404598 0.0312991 0.0992597 0.418382 0.603223 0.618818
6 9 0.0135544 0.011438 0.0852213 0.0447451 0.0815382 0.0895326 0.0232337 0.155795 0.077141 0.267683
7 0 3.49697 3.77432 3.76883 0.465074 -1 -1 -1 -1 -1 -1
7 1 2.56707 2.81855 2.95255 2.75325 -1 -1 -1 -1 -1 -1
7 2 1.40354 2.45567 2.66303 2.55884 2.40173 -1 -1 -1 -1 -1
7 3 1.36409 2.23952 2.35702 2.2272 2.38908 2.18371 -1 -1 -1 -1
7 4 1.25765 2.00794 2.08746 1.93824 2.07878 2.11546 1.99908 1.72102 -1 -1
7 5 0.90434 1.59437 1.69658 1.60285 1.68593 1.70612 1.73187 1.63915 -1 -1
7 6 0.660747 1.28377 1.33461 1.28793 1.34136 1.3675 1.36245 1.35986 1.23472 1.84558e-05
7 7 0.189622 0.861834 0.52049 0.259886 0.924081 0.884713 0.895 0.840534 0.968094 0.803613
7 8 0.13278 0.417569 0.407676 0.237548 0.284793 0.125135 0.317478 0.441207 0.62222 0.62236
7 9 0.0183626 0.0755183 0.115787 0.0869462 0.164841 0.114832 0.163796 0.190744 0.262459 0.268964
8 0 3.76746 3.76714 -1 -1 -1 -1 -1 -1 -1 -1
8 1 2.56938 2.018 0.00398444 -1 -1 -1 -1 -1 -1 -1
8 2 1.70324 2.29151 2.21103 0.00509663 -1 -1 -1 -1 -1 -1
8 3 1.8316 2.13784 1.98436 2.05867 2.06007 -1 -1 -1 -1 -1
8 4 1.68322 1.83427 1.81971 1.78857 1.82968 1.7359 -1 -1 -1 -1
8 5 1.5253 1.58816 1.5793 1.54915 1.5489 1.57535 1.48181 -1 -1 -1
8 6 1.17165 1.25163 1.29096 1.31157 1.27609 1.34996 1.28072 1.22461 1.10116 -1
8 7 0.871382 0.935088 0.970498 0.996513 0.998026 0.980806 0.971601 0.997839 0.956639 0.679903
8 8 0.521525 0.600587 0.583452 0.636875 0.629454 0.635931 0.638512 0.656056 0.579811 0.555466
8 9 0.113532 0.15791 0.196845 0.126084 0.124172 0.131273 0.137262 0.105998 0.203234 0.268225
9 0 3.55848 -1 -1 -1 -1 -1 -1 -1 -1 -1
9 1 2.58682 0.0184887 -1 -1 -1 -1 -1 -1 -1 -1
9 2 0.93559 0.0189446 0.0108265 -1 -1 -1 -1 -1 -1 -1
9 3 1.11475 0.0127164 0.0173664 0.0123327 -1 -1 -1 -1 -1 -1
9 4 0.779052 0.0214357 0.1031 0.00455104 0.0099849 -1 -1 -1 -1 -1
9 5 1.05733 0.605586 0.0835322 0.0647139 0.103955 0.0123033 -1 -1 -1 -1
9 6 1.06577 0.985898 0.936083 0.937674 0.952521 0.970557 0.866173 0.000847244 -1 -1
9 7 0.826375 0.801822 0.827764 0.890857 0.88048 0.859623 0.870723 0.845272 0.734889 -1
9 8 0.536863 0.571999 0.603878 0.604452 0.585123 0.609811 0.628385 0.607762 0.568688 0.36384
9 9 0.232265 0.251691 0.282185 0.270478 0.271528 0.269902 0.277358 0.292886 0.272591 0.287483

