0 24 0.022677 13 11 1 -1 0 0 0
0 0 -1 -1 -1 -1 -1 -1 -1 -1 -1 -1 -1 -1 -1 -1 -1
0 1 -1 -1 -1 -1 -1 -1 -1 -1 -1 -1 -1 -1 -1 -1 -1
0 2 -1 -1 -1 -1 -1 -1 -1 -1 -1 -1 -1 -1 -1 -1 -1
0 3 -1 -1 -1 -1 -1 -1 -1 -1 -1 -1 -1 -1 -1 -1 -1
0 4 -1 -1 -1 -1 -1 -1 -1 -1 -1 -1 -1 -1 -1 -1 -1
0 5 -1 -1 -1 -1 -1 -1 -1 -1 -1 -1 -1 -1 -1 -1 -1
0 6 -1 -1 -1 -1 -1 -1 -1 -1 -1 -1 -1 -1 -1 -1 0.00419462
0 7 -1 -1 -1 -1 -1 -1 -1 -1 -1 -1 -1 -1 -1 -1 -1
0 8 -1 -1 -1 -1 -1 -1 -1 -1 -1 -1 -1 -1 -1 -1 0.0167032
0 9 -1 -1 -1 -1 -1 -1 -1 -1 -1 -1 -1 -1 -1 -1 0.0108716
0 10 -1 -1 -1 -1 -1 -1 -1 -1 -1 -1 -1 -1 -1 -1 -1
0 11 -1 -1 -1 -1 -1 -1 -1 -1 -1 -1 -1 -1 -1 -1 -1
0 12 -1 -1 -1 -1 -1 -1 -1 -1 -1 -1 -1 -1 -1 -1 -1
0 13 -1 -1 -1 -1 -1 -1 -1 -1 -1 -1 -1 -1 -1 -1 0.00482529
0 14 -1 -1 -1 -1 -1 -1 -1 -1 -1 -1 -1 -1 -1 -1 -1
1 0 -1 -1 -1 -1 -1 -1 -1 -1 -1 -1 -1 -1 -1 -1 -1
1 1 -1 -1 -1 -1 -1 -1 -1 -1 -1 -1 -1 -1 -1 -1 -1
1 2 -1 -1 -1 -1 -1 -1 -1 -1 -1 -1 -1 -1 -1 -1 -1
1 3 -1 -1 -1 -1 -1 -1 -1 -1 -1 -1 -1 -1 -1 -1 -1
1 4 -1 -1 -1 -1 -1 -1 -1 -1 -1 -1 -1 -1 -1 -1 -1
1 5 -1 -1 -1 -1 -1 -1 -1 -1 -1 -1 -1 -1 -1 -1 -1
1 6 -1 -1 -1 -1 -1 -1 -1 -1 -1 -1 -1 -1 -1 -1 -1
1 7 -1 -1 -1 -1 -1 -1 -1 -1 -1 -1 -1 -1 -1 -1 -1
1 8 -1 -1 -1 -1 -1 -1 -1 -1 -1 -1 -1 -1 -1 -1 -1
1 9 -1 -1 -1 -1 -1 -1 -1 -1 -1 -1 -1 -1 -1 -1 -1
1 10 -1 -1 -1 -1 -1 -1 -1 -1 -1 -1 -1 -1 -1 -1 -1
1 11 -1 -1 -1 -1 -1 -1 -1 -1 -1 -1 -1 -1 -1 -1 -1
1 12 -1 -1 -1 -1 -1 -1 -1 -1 -1 -1 -1 -1 -1 -1 -1
1 13 -1 -1 -1 -1 -1 -1 -1 -1 -1 -1 -1 -1 -1 -1 -1
1 14 -1 -1 -1 -1 -1 -1 -1 -1 -1 -1 -1 -1 -1 -1 -1
2 0 -1 -1 -1 -1 -1 -1 -1 -1 -1 -1 -1 -1 -1 -1 -1
2 1 -1 -1 -1 -1 -1 -1 -1 -1 -1 -1 -1 -1 -1 -1 -1
2 2 -1 -1 -1 -1 -1 -1 -1 -1 -1 -1 0.0113503 -1 -1 -1 -1
2 3 -1 -1 -1 -1 -1 -1 -1 -1 -1 -1 -1 -1 -1 -1 -1
2 4 -1 -1 -1 -1 -1 -1 -1 -1 -1 -1 -1 -1 -1 -1 -1
2 5 -1 -1 -1 -1 -1 -1 -1 -1 -1 -1 -1 -1 -1 -1 -1
2 6 -1 -1 -1 -1 -1 -1 -1 -1 -1 -1 -1 -1 -1 -1 -1
2 7 -1 -1 -1 -1 -1 -1 -1 -1 -1 -1 -1 -1 -1 -1 -1
2 8 -1 -1 -1 -1 -1 -1 -1 -1 -1 -1 -1 -1 -1 -1 -1
2 9 -1 -1 -1 -1 -1 -1 -1 -1 -1 -1 -1 -1 -1 -1 -1
2 10 -1 -1 -1 -1 -1 -1 -1 -1 -1 -1 -1 -1 -1 -1 -1
2 11 -1 -1 -1 -1 -1 -1 -1 -1 -1 -1 -1 -1 -1 -1 -1
2 12 -1 -1 -1 -1 -1 -1 -1 -1 -1 -1 -1 -1 -1 -1 -1
2 13 -1 -1 -1 -1 -1 -1 -1 -1 -1 -1 -1 -1 -1 -1 -1
2 14 -1 -1 -1 -1 -1 -1 -1 -1 -1 -1 -1 -1 -1 -1 -1
3 0 -1 -1 -1 -1 -1 -1 -1 -1 -1 -1 -1 -1 -1 -1 -1
3 1 -1 -1 -1 -1 -1 -1 -1 -1 -1 -1 -1 -1 -1 -1 -1
3 2 -1 -1 -1 -1 -1 -1 -1 -1 -1 -1 -1 -1 -1 -1 -1
3 3 -1 -1 -1 -1 -1 -1 -1 -1 -1 -1 -1 -1 -1 -1 -1
3 4 -1 -1 -1 -1 -1 -1 -1 -1 -1 -1 -1 -1 -1 -1 -1
3 5 -1 -1 -1 -1 -1 -1 -1 -1 -1 -1 -1 -1 -1 -1 -1
3 6 -1 -1 -1 -1 -1 -1 -1 -1 -1 -1 -1 -1 -1 -1 -1
3 7 -1 -1 -1 -1 -1 -1 -1 -1 -1 -1 -1 -1 -1 -1 -1
3 8 -1 -1 -1 -1 -1 -1 -1 -1 -1 -1 -1 -1 -1 -1 -1
3 9 -1 -1 -1 -1 -1 -1 -1 -1 -1 -1 -1 -1 -1 -1 -1
3 10 -1 -1 -1 -1 -1 -1 -1 -1 -1 -1 -1 -1 -1 -1 -1
3 11 -1 -1 -1 -1 -1 -1 -1 -1 -1 -1 -1 -1 -1 -1 -1
3 12 -1 -1 -1 -1 -1 -1 -1 -1 -1 -1 -1 -1 -1 -1 -1
3 13 -1 -1 -1 -1 -1 -1 -1 -1 -1 -1 -1 -1 -1 -1 -1
3 14 -1 -1 -1 -1 -1 -1 -1 -1 -1 -1 -1 -1 -1 -1 -1
4 0 -1 -1 -1 -1 -1 -1 -1 -1 -1 -1 -1 -1 -1 -1 -1
4 1 -1 -1 -1 -1 -1 -1 -1 -1 -1 -1 -1 -1 -1 -1 -1
4 2 -1 -1 -1 -1 -1 -1 -1 -1 -1 -1 -1 -1 -1 -1 -1
4 3 -1 -1 -1 -1 -1 -1 -1 -1 -1 -1 -1 -1 -1 -1 -1
4 4 -1 -1 -1 -1 -1 -1 -1 -1 -1 -1 -1 -1 -1 -1 -1
4 5 -1 -1 -1 -1 -1 -1 -1 -1 -1 -1 -1 -1 -1 -1 -1
4 6 -1 -1 -1 -1 -1 -1 -1 -1 -1 -1 -1 -1 -1 -1 -1
4 7 -1 -1 -1 -1 -1 -1 -1 -1 -1 -1 -1 -1 -1 -1 -1
4 8 -1 -1 -1 -1 -1 -1 -1 -1 -1 -1 -1 -1 -1 -1 -1
4 9 -1 -1 -1 -1 -1 -1 -1 -1 -1 -1 -1 -1 -1 -1 -1
4 10 -1 -1 -1 -1 -1 -1 -1 -1 -1 -1 -1 -1 -1 -1 -1
4 11 -1 -1 -1 -1 -1 -1 -1 -1 -1 -1 -1 -1 -1 -1 -1
4 12 -1 -1 -1 -1 -1 -1 -1 -1 -1 -1 -1 -1 -1 -1 -1
4 13 -1 -1 -1 -1 -1 -1 -1 -1 -1 -1 -1 -1 -1 -1 -1
4 14 -1 -1 -1 -1 -1 -1 -1 -1 -1 -1 -1 -1 -1 -1 -1
5 0 -1 -1 -1 -1 -1 -1 -1 -1 -1 -1 -1 -1 -1 -1 -1
5 1 -1 -1 -1 -1 -1 -1 -1 -1 -1 -1 -1 -1 -1 -1 -1
5 2 -1 -1 -1 -1 -1 -1 -1 -1 -1 -1 -1 -1 -1 -1 -1
5 3 -1 -1 -1 -1 -1 -1 -1 -1 -1 -1 -1 -1 -1 -1 -1
5 4 -1 -1 -1 -1 -1 -1 -1 -1 -1 -1 -1 -1 -1 -1 -1
5 5 -1 -1 -1 -1 -1 -0.00117366 -1 -1 -1 -1 -1 -1 -1 -1 -1
5 6 -1 -1 -1 -1 -1 -1 -1 -1 -1 -1 -1 -1 -1 -1 -1
5 7 -1 -1 -1 -1 -1 -1 -1 -1 -1 -0.000626647 -1 -1 -1 -1 -1
5 8 -1 -1 -1 -1 -1 -1 -1 -1 -1 -1 -1 -1 -1 -1 -1
5 9 -1 -1 -1 -1 -1 -1 -1 -1 -1 -1 -1 -1 -1 -1 -1
5 10 -1 -1 -1 -1 -1 -1 -1 -1 -1 -1 -1 -1 -1 -1 -1
5 11 -1 -1 -1 -1 -1 -1 -1 -1 -1 -1 -1 -1 -1 -1 -1
5 12 -1 -1 -1 -1 -1 -1 -1 -1 -1 -1 -1 -1 -1 -1 -1
5 13 -1 -1 -1 -1 -1 -1 -1 -1 -1 -1 -1 -1 -1 -1 -1
5 14 -1 -1 -1 -1 -1 -1 -1 -1 -1 -1 -1 -1 -1 -1 -1
6 0 -1 -1 -1 -1 -1 -1 -1 -1 -1 -1 -1 -1 -1 -1 -1
6 1 0.00771248 -1 -1 -1 -1 -1 -1 -1 -1 -1 -1 -1 -1 -1 -1
6 2 -1 -1 -1 -1 -1 -1 -1 -1 -1 -1 -1 -1 -1 -1 -1
6 3 -1 -1 -1 -1 -1 -1 -1 -1 -1 -1 -1 -1 -1 -1 -1
6 4 -1 -1 -1 -1 -1 -1 -1 -1 -1 -1 -1 -1 -1 -1 -1
6 5 -1 -1 -1 -1 -1 -1 -1 -1 -1 -1 -1 -1 -1 -1 -1
6 6 -1 -1 -1 -1 -1 -1 -2.37771e-05 -1 -1 -1 -1 -1 -1 -1 -1
6 7 -1 -1 -1 -1 -1 -1 -1 -1 -1 -1 -1 -1 -1 -1 -1
6 8 -1 -1 -1 -1 -1 -1 -1 -1 0.00129912 -1 -1 -1 -1 -1 -1
6 9 -1 -1 -1 -1 -1 -1 -1 -1 -1 -1 -1 -1 -1 -1 -1
6 10 -1 -1 -1 -1 -1 -1 -1 -1 -1 -1 -1 -1 -1 -1 -1
6 11 -1 -1 -1 -1 -1 -1 -1 -1 -1 -1 -1 -1 -1 -1 -1
6 12 -1 -1 -1 -1 -1 -1 -1 -1 -1 -1 -1 -1 -1 -1 -1
6 13 -1 -1 -1 -1 -1 -1 -1 -1 -1 -1 -1 -1 -1 -1 -1
6 14 -1 -1 -1 -1 -1 -1 -1 -1 -1 -1 -1 -1 -1 -1 -1
7 0 -1 -1 -1 -1 -1 -1 -1 -1 -1 -1 -1 -1 -1 -1 -1
7 1 -1 -1 -1 -1 -1 -1 -1 -1 -1 -1 -1 -1 -1 -1 -1
7 2 -1 -1 -1 -1 -1 -1 -1 -1 -1 -1 -1 -1 -1 -1 -1
7 3 -1 -1 -1 -1 -1 -1 -1 -1 -1 -1 -1 -1 -1 -1 -1
7 4 -1 -1 -1 -1 -1 -1 -1 -1 -1 -1 -1 -1 -1 -1 -1
7 5 -1 -1 -1 -1 0.000616896 -1 -1 -1 -1 -1 -1 -1 -1 -1 -1
7 6 -1 -1 -1 -1 0.000192456 -1 0.000569893 -1 -1 -1 -1 -1 -1 -1 -1
7 7 -1 -1 -1 -1 -1 -1 -1 -1 -1 -1 -1 -1 -1 -1 -1
7 8 -1 -1 -1 -1 -1 -1 -1 -1 -1 -1 -1 -1 -1 -1 -1
7 9 -1 -1 -1 -1 -1 -1 -1 -1 -1 -1 -1 -1 -1 -1 -1
7 10 -1 -1 -1 -1 -1 -1 -1 -1 -1 -1 -1 -1 -1 -1 -1
7 11 -1 -1 -1 -1 -1 -1 -1 -1 -1 -1 -1 -1 -1 -1 -1
7 12 -1 -1 -1 -1 -1 -1 -1 -1 -1 -1 -1 -1 -1 -1 -1
7 13 -1 -1 -1 -1 -1 -1 -1 -1 -1 -1 -1 -1 -1 -1 -1
7 14 -1 -1 -1 -1 -1 -1 -1 -1 -1 -1 -1 -1 -1 -1 -1
8 0 -1 -1 -1 -1 -1 -1 -1 -1 -1 -1 -1 -1 -1 -1 -1
8 1 -1 -1 -1 -1 -1 -1 -1 -1 -1 -1 -1 -1 -1 -1 -1
8 2 -1 -1 -1 -1 -1 -1 -1 -1 -1 -1 -1 -1 -1 -1 -1
8 3 -1 -1 -1 -1 -1 -1 -1 -1 -1 -1 -1 -1 -1 -1 -1
8 4 -1 -1 -1 -1 -1 -1 -1 -1 -1 -1 -1 -1 -1 -1 -1
8 5 -1 -1 -1 -1 -1 -1 -1 -1 -1 -1 -1 -1 -1 -1 -1
8 6 -1 -1 -1 -1 -1 -1 -1 -1 -1 -1 -1 -1 -1 -1 -1
8 7 -1 -1 -1 -1 -1 -1 -1 -1 -1 -1 -1 -1 -1 -1 -1
8 8 -1 -1 -1 -1 -1 -1 -1 -1 -1 -1 -1 -1 -1 -1 -1
8 9 -1 -1 -1 -1 -1 -1 -1 -1 -1 -1 -1 -1 -1 -1 -1
8 10 -1 -1 -1 -1 -1 -1 -1 -1 -1 -1 -1 -1 -1 -1 -1
8 11 -1 -1 -1 -1 -1 -1 -1 -1 -1 -1 -1 -1 -1 -1 -1
8 12 -1 -1 -1 -1 -1 -1 -1 -1 -1 -1 -1 -1 -1 -1 -1
8 13 -1 -1 -1 -1 -1 -1 -1 -1 -1 -1 -1 -1 -1 -1 -1
8 14 -1 -1 -1 -1 -1 -1 -1 -1 -1 -1 -1 -1 -1 -1 -1
9 0 -1 -1 -1 -1 -1 -1 -1 -1 -1 -1 -1 -1 -1 -1 -1
9 1 -1 -1 -1 -1 -1 -1 -1 -1 -1 -1 -1 -1 -1 -1 -1
9 2 -1 -1 -1 -1 -1 -1 -1 -1 -1 -1 -1 -1 -1 -1 -1
9 3 -1 -1 -1 -1 -1 -1 -1 -1 -1 -1 -1 -1 -1 -1 -1
9 4 -1 -1 -1 -1 -1 -1 -1 -1 -1 -1 -1 -1 -1 -1 -1
9 5 -1 -1 -1 -1 -1 -1 -1 -1 -1 -1 -1 -1 -1 -1 -1
9 6 -1 -1 -1 -1 -1 -1 -1 -1 -1 -1 -1 -1 -1 -1 -1
9 7 -1 -1 -1 0.000942247 -1 -1 -1 -1 -1 -1 -1 -1 -1 -1 -1
9 8 -1 -1 -1 -1 -1 -1 -1 -1 -1 -1 -1 -1 -1 -1 -1
9 9 -1 -1 -1 -1 -1 -1 -1 0.000798902 -1 -1 -1 -1 -1 -1 -1
9 10 -1 -1 -1 -1 -1 -1 -1 -1 -1 -1 -1 -1 -1 -1 -1
9 11 -1 -1 -1 -1 -1 -1 -1 -1 -1 -1 -1 -1 -1 -1 -1
9 12 -1 -1 -1 -1 -1 -1 -1 -1 -1 -1 -1 -1 -1 -1 -1
9 13 -1 -1 -1 -1 -1 -1 0.0139952 -1 -1 -1 -1 -1 -1 -1 -1
9 14 -1 -1 -1 -1 -1 -1 -1 -1 -1 -1 -1 -1 -1 -1 -1
10 0 -1 -1 -1 -1 -1 -1 -1 -1 -1 -1 -1 -1 -1 -1 -1
10 1 -1 -1 -1 -1 -1 -1 -1 -1 -1 -1 -1 -1 -1 -1 -1
10 2 -1 -1 -1 -1 -1 -1 -1 -1 -1 -1 -1 -1 -1 -1 -1
10 3 -1 -1 -1 -1 -1 -1 -1 -1 -1 -1 -1 -1 -1 -1 -1
10 4 -1 -1 -1 -1 -1 -1 -1 -1 -1 -1 -1 -1 -1 -1 -1
10 5 -1 -1 -1 -1 -1 -1 -1 -1 -1 -1 -1 -1 -1 -1 -1
10 6 -1 -1 -1 -1 -1 -1 -1 -1 -1 -1 -1 -1 -1 -1 -1
10 7 -1 -1 -1 -1 -1 -1 -1 -1 -1 -1 -1 -1 -1 -1 -1
10 8 -1 -1 -1 -1 -1 -1 -1 -1 -1 -1 -1 -1 -1 -1 -1
10 9 -1 -1 -1 -1 -1 -1 -1 -1 -1 -1 -1 -1 -1 -1 -1
10 10 -1 -1 -1 -1 -1 -1 -0.000843232 -1 -1 -1 -1 -1 -1 -1 -1
10 11 -1 -1 -1 -1 -1 -1 -1 -1 -1 -1 -1 -1 -1 -1 -1
10 12 -1 -1 -1 -1 -1 -1 -1 -1 -1 -1 -1 -1 -1 -1 -1
10 13 -1 -1 -1 -1 -1 -1 -1 -1 -1 -1 -1 -1 -1 -1 -1
10 14 -1 -1 -1 -1 -1 -1 -1 -1 -1 -1 -1 -1 -1 -1 -1
11 0 -1 -1 -1 -1 -1 -1 -1 -1 -1 -1 -1 -1 -1 -1 -1
11 1 -1 -1 -1 -1 -1 -1 -1 -1 -1 -1 -1 -1 -1 -1 -1
11 2 -1 -1 -1 -1 -1 -1 -1 -1 -1 -1 -1 -1 -1 -1 -1
11 3 -1 -1 -1 -1 -1 -1 -1 -1 -1 -1 -1 -1 -1 -1 -1
11 4 -1 -1 -1 -1 -1 -1 -1 -1 -1 -1 -1 -1 -1 -1 -1
11 5 -1 -1 -1 -1 -1 -1 -1 -1 -1 -1 -1 -1 -1 -1 -1
11 6 -1 -1 -1 -1 -1 -1 -1 -1 -1 -1 -1 -1 -1 -1 -1
11 7 -1 -1 -1 -1 -1 -1 -1 -1 -1 -1 -1 -1 -1 -1 -1
11 8 -1 -1 -1 -1 -1 -1 -1 -1 -1 -1 -1 -1 -1 -1 -1
11 9 -1 -1 -1 -1 -1 -1 -1 -1 -1 -1 -1 -1 -1 -1 -1
11 10 -1 -1 -1 -1 -1 -1 -1 -1 -1 -1 -1 -1 -1 -1 -1
11 11 -1 -1 -1 -1 -1 -1 -1 -1 -1 -1 -1 -1 -1 -1 -1
11 12 -1 -1 -1 -1 -1 -1 -1 -1 -1 -1 -1 -1 -1 -1 -1
11 13 -1 -1 -1 -1 -1 -1 -1 -1 -1 -1 -1 -1 -1 -1 -1
11 14 -1 -1 -1 -1 -1 -1 -1 -1 -1 -1 -1 -1 -1 -1 -1
12 0 -1 -1 -1 -1 -1 -1 -1 -1 -1 -1 -1 -1 -1 -1 -1
12 1 -1 -1 -1 -1 -1 -1 -1 -1 -1 -1 -1 -1 -1 -1 -1
12 2 -1 -1 -1 -1 -1 -1 -1 -1 -1 -1 -1 -1 -1 -1 -1
12 3 -1 -1 -1 -1 -1 -1 -1 -1 -1 -1 -1 -1 -1 -1 -1
12 4 -1 -1 -1 -1 -1 -1 -1 -1 -1 -1 -1 -1 -1 -1 -1
12 5 -1 -1 -1 -1 -1 -1 -1 -1 -1 -1 -1 -1 -1 -1 -1
12 6 -1 -1 -1 -1 -1 -1 -1 -1 -1 -1 -1 -1 -1 -1 -1
12 7 -1 -1 -1 -1 -1 -1 -1 -1 -1 -1 -1 -1 -1 -1 -1
12 8 -1 -1 -1 -1 -1 -1 -1 -1 -1 -1 -1 -1 -1 -1 -1
12 9 -1 -1 -1 -1 -1 -1 -1 -1 -1 -1 -1 -1 -1 -1 -1
12 10 -1 -1 -1 -1 -1 -1 -1 -1 -1 -1 -1 -1 -1 -1 -1
12 11 -1 -1 -1 -1 -1 -1 -1 -1 -1 -1 -1 -1 -1 -1 -1
12 12 -1 -1 -1 -1 -1 -1 -1 -1 -1 -0.000197689 -1 -1 -1 -1 -1
12 13 -1 -1 -1 -1 -1 -1 -1 -1 -1 -1 -1 -1 -1 -1 -1
12 14 -1 -1 -1 -1 -1 -1 -1 -1 -1 -1 -1 -1 -1 -1 -1
13 0 -1 -1 -1 -1 -1 -1 -1 -1 -1 -1 -1 -1 -1 -1 -1
13 1 -1 -1 -1 -1 -1 -1 -1 -1 -1 -1 -1 -1 -1 -1 -1
13 2 -1 -1 -1 -1 -1 -1 -1 -1 -1 -1 -1 -1 -1 -1 -1
13 3 -1 -1 -1 -1 -1 -1 -1 -1 -1 -1 -1 -1 -1 -1 -1
13 4 -1 -1 -1 -1 -1 -1 -1 -1 -1 -1 -1 -1 -1 -1 -1
13 5 0.00389405 -1 -1 -1 -1 -1 -1 -1 -1 -1 -1 -1 -1 -1 -1
13 6 -1 -1 -1 -1 -1 -1 -1 -1 -1 -1 -1 -1 -1 -1 -1
13 7 -1 -1 -1 -1 -1 -1 -1 -1 -1 -1 -1 -1 -1 -1 -1
13 8 -1 -1 -1 -1 -1 -1 -1 -1 -1 -1 -1 -1 -1 -1 -1
13 9 -1 -1 -1 -1 -1 -1 -1 -1 -1 -1 -1 -1 -1 -1 -1
13 10 -1 -1 -1 -1 -1 -1 -1 -1 -1 -1 -1 -1 -1 -1 -1
13 11 -1 0.022677 -1 -1 -1 -1 -1 -1 -1 -1 -1 -1 -1 -1 -1
13 12 -1 -1 -1 -1 -1 -1 -1 -1 -1 -1 -1 -1 -1 -1 -1
13 13 -1 -1 -1 -1 -1 -1 -1 -1 -1 -1 -1 -1 -1 -1 -1
13 14 -1 -1 -1 -1 -1 -1 -1 -1 -1 0.00178389 -1 -1 -1 -1 -1
14 0 -1 -1 -1 -1 -1 -1 -1 -1 -1 -1 -1 -1 -1 -1 -1
14 1 -1 -1 -1 -1 -1 -1 -1 -1 -1 -1 -1 -1 -1 -1 -1
14 2 -1 -1 -1 -1 -1 -1 -1 -1 -1 -1 -1 -1 -1 -1 -1
14 3 -1 -1 -1 -1 -1 -1 -1 -1 -1 -1 -1 -1 -1 -1 -1
14 4 -1 -1 -1 -1 -1 -1 -1 -1 -1 -1 -1 -1 -1 -1 -1
14 5 -1 -1 -1 -1 -1 -1 -1 -1 -1 -1 -1 -1 -1 -1 -1
14 6 -1 -1 -1 -1 -1 -1 -1 -1 -1 -1 -1 -1 -1 -1 -1
14 7 -1 -1 -1 -1 -1 -1 -1 -1 -1 -1 -1 -1 -1 -1 -1
14 8 -1 -1 -1 -1 -1 -1 -1 -1 -1 -1 -1 -1 -1 -1 -1
14 9 -1 -1 -1 -1 -1 -1 -1 -1 -1 -1 -1 -1 -1 -1 -1
14 10 -1 -1 -1 -1 -1 -1 -1 -1 -1 -1 -1 -1 -1 -1 -1
14 11 -1 -1 -1 -1 -1 -1 -1 -1 -1 -1 -1 -1 -1 -1 -1
14 12 -1 -1 -1 -1 -1 -1 -1 -1 -1 -1 -1 -1 -1 -1 -1
14 13 -1 -1 -1 -1 -1 -1 -1 -1 0.00961476 -1 -1 -1 -1 -1 -1
14 14 -1 0.00181932 -1 0.00261844 -1 -1 -1 -1 -1 -1 -1 -1 -1 -1 -1

5000 2431 3.72121 2 0 11 -1 0 0 0
0 0 0.325522 0.48654 0.810133 1.06658 1.26609 1.38436 1.95771 0.564588 1.64418 2.66741 1.09515 3.37835 1.54794 0.695277 0.163503
0 1 0.000602964 0.243661 0.406101 0.412245 0.436283 0.4415 0.339551 0.459166 0.427003 1.13141 1.79693 2.03482 0.345733 0.276182 0.0251667
0 2 0.000134425 0.000344492 0.057717 0.142027 0.362688 0.537915 0.27662 0.191933 0.432211 1.13304 1.27646 1.93692 0.567784 0.0521142 0.0510871
0 3 0.000703596 0.000538561 0.000414615 0.00439875 0.247626 0.403376 0.144116 0.17498 0.392346 0.179109 0.834523 1.1162 0.305403 0.238886 0.185047
0 4 -1 -1 0.000775384 0.000737266 0.000348265 0.279732 0.391123 0.0104168 0.217605 0.89415 0.205822 0.398009 0.148504 0.0349841 0.0577662
0 5 -1 -0.000648053 -6.42195e-06 0.000626737 -0.000140565 -6.04349e-05 0.00297532 0.00775939 0.373116 0.276222 0.211113 0.267945 0.237643 0.102318 0.0448357
0 6 -1 -1 0.000902379 0.0011315 0.000569261 -0.000333885 0.131513 0.00375414 0.1363 0.08587 0.0781771 0.484652 0.11119 0.252443 0.103822
0 7 -1 -1 -1 -1 -1 0.000495529 0.00100654 0.000472557 0.0748053 0.0107132 0.0232405 0.0135159 0.0149074 0.281088 0.0906034
0 8 -1 -1 -1 -1 0.000804646 0.000283191 0.000360816 0.000709739 0.000613797 0.000478153 0.0964556 0.0469167 0.133003 0.0649277 0.0380137
0 9 -1 -1 -1 0.00045924 -1 -1 -7.95885e-05 4.9786e-05 0.000635786 0.000864763 0.0740825 0.000226883 0.00870438 0.815414 0.0451283
0 10 -1 -1 -0.000961494 -1 -1 -1 0.000350381 0.00025869 0.000493258 0.000313203 0.000950685 0.0477992 0.00879847 0.100711 0.12087
0 11 -1 -1 -1 -1 -1 -1 -1 -1 0.000137081 0.00813293 0.000788151 0.000586305 0.0091789 0.303516 0.13401
0 12 -1 -1 -1 -1 -1 -1 -1 -1 -1 0.000940936 0.000696623 0.0011925 0.00904132 0.397183 0.0388337
0 13 -1 -1 -1 -1 -1 -1 -1 -1 -1 -1 0.000478854 0.0237482 0.00856595 0.0229795 0.0406729
0 14 -1 -1 -1 -1 -1 -1 -1 -1 -1 -1 -1 -1 0.00856481 0.0190439 0.0862587
1 0 0.43415 0.713592 0.743921 1.12559 1.40693 1.68908 1.62934 2.49339 1.95482 2.26338 2.87736 3.5217 3.64513 0.111996 -1
1 1 0.0994661 0.218172 0.743425 0.75896 0.615862 1.50846 1.24617 0.968865 1.67945 2.09968 2.27779 2.51855 0.191023 0.100257 0.00181682
1 2 0.00036567 0.0106277 0.183645 0.385711 0.673049 0.208672 0.4424 1.2196 1.37709 1.91766 1.93986 0.0113299 0.0121521 0.0116366 0.00993179
1 3 2.14089e-05 0.000670946 0.00739281 0.0640106 0.529427 0.228911 0.573919 0.844107 0.463898 1.14646 1.54298 1.88335 2.30784 0.0158565 0.0110444
1 4 9.8658e-05 0.000239179 0.00117812 0.00554985 0.0241737 0.00730146 0.0460098 0.294609 0.656874 0.69388 0.224702 1.07425 1.23196 0.0252167 -1
1 5 -0.000593553 -0.000448426 0.00070408 0.0015159 0.00204176 0.181727 0.297337 0.346339 0.053432 0.955536 0.675958 0.513232 1.84592 0.0103846 0.00633964
1 6 -1 -1 0.000399571 0.00200671 0.00149314 0.00493276 0.0149706 0.0219492 0.00687807 0.0384241 0.362695 0.486481 1.38361 0.0718955 0.0101746
1 7 -1 -1 0.000275821 0.00053033 0.00134709 0.00131312 0.00180108 0.0105099 0.0146523 0.0535536 0.018872 0.130835 0.0285355 0.0232764 0.0666163
1 8 -1 -1 0.000890112 0.000684451 0.00150595 0.0015738 0.000775816 0.00148675 0.0941282 0.0223265 0.00249786 0.219583 0.0401086 0.050851 0.0184878
1 9 -1 -1 -1 0.00051497 0.000997425 0.000674764 -0.000142165 0.000567195 0.000710124 0.0115361 0.0131441 0.033167 0.0367248 0.143837 0.0170502
1 10 -1 -1 -1 0.000683857 -1 -8.45773e-05 0.000657287 0.00116844 0.000589778 0.000569828 0.00759452 0.0332765 0.24818 0.970265 0.0273819
1 11 -1 -1 -1 -1 -1 -0.000667616 -0.000341206 -1 0.000457382 0.00142888 0.00167431 0.00560473 0.0220827 0.0277288 0.0254802
1 12 -1 -1 -1 -1 -1 -1 -1 0.000336607 -3.5638e-05 0.00042359 0.000410456 0.000859907 0.0390073 0.0574346 0.0988287
1 13 -1 -1 -1 -1 -1 -1 -1 -1 -1 -1 0.000205576 0.00863807 0.0197686 0.0345321 0.200324
1 14 -1 -1 -1 -1 -1 -1 -1 -1 -1 -1 -1 0.011015 0.0116744 0.0154351 0.0620457
2 0 0.793261 0.936347 0.957608 1.21022 1.23453 1.46953 2.11935 2.52857 1.72465 2.88129 3.41479 3.72121 0.359849 -1 -1
2 1 0.123272 0.423751 0.622355 0.973083 0.974502 1.50765 1.11142 1.65364 1.74602 2.72182 2.42517 -4.52675e-05 0.0112775 -1 -1
2 2 0.0745104 0.218081 0.171008 0.35341 0.725251 0.729767 1.09583 1.55959 1.43831 1.81186 1.87698 2.61341 0.00402174 -1 -1
2 3 0.000526885 0.0105942 0.0112106 0.0651265 0.166532 0.731204 1.12903 1.01676 0.978352 1.33251 1.50112 0.259889 0.0164676 0.00838943 -1
2 4 8.62037e-05 0.000756126 0.000691472 0.00199063 0.268666 0.501947 0.931403 0.649977 0.408665 0.721684 0.411106 1.36264 0.0132304 0.000352561 0.00282696
2 5 -0.000120068 -1 0.000510329 0.000820269 0.0177909 0.0518866 0.213324 0.441855 0.262951 0.357682 1.3916 0.0226392 0.0245317 0.00373903 0.0104174
2 6 -1 -0.000252919 -0.000188978 0.00135631 0.0011287 0.0492328 0.0138239 0.101384 0.433567 0.205013 0.0239296 1.11625 0.0193176 0.0113824 0.00733682
2 7 -1 -0.000278532 -7.85924e-06 0.00112381 0.00116066 0.00251053 0.00150379 0.0107907 0.0728795 0.0114197 0.184109 0.185337 0.0310965 0.0127509 0.0146685
2 8 -1 -0.000877257 -0.000144225 0.00138651 0.000986174 0.000931176 0.00195329 0.00648502 0.360113 0.0562832 0.361388 1.21461 0.349705 0.0164431 0.0145893
2 9 -1 -0.000643828 0.000117474 0.0015309 0.0016892 0.000882379 0.000851068 0.00072692 0.007873 0.254313 0.323102 0.0444347 0.0405543 1.12582 0.021123
2 10 -1 -1 0.000385347 0.000250532 -1 -0.000494425 0.000241497 0.000303059 0.0026664 0.00254796 0.042551 0.3693 0.545314 0.0153154 0.0326332
2 11 -1 -1 -1 -1 -1 -0.000380559 -0.000498203 -1.25933e-05 0.000558068 0.000592054 0.00866726 0.0230803 0.0351212 0.384689 0.0195909
2 12 -1 -1 -1 -1 -1 -1 -1 6.7658e-06 0.000115571 0.0210437 0.000657822 0.0583109 0.191109 0.0289981 0.373372
2 13 -1 -1 -1 -1 -1 -1 -1 -1 -1 3.43876e-05 0.00856139 0.0508255 0.0248827 0.027881 0.0711231
2 14 -1 -1 -1 -1 -1 -1 -1 0.0183015 -1 0.0276752 0.00852915 0.00872608 0.0190439 0.020783 0.057228
3 0 0.554437 0.88592 1.18484 1.31205 1.74995 1.98549 2.0591 2.4695 2.51813 3.32974 3.69446 1.02911 -1 -1 -1
3 1 0.310982 0.612332 0.723124 0.81854 1.30921 1.29843 1.32161 1.88435 2.08184 2.47097 3.06581 1.02769 -1 -1 -1
3 2 0.187037 0.385055 0.367048 0.507442 0.882023 1.29348 1.52168 1.56947 1.86086 1.96247 2.73777 1.33035 -1 -1 -1
3 3 0.0693168 0.153632 0.0854731 0.386434 0.408735 0.411344 1.22905 1.29716 1.30369 1.40186 2.53681 0.0499323 0.00870587 0.00688175 0.00367985
3 4 -9.18642e-06 0.0052407 0.0120263 0.0746359 0.387834 0.68656 0.482781 1.14942 1.01361 1.80563 2.00553 1.7685 0.0155137 0.00649056 -0.000329525
3 5 -1 0.00064943 0.00073489 0.000611584 0.00810528 0.169508 0.186843 0.625015 1.01671 1.00934 1.88803 0.181098 0.0240882 0.0108679 0.0088591
3 6 -1 0.00110276 2.37922e-05 0.000987314 0.128877 0.0144917 0.128808 0.505924 0.33145 0.590238 0.624844 0.0406767 0.0104012 0.0357596 0.010034
3 7 -1 -0.000578707 0.000873317 0.00106976 0.000843364 0.00662043 0.0340017 0.0389572 0.0603323 0.0381021 1.26394 0.0383475 0.0167807 0.00766754 0.0122673
3 8 -1 0.000195405 0.000148119 0.00133956 0.0014071 0.00163389 0.00122613 0.00147278 0.0101636 0.645977 0.0720436 1.05183 0.214161 0.0341638 0.00923417
3 9 -1 -0.000359798 0.000718638 0.00236916 0.0015829 0.00135905 0.000886722 0.00139676 0.00716138 0.0144596 0.508668 0.679462 0.0232231 0.0738142 0.0144404
3 10 -0.000919505 -1 0.000252 0.000246605 -1 0.000547333 0.00117505 0.000800793 0.00182136 0.00441856 0.43714 0.469805 0.248273 0.0186238 0.014637
3 11 -1 -1 3.7948e-05 -1 -1 0.000272066 0.000851364 0.000832175 0.000649139 0.00223631 0.0317636 0.29399 0.0356542 0.0264512 0.0160673
3 12 -1 -1 -1 -1 -1 -1 -1 0.000194444 0.00913485 0.000588104 0.0345288 0.0378216 0.0813784 0.427179 0.0243771
3 13 -1 -1 -1 -1 -1 -1 -1 -1 0.00863465 0.0086376 0.0276521 0.0382471 0.0271411 0.0274543 0.219223
3 14 -1 -1 -1 -1 -1 -1 -1 -1 -1 0.00861168 0.0113202 0.0238219 0.0156485 0.0196762 0.0998611
4 0 0.472022 1.35153 1.4993 1.76562 1.73311 2.16891 2.27666 2.70113 3.04906 3.64465 3.0831 0.103993 -1 -1 -1
4 1 0.276095 0.642678 0.921149 0.635574 1.09686 1.80852 1.74489 2.07764 2.50248 3.06808 2.72819 -1 -1 -1 -1
4 2 0.301907 0.398909 0.437716 1.08409 1.28912 1.66578 1.39604 1.66905 1.94669 2.43944 2.5849 -1 -1 -1 -1
4 3 0.120657 0.185378 0.463823 0.529002 0.447833 0.770817 0.908535 1.21434 2.18421 2.1336 2.2114 0.00563598 -1 -1 -1
4 4 0.121098 0.0202135 0.116884 0.327131 0.606803 0.579049 0.791454 1.01812 1.06701 1.1139 2.00879 0.00758749 0.00083523 -0.000914642 -1
4 5 6.11699e-05 0.000477134 0.0077789 0.0146957 0.0156065 0.452521 0.0930169 0.536441 1.23553 1.93484 0.0275413 0.21254 0.00963434 -1 -1
4 6 -0.000328349 -0.000631635 0.000902565 0.00672 0.00184507 0.0194445 0.0187565 0.358872 0.450317 0.524688 1.56244 1.53225 0.00751633 0.00093933 0.00950927
4 7 -1 0.000641237 0.0014963 0.00102332 0.00190415 0.00299203 0.0106052 0.168257 0.0395553 0.225583 0.767263 0.0194083 0.0183743 0.0369109 0.00532009
4 8 -1 -0.000927871 0.000511447 0.00150737 0.00192733 0.00174795 0.0162793 0.0214914 0.027711 0.416192 0.0572909 0.0175123 0.359721 0.0101711 0.00590755
4 9 -1 -1 0.00141832 0.0013062 0.00121451 0.00130773 6.0386e-05 0.000891332 0.0023754 0.351331 0.318178 0.354935 0.857223 0.0644093 0.0138226
4 10 -1 -0.00068271 0.000822767 0.000885554 0.00134239 0.000317752 0.001768 0.0172158 0.0169419 0.304766 0.034255 0.143836 0.0164031 0.00939968 0.0129761
4 11 -0.0015885 -0.000698524 -1 -0.000679557 0.000708428 -1 -0.000137382 0.000172328 0.000486357 0.0275172 0.0479744 0.0372395 0.487765 0.155675 0.00988808
4 12 -1 -1 -1 -1 -1 -1 -1 -2.1486e-05 0.0179642 0.0256913 0.0339363 0.0297861 0.0313279 0.0220655 0.0174744
4 13 -1 -1 -1 -1 -1 -1 0.00860739 0.000797805 0.0232279 0.0355955 0.0364599 0.0294264 0.0263365 0.0675031 0.267931
4 14 -1 -1 -1 -1 -1 -1 -1 0.00861617 0.00854981 0.0181333 0.0121151 0.0144921 0.0175319 0.0296518 0.0751592
5 0 0.636683 1.28384 1.56232 1.92914 2.08623 2.37228 2.68597 2.95932 3.60157 3.60252 0.158085 -1 -1 -1 -1
5 1 0.849658 0.810183 1.21226 1.30372 1.71283 1.99049 2.21472 2.39274 2.52423 2.31448 2.45636 -1 -1 -1 -1
5 2 0.230657 0.359198 1.02581 1.24307 1.17327 1.17378 1.7495 1.99736 2.51395 2.36975 2.67683 -1 -1 -1 -1
5 3 0.31731 0.190123 0.952108 0.76191 0.629663 1.23283 1.06047 1.453 1.72844 1.86779 2.57124 0.00123845 -1 -1 -1
5 4 0.0353556 0.220203 0.467246 0.274983 0.521102 0.875959 0.984819 1.08554 1.27272 1.41014 2.51197 2.28153 0.00956544 -1 -1
5 5 0.0351158 0.0882808 0.0328055 0.0794374 0.137746 0.363506 0.481353 0.847949 0.833687 1.31761 0.773013 0.000397929 0.000505241 -1 -1
5 6 -1 0.0144239 0.00870661 0.0151857 0.0319606 0.0203713 0.0547843 0.519791 0.680706 0.760286 0.0106696 0.0133021 0.0190463 0.012011 -1
5 7 -0.00148908 0.00180769 0.000734568 0.0019166 0.0114953 0.0162282 0.0289236 0.267872 0.153432 1.72773 1.16943 0.0071848 0.0119025 0.0111286 -1
5 8 -1 0.000470875 0.000970954 0.00140849 0.00829115 0.0106301 0.0147492 0.0513457 0.0852918 0.151964 0.0298757 0.202974 0.02955 0.0103062 0.0487833
5 9 -0.000152864 -0.000412119 0.000472412 0.0015229 0.00156465 0.00171426 0.008128 0.0155334 0.0283516 0.41489 0.142109 0.0312079 0.00395063 0.00043848 0.020059
5 10 -1 0.000377711 0.000600016 0.00133635 0.00123489 0.00163041 0.00089535 0.00785946 0.0174641 0.0372666 0.0226526 0.262714 0.865288 0.00443135 0.0165798
5 11 -1 -0.000673523 0.000385705 -0.000253032 0.000189746 6.63522e-05 0.00027863 0.00940195 0.355071 0.0304799 0.0142597 0.0163582 0.0267425 0.285761 0.0136784
5 12 -1 -0.000333904 -1 -1 -1 0.000224778 0.000467121 0.00864514 0.0571336 0.0291055 0.035025 0.0195882 0.268527 0.431217 0.0148531
5 13 -1 -1 -1 -1 -1 -1 -1 0.00867135 0.026683 0.0268833 0.0352927 0.0274158 0.0245482 0.121312 0.103232
5 14 -1 -1 -1 -1 -1 -1 0.00878004 0.00906754 0.00884078 0.0140052 0.0239841 0.0470186 0.0158688 0.0212484 0.0435574
6 0 0.682644 1.33542 1.43899 1.47872 2.48198 2.05517 3.11032 3.58289 3.63179 0.249818 -1 -1 -1 -1 -1
6 1 0.346676 0.635468 1.61416 1.23223 1.98209 2.18537 2.45481 2.79775 2.9226 -1 -1 -1 -1 -1 -1
6 2 0.293005 0.491842 0.898748 1.00175 1.66037 1.45714 2.13407 2.15864 2.25962 2.20965 -1 -1 -1 -1 -1
6 3 0.257077 0.556805 0.676643 0.457295 0.8934 1.39264 1.68093 2.27412 1.78066 2.45223 2.03676 -1 -1 -1 -1
6 4 0.199713 0.30485 0.918439 0.477984 1.10923 1.16111 1.14674 1.45445 2.11305 1.47094 2.07258 -0.000202068 -1 -1 -1
6 5 0.146695 0.13291 0.200396 0.614433 0.633746 0.541059 1.18275 1.22464 1.6282 1.43754 0.0153768 1.71931 -1 -1 -1
6 6 -0.000265475 0.0368597 0.139644 0.395352 0.00974766 0.339575 0.706012 0.921266 1.01741 0.772583 0.00921482 0.0158436 5.29578e-05 0.00998373 -1
6 7 8.60155e-05 0.000869528 0.00620166 0.0113696 0.0817981 0.212414 0.245591 0.502059 0.553416 0.510705 0.325222 0.00521088 0.00122995 0.00508867 -1
6 8 -1 -7.64786e-05 0.00119236 0.00791629 0.0106878 0.0204733 0.0220263 0.0619601 0.454424 1.4395 0.698956 0.0416007 0.00822443 0.00795964 0.0092385
6 9 -1 0.000579786 0.000879109 0.00149405 0.00133881 0.00751887 0.0126205 0.0284018 0.028312 0.245082 0.768957 0.00722483 0.00729151 0.0102949 0.008444
6 10 -1 0.000765235 0.0011161 0.00130283 0.00132012 0.000957693 0.000537933 0.0356943 0.0332605 0.471725 0.398884 0.846864 0.0214252 0.00603571 0.0118836
6 11 -1 2.45665e-05 0.000933865 0.000201548 -1.11953e-05 0.00859804 0.0087666 0.0199024 0.0310369 0.0187552 0.0140193 0.0282159 0.0110499 0.0156246 0.0103746
6 12 -1 -1 -1 -1 -1 0.000375524 0.0100135 0.0375178 0.0355592 0.024736 0.025121 0.0173332 0.226475 0.0155361 0.0149317
6 13 -1 -1 -1 -1 -1 -1 0.013843 0.0260509 0.0344018 0.025447 0.0253824 0.0216314 0.0246092 0.0300211 0.0180219
6 14 -1 -1 -1 -1 0.00851889 -1 0.00869202 0.00857604 0.0214126 0.0412361 0.0287626 0.0148347 0.015326 0.0166429 0.0894103
7 0 0.958616 1.32544 1.59182 1.93231 2.72162 2.99877 3.50356 3.4815 0.239766 -1 -1 -1 -1 -1 -1
7 1 0.493347 0.506077 0.795497 1.56903 2.15309 2.91628 3.21832 2.5003 1.45536 -1 -1 -1 -1 -1 -1
7 2 0.231079 0.766596 0.949782 1.95606 1.78699 2.00384 2.20077 2.22763 2.21775 2.22887 -1 -1 -1 -1 -1
7 3 0.307155 0.466161 0.562425 0.721942 1.45783 1.59437 1.87284 2.01966 2.06555 2.27598 -1 -1 -1 -1 -1
7 4 0.270732 0.43215 0.810437 1.11992 1.09636 1.21183 1.6357 1.84908 1.89199 1.86221 -1 -1 -1 -1 -1
7 5 0.0541384 0.0441834 0.383114 0.142758 0.760063 0.744727 1.43756 1.50973 1.40543 1.29975 1.7455 1.71825 -1 -1 -1
7 6 0.0394547 0.184041 0.0663392 0.162532 0.435356 0.693677 1.15581 1.19684 1.15151 0.769991 0.0147691 1.57511 1.64037 -1 -1
7 7 0.000205506 0.2306 0.0397003 0.013313 0.0603176 0.488967 0.53456 0.795823 1.00011 0.880944 1.32283 0.0147549 0.000154766 0.270677 -1
7 8 -0.000926248 0.00159714 0.00857677 0.00968016 0.0521972 0.0404758 0.0144791 0.932878 0.0561648 0.272107 0.518325 1.09913 0.000575569 2.90226e-05 0.00561995
7 9 -0.000906435 0.000320366 0.00115187 0.0181087 0.00816497 0.0176146 0.0469835 0.0393098 0.138763 0.399308 0.209359 0.0185097 0.00113982 0.0141294 0.00344867
7 10 -1 0.000359219 0.00123154 0.00138341 0.00867873 0.0141007 0.0140214 0.0362125 0.0204534 0.0163084 0.70326 0.00798991 0.00800092 0.00592873 0.010016
7 11 -1 0.000514941 0.000829932 0.000673184 0.000383451 0.0087584 0.0218239 0.0356703 0.0242858 0.0170317 0.00857284 0.392243 0.706385 0.0113584 0.0099947
7 12 -1 -0.000830394 -1 0.0184351 1.78532e-05 -2.95842e-05 0.0207262 0.0794825 0.0270639 0.0192868 0.0238392 0.017901 0.018071 0.00837887 0.012664
7 13 -1 -1 -1 -1 0.0149846 0.00860784 0.0256815 0.0280026 0.0290601 0.0267946 0.0298758 0.0160807 0.0167222 0.102063 0.136723
7 14 -1 -1 -1 0.00864302 0.00860295 0.00865162 -1 0.018125 0.0171195 0.0176212 0.0119322 0.0197421 0.0298449 0.0967158 0.0833209
8 0 1.05836 0.749533 1.36729 2.48229 3.17611 3.47935 3.51024 0.229384 -1 -1 -1 -1 -1 -1 -1
8 1 0.36549 0.884852 1.53396 2.3313 2.43401 2.92187 0.00742266 -1 -1 -1 -1 -1 -1 -1 -1
8 2 0.198008 0.740119 1.95524 1.70284 2.22751 2.09695 2.86704 2.3212 2.24043 -1 -1 -1 -1 -1 -1
8 3 0.268009 0.704669 1.14064 0.929312 1.73211 1.6756 2.00766 2.17435 2.1766 -1.46049e-05 -1 -1 -1 -1 -1
8 4 0.310221 0.658033 0.851747 0.976471 1.36052 1.52182 2.04879 1.95547 1.80278 1.8706 -1 -1 -1 -1 -1
8 5 0.410825 0.572786 1.0286 0.802012 0.676403 1.67507 1.43644 1.69255 1.56187 1.79644 1.8396 1.72771 -1 -1 -1
8 6 0.100275 0.187638 0.0303948 0.5472 0.419543 1.61462 1.34056 1.24294 1.3015 1.38387 1.57694 0.210162 -1 -1 -1
8 7 0.0257341 0.394993 0.217013 0.132448 0.969946 0.483828 1.02303 1.11881 0.942303 1.08653 0.902497 0.916045 -5.91631e-05 -1 -1
8 8 0.0116057 0.0261435 0.0144194 0.0808861 0.22005 0.686434 0.459698 0.587746 0.585404 0.289161 0.937737 0.662945 2.65581e-05 0.000251663 -1
8 9 -0.000480922 0.000273531 0.00894091 0.0122522 0.0184848 0.0304767 0.263396 0.377905 0.0635943 0.122825 0.547745 0.485499 0.0022887 0.00169301 -1
8 10 -0.000398208 0.000528144 0.00146684 0.00186335 0.0225678 0.0528646 0.030553 0.0250771 0.0181604 0.180283 0.797927 0.00604017 0.716809 0.000309562 0.00148382
8 11 -1 0.000606832 0.00104141 0.000232876 0.00851717 0.0188274 0.0389415 0.0174211 0.00996492 0.0184236 0.0204194 0.0120166 0.0119137 0.000614242 0.000791251
8 12 -1 -0.000282467 -0.000444118 -1 -0.00043763 0.0317668 0.0320901 0.0181234 0.0291316 0.00976557 0.480514 0.0107932 0.0921574 0.0498812 0.00741209
8 13 -0.000153618 -1 -1 0.00887592 0.0201778 0.0336447 0.0255398 0.0297122 0.0223632 0.0198318 0.024952 0.0164997 0.0188893 0.0222952 0.0158331
8 14 -1 -1 -1 -1 -1 0.0151256 0.0196374 0.0175059 0.0174018 0.0225695 0.017072 0.0157896 0.0173904 0.0208909 0.10697
9 0 0.821813 1.45057 1.0703 3.38076 3.5976 3.07076 -1 -1 -1 -1 -1 -1 -1 -1 -1
9 1 1.03743 2.63087 1.94561 2.48212 2.5958 3.06659 -1 -1 -1 -1 -1 -1 -1 -1 -1
9 2 0.525362 1.65276 0.187279 1.49102 2.73594 2.26036 2.77476 -1 -1 -1 -1 -1 -1 -1 -1
9 3 0.227321 0.669404 0.980534 0.468259 1.95018 0.00950701 2.10796 2.14493 -1 -1 -1 -1 -1 -1 -1
9 4 0.282362 0.36028 0.966909 1.38901 1.49329 1.48378 2.25833 1.86076 1.92092 -1 -1 -1 -1 -1 -1
9 5 0.308235 0.522708 0.961249 1.38892 0.947324 1.78816 1.30873 1.97044 1.72023 1.82002 2.1233 -1 -1 -1 -1
9 6 0.371857 0.279198 0.72092 1.34344 2.01943 1.18719 1.49148 1.59729 1.69688 1.53458 1.41518 1.44856 -1 -1 -1
9 7 0.115751 0.0192818 0.63773 0.441732 0.91455 0.518408 0.489874 1.26311 1.35749 1.31503 1.38906 1.34817 -1 -1 -1
9 8 0.185624 0.0782876 0.123218 0.238982 0.592446 0.915417 0.739268 0.898052 0.603898 1.23774 1.16832 0.00167336 1.21044 -1 -1
9 9 -9.76426e-05 0.0133628 0.0259506 0.243934 0.269756 0.32843 0.302427 0.0150259 0.210211 0.229327 0.59543 0.840473 0.00440983 0.00272602 -0.00040202
9 10 -1 0.000990465 0.0107883 0.00871235 0.104128 0.0306737 0.0186555 0.0232352 0.625725 0.220066 0.0170968 0.0251258 0.000875989 0.00177145 0.00205291
9 11 -0.000334885 0.000868621 0.00855764 0.0138515 0.034906 0.0303123 0.0219304 0.014992 0.0344817 0.00742758 0.0176006 0.560405 0.00888717 0.0148659 0.00286153
9 12 -1 -0.000416355 0.000227137 -0.000143972 0.0411208 0.0311052 0.0281688 0.0185295 0.0236463 0.0193415 0.0167712 0.0222369 0.0151884 0.0149766 0.0488532
9 13 -1 -1 0.0126005 0.0181809 0.0271616 0.0306685 0.0336879 0.020484 0.0201503 0.0287755 0.0253245 0.0173471 0.0207547 0.253702 0.0240148
9 14 -1 -1 0.0085607 0.008916 0.00855983 0.0180304 0.016309 0.0154787 0.0161024 0.0164874 0.0454697 0.0364347 0.0116957 0.0182642 0.103389
10 0 0.952223 2.90351 3.52391 3.5537 3.12117 -1 -1 -1 -1 -1 -1 -1 -1 -1 -1
10 1 1.94253 2.52025 2.33751 2.61939 -0.00168264 -1 -1 -1 -1 -1 -1 -1 -1 -1 -1
10 2 0.219863 2.17611 2.12421 2.56265 2.2554 -1 -1 -1 -1 -1 -1 -1 -1 -1 -1
10 3 0.0864521 0.852267 1.34748 2.15083 2.20825 2.21053 -0.000110319 6.0234e-05 -1 -1 -1 -1 -1 -1 -1
10 4 0.0717876 0.0716878 0.0229943 0.0936758 0.0161395 0.00662719 -1 -1 -1 -1 -1 -1 -1 -1 -1
10 5 0.199818 0.246096 0.691098 1.0109 0.0228602 0.0272443 0.0115254 2.03079 1.80025 -1 -1 -1 -1 -1 -1
10 6 0.332746 0.658781 1.21786 0.409781 0.427205 1.11644 0.764093 1.23332 0.000811485 1.53284 1.53419 -1 -1 -1 -1
10 7 0.299474 0.570535 1.00928 1.35473 1.75299 0.631663 1.10216 1.5741 1.09198 1.41818 1.21617 1.30013 -1 -1 -1
10 8 0.05562 0.352746 0.0952063 0.41612 1.15091 0.825171 0.54955 0.879757 0.965414 1.07679 1.1099 1.24167 -1 -1 -1
10 9 0.294006 0.0221761 0.145679 0.193741 0.689865 0.746424 0.40369 0.452854 0.743269 0.912365 0.935026 0.844263 0.81886 2.66152e-05 -1
10 10 -0.000461253 0.326278 0.0103245 0.143556 0.303548 0.239982 0.0241542 0.0290333 0.0852359 0.0328634 0.725159 0.718593 0.531783 0.000692157 -0.000106907
10 11 -0.000736514 0.00148237 0.00855235 0.0303745 0.0312212 0.0252432 0.0198771 0.173039 0.00872514 0.0360648 0.0366295 0.187623 0.244362 0.00369103 0.00234522
10 12 -0.000675559 0.00062226 0.00935758 0.0199614 0.035902 0.0332803 0.0182655 0.0234297 0.0119557 0.0126974 0.364771 0.00944658 0.0616172 0.0107557 0.000378421
10 13 -1 0.00850759 0.0087373 0.0283846 0.0298881 0.0567664 0.032204 0.0272231 0.0444758 0.0181621 0.0186788 0.017519 0.0129038 0.0184411 0.176736
10 14 -1 0.0181361 0.011999 0.0181524 0.0223059 0.0146231 0.0196763 0.0185201 0.0165901 0.0458258 0.0217491 0.0115509 0.0132074 0.0192607 0.0160641
11 0 1.01012 3.68691 3.5375 -1 -1 -1 -1 -1 -1 -1 -1 -1 -1 -1 -1
11 1 2.46736 2.36289 2.63962 0.00155158 -1 -1 -1 -1 -1 -1 -1 -1 -1 -1 -1
11 2 1.94419 1.24562 2.51656 0.00714227 0.000106594 -1 -1 -1 -1 -1 -1 -1 -1 -1 -1
11 3 0.368002 0.00966732 0.0147586 0.00914098 1.1833e-06 -1 -1 -1 -1 -1 -1 -1 -1 -1 -1
11 4 0.232372 0.532202 0.0142734 0.0116997 0.00312808 1.56371e-05 -1 -1 -1 -1 -1 -1 -1 -1 -1
11 5 0.346976 0.0315739 0.0352478 0.0122385 0.0196453 1.73827 0.0126828 0.000234787 -1 -1 -1 -1 -1 -1 -1
11 6 0.0765761 0.493905 1.04301 0.0448828 0.555894 0.0121946 1.59679 1.39116 1.64541 -1 -1 -1 -1 -1 -1
11 7 0.168996 0.52427 1.30437 1.73306 0.521381 1.11656 0.0486356 1.24537 1.2241 9.4568e-06 1.32284 1.25591 -1 -1 -1
11 8 0.237581 0.612841 1.3644 1.14399 0.167522 0.565293 1.14255 1.11513 1.22675 1.51185 1.30739 1.19649 -1 -1 -1
11 9 0.0592711 0.441252 0.59899 0.827213 0.144709 0.57477 0.536113 1.00536 1.04444 1.063 1.00574 0.97029 1.03899 -1 -1
11 10 0.00875611 0.128749 0.469576 0.648132 0.520957 0.749473 0.164074 0.617341 0.640174 0.707569 0.773986 0.84459 0.810355 0.00067852 -1
11 11 0.0204537 0.0148553 0.0287611 0.0769595 0.137414 0.349858 0.383395 0.0685104 0.432292 0.229234 0.552971 0.56705 0.54302 0.481449 0.000236586
11 12 -0.000527667 0.0277213 0.026199 0.0379521 0.0243122 0.0130312 0.038157 0.0248266 0.188741 0.156367 0.150047 0.244928 0.15564 0.0135561 0.000596644
11 13 -1 0.0146491 0.036789 0.041435 0.0269627 0.0242291 0.0243106 0.0206616 0.0163997 0.0176128 0.0173301 0.009739 0.0117975 0.0681825 0.00715194
11 14 -1 0.0129454 0.015478 0.0202687 0.016233 0.0154271 0.0215243 0.0150185 0.0146219 0.0165031 0.0155538 0.112695 0.015432 0.0100234 0.0388867
12 0 2.67678 3.69001 -1 -1 -1 -1 -1 -1 -1 -1 -1 -1 -1 -1 -1
12 1 2.42053 0.0131781 0.000453795 -1 -1 -1 -1 -1 -1 -1 -1 -1 -1 -1 -1
12 2 2.46901 0.0121703 0.0116604 -1 -1 -1 -1 -1 -1 -1 -1 -1 -1 -1 -1
12 3 0.273023 0.0178601 0.0120362 0.00703685 -1 -1 -1 -1 -1 -1 -1 -1 -1 -1 -1
12 4 0.411729 0.0190454 0.0190729 0.000218205 0.00242433 -1 -1 -1 -1 -1 -1 -1 -1 -1 -1
12 5 0.0385671 1.56747 0.0209188 0.00824743 0.0076318 0.0081388 -1 -1 -1 -1 -1 -1 -1 -1 -1
12 6 0.727882 1.04981 0.259227 0.00256963 0.00950784 0.0037329 1.56521 -1 -1 -1 -1 -1 -1 -1 -1
12 7 0.242093 1.44794 0.0173069 0.0155888 0.00969551 1.33515 0.00866938 0.00352925 -0.000416843 -1 -1 -1 -1 -1 -1
12 8 0.0409195 0.137304 0.9935 1.00864 0.00926303 0.0603128 0.0021572 0.956571 1.14886 1.07218 0.000423118 -1 -1 -1 -1
12 9 0.157047 0.344026 0.203191 0.239208 0.618717 1.17826 0.804784 0.768746 0.914342 1.00554 0.893801 0.915761 -1 -1 -1
12 10 0.330107 0.30499 0.990897 0.772725 0.183164 0.307586 0.726089 0.83321 0.801684 0.84096 0.801767 0.74137 0.821859 -1 -1
12 11 0.0917565 0.0971172 0.366851 0.238615 0.5641 0.0132798 0.680481 0.419087 0.496811 0.693841 0.685346 0.682338 0.691413 0.67083 -1
12 12 0.00850844 0.160409 0.239455 0.0400077 0.253473 0.12046 0.0397447 0.0429813 0.278445 0.361964 0.494364 0.467635 0.51312 0.47446 1.84067e-05
12 13 0.0112863 0.0307353 0.0280856 0.0264081 0.0524571 0.021366 0.0242585 0.0167961 0.22906 0.206285 0.150549 0.176585 0.163481 0.181379 0.0240648
12 14 0.00880475 0.0124807 0.0135276 0.0147664 0.0171976 0.0150194 0.0176808 0.0144747 0.0163446 0.0133603 0.0170638 0.0128879 0.00889207 0.0103041 0.0775445
13 0 2.06646 0.00858799 -1 -1 -1 -1 -1 -1 -1 -1 -1 -1 -1 -1 -1
13 1 1.21473 0.0183494 -1 -1 -1 -1 -1 -1 -1 -1 -1 -1 -1 -1 -1
13 2 0.0306339 0.00960928 -1 -1 -1 -1 -1 -1 -1 -1 -1 -1 -1 -1 -1
13 3 0.267748 0.00766183 0.0100208 -7.06525e-05 -1 -1 -1 -1 -1 -1 -1 -1 -1 -1 -1
13 4 0.0362995 0.0248033 0.00398771 0.00963795 -1 -1 -1 -1 -1 -1 -1 -1 -1 -1 -1
13 5 0.116124 0.0112404 0.00544994 0.0102635 0.00345482 -1 -1 -1 -1 -1 -1 -1 -1 -1 -1
13 6 0.0743804 0.0268162 0.0125054 0.00102554 0.00763699 -1 -1 -1 -1 -1 -1 -1 -1 -1 -1
13 7 0.0586966 0.502505 0.0119629 0.0124794 0.000371197 0.0046613 0.00676494 -1 -1 -1 -1 -1 -1 -1 -1
13 8 0.113451 1.2621 0.0101702 0.465035 0.227534 0.00162737 0.00143057 0.00038668 -1 -1 -1 -1 -1 -1 -1
13 9 0.848721 0.0249448 0.00907866 0.00934763 0.00661483 0.00361842 0.0224143 0.000313634 0.00775037 0.000621328 -1 -1 -1 -1 -1
13 10 0.106167 0.428567 0.140472 0.40268 0.0269688 0.768443 0.0042825 0.00782728 0.00314322 0.809854 0.6811 0.723665 -1 -1 -1
13 11 0.458682 0.220302 0.0966306 0.696243 0.109181 0.488164 0.595635 0.533093 0.728468 0.597773 0.590167 0.554642 0.624648 -1 -1
13 12 0.0254136 0.167371 0.424155 0.391861 0.360139 0.414638 0.502069 0.494232 0.464931 0.502684 0.499942 0.507121 0.55241 0.507886 -1
13 13 0.0247078 0.0346361 0.264411 0.283004 0.235898 0.320714 0.275165 0.324934 0.306982 0.320404 0.303933 0.332119 0.31388 0.340697 0.284692
13 14 0.014296 0.017054 0.0166057 0.0190167 0.0214444 0.0275992 0.0172531 0.0184276 0.0130161 0.0148771 0.0508032 0.0494646 0.0907783 0.0448979 0.0891739
14 0 0.114714 -1 -1 -1 -1 -1 -1 -1 -1 -1 -1 -1 -1 -1 -1
14 1 0.775117 -1 -1 -1 -1 -1 -1 -1 -1 -1 -1 -1 -1 -1 -1
14 2 0.897158 0.00472727 -1 -1 -1 -1 -1 -1 -1 -1 -1 -1 -1 -1 -1
14 3 0.0784043 -1 0.000293537 -1 -1 -1 -1 -1 -1 -1 -1 -1 -1 -1 -1
14 4 0.0276849 0.00793641 0.0134934 0.00248551 -1 -1 -1 -1 -1 -1 -1 -1 -1 -1 -1
14 5 0.027442 0.0063375 0.0107005 -1 0.00547925 -1 -1 -1 -1 -1 -1 -1 -1 -1 -1
14 6 0.0268393 0.00981927 0.00769218 0.0107681 0.00572134 0.0178216 -1 -1 -1 -1 -1 -1 -1 -1 -1
14 7 0.0311774 0.00722461 0.00706192 0.00409953 -0.00144621 0.000833263 -1 -1 -1 -1 -1 -1 -1 -1 -1
14 8 0.0931895 0.0162398 0.00416927 0.00831726 0.0123075 0.000868517 -1 0.00095625 -1 -1 -1 -1 -1 -1 -1
14 9 0.0348519 0.0245277 0.018214 0.0231159 0.011267 0.0047668 0.00485689 -1 0.00529613 -1 -1 -1 -1 -1 -1
14 10 0.0361769 0.0193413 0.031124 0.0136298 0.0128315 0.00857511 0.0123338 0.00774712 0.000230532 0.00689778 3.36091e-05 -1 -1 -1 -1
14 11 0.0471864 0.0219156 0.0265248 0.0340773 0.0210603 0.0101788 0.00884233 0.0103569 0.00781316 0.00362159 0.00995409 0.00567224 -1 -1 -1
14 12 0.256315 0.36067 0.323087 0.34279 0.0278997 0.0138796 0.0134126 0.0602336 0.00958469 0.00700878 0.00708181 0.000571229 -8.25513e-05 -1 -1
14 13 0.229519 0.2199 0.0343859 0.212619 0.220108 0.228652 0.226826 0.287616 0.23969 0.263637 0.328089 0.22807 0.270837 0.176841 0.18331
14 14 0.0645633 0.107532 0.0928013 0.0725494 0.111546 0.120865 0.136229 0.113657 0.141058 0.123303 0.16664 0.136779 0.153274 0.137046 0.170038

