0 19 0.0217565 1 3 3 -1 0 0 0
0 0 -1 -1 -1 -1 -1
0 1 -1 -1 0.00118646 -1 -1
0 2 -1 -1 -1 -1 -1
0 3 -1 -1 -1 -1 0.00675625
0 4 -1 -1 -1 -1 0.0083082
1 0 -1 -1 -1 -1 -1
1 1 -1 -1 -1 -1 -1
1 2 -1 -1 0.00171166 0.000503608 0.00778382
1 3 -1 -1 -1 0.0217565 -1
1 4 -1 -1 -1 0.00702751 0.00123779
2 0 -1 -1 -1 -1 -1
2 1 -1 0.000478161 -1 -1 -1
2 2 -1 0.00076077 0.000155241 0.00150405 -1
2 3 -1 -1 -1 0.00163948 -1
2 4 -1 -1 -1 -1 -1
3 0 -1 -1 -1 -1 -1
3 1 -1 -1 -1 -1 -1
3 2 -1 -1 -0.000133832 -1 -1
3 3 -1 -0.000581158 -1 -1 -1
3 4 -1 -1 -1 -1 -1
4 0 -1 -1 -1 -1 -1
4 1 -1 -1 -1 -1 -1
4 2 -1 -1 -1 -1 -1
4 3 -1 -1 -1 -1 -1
4 4 0.0104674 0.00253413 0.00137196 -1 -1

5000 107 3.79328 3 0 0 -1 0 0 0
0 0 1.33959 1.88374 2.69377 3.73243 3.69018
0 1 0.0307485 1.09665 1.72981 2.59815 2.56665
0 2 7.44669e-05 0.0116286 0.909969 1.88808 1.94084
0 3 0.000544994 0.0016686 0.00866861 0.565143 1.27366
0 4 -1 -1 -1 0.0280886 0.587101
1 0 2.0329 2.62807 3.74163 3.67032 -1
1 1 0.6716 1.99014 2.76103 2.81622 2.04983
1 2 0.00851353 0.296898 1.48946 1.86145 1.69176
1 3 0.00124085 0.00914516 0.139909 1.34732 1.25064
1 4 -1 -1 0.0318095 0.344051 0.644135
2 0 2.7489 3.77544 3.75909 2.67457 -1
2 1 1.51302 2.66124 2.87955 2.78246 -1
2 2 0.777528 1.82739 1.5905 1.90596 1.93717
2 3 0.00850469 0.142132 0.769538 1.31897 1.29393
2 4 -0.000532197 0.0188668 0.43937 0.0958603 0.65591
3 0 3.79328 3.79294 2.92458 -1 -1
3 1 2.53032 2.88867 2.6353 2.46569 -1
3 2 1.86441 1.92314 2.18249 2.02441 1.43006
3 3 1.16546 0.7698 1.19581 1.33618 1.01647
3 4 0.266586 0.459161 0.375602 0.565612 0.6259
4 0 3.79108 -1 -1 -1 -1
4 1 2.26009 2.16005 1.79645 -1 -1
4 2 1.78807 1.81283 1.84729 1.63232 -1
4 3 1.32576 1.29193 1.30937 1.30571 0.834721
4 4 0.561602 0.584707 0.60098 0.614519 0.609518

10000 110 3.79778 4 0 0 -1 0 0 0
0 0 1.33959 1.88374 2.69377 3.7351 3.71892
0 1 0.0957675 1.31877 1.96716 2.74263 2.71048
0 2 0.000524015 0.0151195 0.909969 2.00935 1.94084
0 3 0.00109316 0.0016686 0.0850534 0.674128 1.27366
0 4 -1 -1 0.00855622 0.0280886 0.587101
1 0 2.0329 2.7002 3.74163 3.74373 0.00988292
1 1 0.769792 1.99014 2.76103 2.87791 2.04983
1 2 0.176304 0.404823 1.67911 2.07981 1.89499
1 3 0.00165724 0.0181816 0.139909 1.37496 1.32976
1 4 -1 -0.000567233 0.142869 0.344051 0.644135
2 0 2.7489 3.77544 3.77021 2.80823 -1
2 1 1.58364 2.84605 2.97326 2.83871 -1
2 2 0.804286 1.82739 2.04831 2.10402 1.93717
2 3 0.0524637 0.142132 0.769538 1.33794 1.29393
2 4 0.000328764 0.056745 0.43937 0.574183 0.65591
3 0 3.79328 3.79294 2.92458 -1 -1
3 1 2.54336 2.89799 2.85397 2.46569 -1
3 2 1.91444 2.02925 2.18249 2.12686 1.52002
3 3 1.16546 1.31975 1.22347 1.35885 1.14652
3 4 0.266586 0.459161 0.451549 0.565612 0.6259
4 0 3.79778 -1 -1 -1 -1
4 1 2.26009 2.64538 2.46295 -1 -1
4 2 1.83068 1.81283 1.92709 1.63232 -1
4 3 1.32576 1.31201 1.33772 1.32277 0.834721
4 4 0.569098 0.584707 0.619144 0.614519 0.636436

15000 110 3.79778 4 0 0 -1 0 0 0
0 0 1.37196 2.04682 2.69377 3.77338 3.76903
0 1 0.0957675 1.31877 1.96716 2.82543 2.71048
0 2 0.000524015 0.0182136 0.909969 2.00935 2.0465
0 3 0.00109316 0.0016686 0.0850534 0.674128 1.27366
0 4 -1 -1 0.00855622 0.0280886 0.587101
1 0 2.05409 2.75673 3.7452 3.75339 0.00988292
1 1 0.950206 1.99014 2.92202 2.90288 2.33043
1 2 0.176304 0.404823 2.06686 2.07981 2.01566
1 3 0.00165724 0.0328662 0.20532 1.37496 1.32976
1 4 -1 0.00865426 0.142869 0.403239 0.644135
2 0 2.87768 3.7815 3.77766 2.80823 -1
2 1 1.71944 2.84605 2.97326 2.83871 -1
2 2 0.869966 1.82739 2.13826 2.14925 2.008
2 3 0.0640172 0.142132 1.26663 1.36481 1.36026
2 4 0.00852353 0.056745 0.43937 0.574183 0.65591
3 0 3.79328 3.79294 3.02217 -1 -1
3 1 2.54336 2.89799 2.85397 2.46569 -1
3 2 1.91444 2.03623 2.19009 2.12686 1.52002
3 3 1.29528 1.31975 1.33457 1.40349 1.34748
3 4 0.266586 0.459161 0.473008 0.565612 0.6259
4 0 3.79778 -1 -1 -1 -1
4 1 2.26009 2.64538 2.50102 -1 -1
4 2 1.8464 1.84891 1.92709 1.7065 -1
4 3 1.32576 1.31201 1.33772 1.33041 0.834721
4 4 0.569098 0.590234 0.635199 0.617926 0.636436

20000 112 3.80005 4 0 0 -1 0 0 0
0 0 1.37196 2.04682 2.72902 3.77382 3.77715
0 1 0.0957675 1.39776 1.96716 2.82543 2.71048
0 2 0.00129306 0.0182136 0.968124 2.00935 2.0465
0 3 0.00109316 0.00596747 0.0850534 0.674128 1.27366
0 4 -1 -1 0.00855622 0.075906 0.617076
1 0 2.05409 2.78114 3.7452 3.75339 0.00988292
1 1 1.01558 2.01982 2.92202 2.90288 2.33043
1 2 0.176304 0.404823 2.06686 2.09614 2.01566
1 3 0.00165724 0.0328662 0.470308 1.37496 1.35038
1 4 -1 0.00865426 0.142869 0.403239 0.644135
2 0 2.89167 3.7815 3.77766 2.92015 -1
2 1 1.74148 2.85342 2.97326 2.85385 1.74786
2 2 0.869966 2.06727 2.13826 2.14925 2.008
2 3 0.0640172 0.716879 1.26663 1.38763 1.41675
2 4 0.00852353 0.188756 0.43937 0.574183 0.65591
3 0 3.79496 3.79294 3.02461 -1 -1
3 1 2.54336 2.93731 2.85397 2.46569 -1
3 2 1.91444 2.03623 2.19009 2.12686 1.52002
3 3 1.29528 1.36581 1.33457 1.40349 1.34748
3 4 0.266586 0.459161 0.51119 0.601945 0.650199
4 0 3.80005 3.06584 -1 -1 -1
4 1 2.26009 2.64538 2.50102 -1 -1
4 2 1.8464 1.84891 1.92709 1.7065 -1
4 3 1.32576 1.31201 1.33772 1.33041 0.834721
4 4 0.574015 0.605761 0.637274 0.638183 0.636436

