0 17 0.0118415 1 4 3 -1 0 0 0
0 0 0.00475094 -1 -1 -1 -1
0 1 -1 -1 -1 -1 -1
0 2 -1 -1 -1 -1 -1
0 3 -1 -1 -1 -1 -1
0 4 -1 -1 -1 -1 0.00684503
1 0 -1 -1 -1 -1 -1
1 1 -1 -0.000807567 0.000196857 -1 -1
1 2 -1 -1 -1 0.000864292 -1
1 3 -1 -1 -1 -1 -1
1 4 -1 -1 -1 0.0118415 -1
2 0 -1 -1 -1 -1 -1
2 1 -1 -1 -1 -1 -1
2 2 -1 0.00157039 0.000106762 -1 -1
2 3 -1 -1 -1 -0.00229858 -1
2 4 -1 -1 -1 0.00466888 -1
3 0 -1 -1 -1 -1 -1
3 1 -1 -1 -1 -1 -1
3 2 -1 -1 0.000129992 -1 -1
3 3 -1 -1 -0.00106152 -1 -1
3 4 -1 -1 -1 -1 0.00236273
4 0 -1 -1 -1 -1 -1
4 1 -1 -1 -1 -1 -1
4 2 -1 -1 -1 -1 -1
4 3 0.00941225 -1 -1 -1 -1
4 4 0.00795371 0.00641344 -1 -1 0.00666793

5000 108 3.76461 3 0 1 -1 0 0 0
0 0 1.17288 1.6445 2.69539 3.69207 3.67445
0 1 0.0324458 1.12469 1.62326 2.77692 2.62014
0 2 0.000820889 0.00882183 0.622268 1.80784 1.99069
0 3 0.000968301 0.00107332 0.00747037 1.19727 1.19715
0 4 -1 -1 -1 0.0284045 0.567065
1 0 1.87521 2.35189 3.68189 3.66819 0.000852673
1 1 0.881732 1.227 2.56303 2.81996 2.26693
1 2 0.0386169 0.0283827 0.965502 2.05947 1.99314
1 3 0.00116118 0.00154791 0.0340423 1.13219 1.31008
1 4 -1 -1 0.029898 0.0401071 0.614808
2 0 2.40835 3.68913 3.69778 2.88964 -1
2 1 1.5769 2.34264 2.86821 2.79929 0.00130553
2 2 0.711513 0.920754 1.75323 1.9786 1.76194
2 3 0.0151677 0.104164 0.0444626 0.76689 1.22995
2 4 -1 0.0229601 0.049796 0.0383957 0.412878
3 0 3.74492 3.76461 2.87386 -1 -1
3 1 2.51086 2.75067 2.67413 2.44587 -1
3 2 1.61719 1.84959 2.04277 1.9022 0.00230362
3 3 0.811682 1.13633 1.30169 1.33155 1.21663
3 4 0.0239063 0.158748 0.0302117 0.0316245 0.574495
4 0 3.74991 -1 -1 -1 -1
4 1 2.26459 2.10694 2.17151 -1 -1
4 2 1.80503 1.85294 1.7892 1.56807 -1
4 3 1.1196 1.24441 1.2626 1.31447 0.651505
4 4 0.575969 0.616687 0.623846 0.614269 0.600117

10000 109 3.76646 3 0 1 -1 0 0 0
0 0 1.17288 1.83968 2.86893 3.76049 3.73792
0 1 0.0324458 1.12469 1.65743 2.77692 2.62014
0 2 0.00126034 0.0655964 0.680373 1.80784 2.07956
0 3 0.000968301 0.00136071 0.00747037 1.19727 1.24887
0 4 -1 -1 0.0086476 0.0284045 0.567065
1 0 1.87521 2.47098 3.68921 3.73395 0.00731609
1 1 0.881732 1.36171 2.6418 2.86991 2.34665
1 2 0.0386169 0.0304236 0.965502 2.07436 1.99314
1 3 0.00146174 0.0186619 0.103436 1.13219 1.31008
1 4 -1 -1 0.0395915 0.0401071 0.614808
2 0 2.42459 3.70418 3.71745 3.15046 -1
2 1 1.5769 2.34264 2.86821 2.79929 0.00130553
2 2 0.711513 0.920754 2.16004 2.11816 1.87569
2 3 0.0151677 0.104164 0.0568477 1.21415 1.22995
2 4 -1 0.0305736 0.049796 0.108896 0.450317
3 0 3.76107 3.76646 2.88 -1 -1
3 1 2.51086 2.75067 2.71521 2.44587 -1
3 2 1.80509 1.87204 2.04277 1.95473 1.65743
3 3 0.811682 1.29058 1.30169 1.35552 1.31065
3 4 0.0292323 0.158748 0.0372674 0.09028 0.631269
4 0 3.74991 -1 -1 -1 -1
4 1 2.31003 2.10811 2.17151 -1 -1
4 2 1.87051 1.85294 1.82255 1.56807 -1
4 3 1.33248 1.31751 1.31589 1.31447 0.94487
4 4 0.575969 0.616687 0.650447 0.642692 0.604657

15000 111 3.77906 0 0 3 -1 0 0 0
0 0 1.25504 1.83968 2.86893 3.77906 3.77618
0 1 0.0382825 1.12469 1.75427 2.77692 2.62014
0 2 0.00823832 0.0655964 0.962949 2.01457 2.07956
0 3 0.000968301 0.00136071 0.0105004 1.19727 1.26356
0 4 -1 -1 0.0086476 0.0284045 0.597689
1 0 1.87521 2.47098 3.72001 3.76868 0.00731609
1 1 0.990862 1.36171 2.82473 2.87935 2.40937
1 2 0.0386169 0.257305 0.965502 2.11746 1.99314
1 3 0.00146174 0.0186619 0.103436 1.13219 1.31008
1 4 -0.00173031 -1 0.0395915 0.041116 0.614808
2 0 2.47804 3.72233 3.71745 3.15046 -1
2 1 1.6252 2.79006 2.87318 2.79929 2.10612
2 2 0.757928 2.02368 2.16004 2.11816 1.87569
2 3 0.0151677 0.104164 1.20992 1.21415 1.27341
2 4 -3.19848e-05 0.0348242 0.113773 0.108896 0.631445
3 0 3.76107 3.76646 2.99019 -1 -1
3 1 2.52903 2.75067 2.71521 2.44587 -1
3 2 1.80509 2.04853 2.08496 2.06433 1.70394
3 3 0.811682 1.3489 1.34905 1.35736 1.37219
3 4 0.0292323 0.279639 0.0372674 0.199207 0.631269
4 0 3.74991 -1 -1 -1 -1
4 1 2.31003 2.26561 2.17151 -1 -1
4 2 1.87051 1.87737 1.86762 1.56807 -1
4 3 1.33248 1.31751 1.31589 1.32006 0.94487
4 4 0.589805 0.64568 0.650733 0.661903 0.629042

20000 113 3.78123 1 0 3 -1 0 0 0
0 0 1.25504 1.99126 2.86893 3.77951 3.77659
0 1 0.286276 1.12469 1.75427 2.77692 2.65524
0 2 0.00823832 0.0655964 1.04339 2.01457 2.07956
0 3 0.000968301 0.00136071 0.0120978 1.19727 1.26356
0 4 -1 -1 0.0086476 0.0310332 0.600485
1 0 1.87521 2.62895 3.72006 3.78123 0.00731609
1 1 0.990862 1.6304 2.92598 2.87935 2.40937
1 2 0.0386169 0.571265 1.72539 2.11746 1.99314
1 3 0.00164762 0.0186619 0.103436 1.13219 1.34551
1 4 -0.000487282 -0.000992599 0.0395915 0.252693 0.614808
2 0 2.56324 3.72233 3.71745 3.15046 -1
2 1 1.6252 2.79006 2.97249 2.85159 2.10612
2 2 0.773489 2.02368 2.16004 2.19561 1.87569
2 3 0.0151677 1.03223 1.20992 1.21415 1.27915
2 4 0.00852176 0.0348242 0.34202 0.527442 0.631445
3 0 3.76107 3.76646 2.99019 -1 -1
3 1 2.52903 2.75067 2.71521 2.44587 -1
3 2 1.99051 2.04853 2.08779 2.10823 1.70394
3 3 0.811682 1.36495 1.38495 1.36929 1.38557
3 4 0.0292323 0.341854 0.0372674 0.199207 0.631269
4 0 3.74991 0.00246113 -1 -1 -1
4 1 2.31003 2.28439 2.17151 -1 -1
4 2 1.87051 1.98319 1.86762 1.56807 -1
4 3 1.33248 1.31751 1.32366 1.34715 0.94487
4 4 0.589805 0.64568 0.650733 0.666512 0.674966

