0 18 0.0168603 2 3 1 -1 0 0 0
0 0 -1 -1 -1 -1 -1
0 1 -1 -1 0.000168411 -1 -1
0 2 -1 -1 0.00136408 -1 -1
0 3 -1 -1 -1 -1 0.00190737
0 4 -1 -1 -1 -1 0.00347391
1 0 -1 -1 -1 -1 -1
1 1 -1 -1 -1 -1 -1
1 2 -1 -1 0.000892714 -1 -1
1 3 -1 -1 -1 0.00258578 -1
1 4 -1 -1 -1 -1 0.00242484
2 0 -1 -1 -1 -1 -1
2 1 -1 -0.00012768 -1 -1 -1
2 2 -1 -1 0.00111402 -1 -1
2 3 -1 0.0168603 -1 -1 -1
2 4 -1 -1 -1 -1 0.00261925
3 0 -1 -1 -1 -1 -1
3 1 -1 -1 -1 -1 -1
3 2 -1 -1 -1 -1 -1
3 3 -1 -1 -1 -1 -1
3 4 -1 -1 -1 0.00470843 0.00374137
4 0 -1 -1 -1 -1 -1
4 1 0.00524792 -1 -1 -1 -1
4 2 0.00321675 -1 -1 -1 -1
4 3 0.00816367 -1 -1 -1 -1
4 4 -1 0.00834104 0.00555144 -1 -1

5000 110 3.75985 3 0 1 -1 0 0 0
0 0 0.969473 1.91868 2.65959 3.61128 3.56217
0 1 0.133412 0.545052 1.63414 2.62388 2.26779
0 2 0.000463431 0.0246255 0.820316 2.03006 1.93939
0 3 0.000925786 0.0019439 0.00820213 0.539504 1.27186
0 4 -1 -1 0.0085742 0.0458775 0.507463
1 0 1.65216 2.30622 3.62639 3.65204 -0.00112272
1 1 1.0114 1.63127 2.74032 2.77696 2.36465
1 2 0.139002 0.373767 1.2135 2.05572 1.80197
1 3 0.00133307 0.125269 0.241378 0.871117 1.16602
1 4 -1 -1 0.0289031 0.240167 0.515245
2 0 2.21226 3.66955 3.6692 3.13516 -1
2 1 1.57378 2.68379 2.8128 2.79104 2.15534
2 2 0.958505 1.51167 1.71525 1.94224 1.88677
2 3 0.018153 0.634866 0.541368 1.14898 1.22036
2 4 0.0086668 0.0364358 0.0900997 0.231766 0.594708
3 0 3.72978 3.75985 2.97745 -1 -1
3 1 2.45098 2.76845 2.65689 2.29707 -1
3 2 1.92537 2.06161 1.97304 1.93283 1.6185
3 3 1.05858 1.33629 1.31198 1.33379 1.25393
3 4 0.0873637 0.225956 0.323656 0.416716 0.608549
4 0 3.69275 0.0524911 -1 -1 -1
4 1 2.16594 0.0148777 -1 -1 -1
4 2 1.94199 1.70732 1.55879 1.38741 -1
4 3 1.27152 1.2748 1.24905 1.30665 0.88888
4 4 0.575752 0.613761 0.608501 0.627837 0.564216

10000 112 3.79708 4 0 0 -1 0 0 0
0 0 1.05349 1.93608 2.65959 3.61926 3.56276
0 1 0.133412 1.15664 1.73285 2.62388 2.26779
0 2 0.00074026 0.0778381 0.820316 2.03006 1.93939
0 3 0.000925786 0.00205259 0.0655087 1.17656 1.29554
0 4 -1 -1 0.0085742 0.0458775 0.555883
1 0 1.69624 2.49166 3.62639 3.65823 -0.00112272
1 1 1.0466 1.63127 2.87159 2.80207 2.36465
1 2 0.139002 0.744364 1.63861 2.05572 1.85435
1 3 0.00137305 0.125269 0.241378 0.901887 1.16602
1 4 -1 0.00855728 0.0566367 0.276851 0.590203
2 0 2.36079 3.71228 3.67728 3.14136 -1
2 1 1.57378 2.76293 2.84617 2.79104 2.21173
2 2 1.11379 1.77921 2.0584 2.04382 1.88677
2 3 0.147658 0.634866 1.05121 1.1638 1.30343
2 4 0.0086668 0.0364358 0.588534 0.373461 0.624552
3 0 3.79451 3.78715 2.97745 -1 -1
3 1 2.45098 2.76845 2.75728 2.31333 -1
3 2 1.96113 2.10944 2.09661 2.10669 1.68304
3 3 1.34818 1.33629 1.35432 1.35738 1.34119
3 4 0.107789 0.505139 0.572535 0.640834 0.622585
4 0 3.79708 0.0524911 -1 -1 -1
4 1 2.29586 0.111635 0.00776252 -1 -1
4 2 1.94199 1.77436 1.70644 1.44689 -1
4 3 1.27152 1.2748 1.33847 1.36393 0.948789
4 4 0.610543 0.613761 0.634406 0.647941 0.635835

15000 112 3.79708 4 0 0 -1 0 0 0
0 0 1.17446 1.95859 2.65959 3.69546 3.66669
0 1 0.133412 1.15664 1.73285 2.71774 2.26779
0 2 0.000803372 0.0778381 0.991166 2.03006 1.95459
0 3 0.00111567 0.00205259 0.0655087 1.17656 1.29694
0 4 -1 -1 0.00858478 0.0528595 0.555883
1 0 1.69624 2.54644 3.67853 3.73211 0.00191964
1 1 1.0466 1.63127 2.87159 2.80313 2.46668
1 2 0.16669 0.744364 1.63861 2.1165 1.98657
1 3 0.00137305 0.171958 0.668378 1.29709 1.28297
1 4 -1 0.00855728 0.065617 0.475434 0.590203
2 0 2.36079 3.76057 3.70376 3.14136 -1
2 1 1.57378 2.77062 2.88522 2.79104 2.21173
2 2 1.11379 1.77921 2.0584 2.04382 1.88677
2 3 0.147658 1.11864 1.33498 1.33649 1.31056
2 4 0.00866962 0.0464931 0.588534 0.526236 0.624552
3 0 3.79451 3.78755 2.97745 -1 -1
3 1 2.56868 2.76845 2.7795 2.45312 -1
3 2 1.96113 2.10944 2.09661 2.11534 1.68304
3 3 1.34818 1.33629 1.35432 1.36008 1.34119
3 4 0.305163 0.505139 0.572535 0.640834 0.622585
4 0 3.79708 0.0524911 -1 -1 -1
4 1 2.29586 0.111635 0.00776252 -1 -1
4 2 1.94199 1.81921 1.86771 1.45268 -1
4 3 1.28557 1.27842 1.44408 1.36393 0.948789
4 4 0.610543 0.613761 0.636071 0.654452 0.635835

20000 112 3.79809 3 0 0 -1 0 0 0
0 0 1.17446 1.95859 2.65959 3.78189 3.78007
0 1 0.526303 1.15664 1.80899 2.71774 2.40232
0 2 0.000803372 0.339395 0.991166 2.03006 1.95459
0 3 0.00111567 0.00205259 0.0655087 1.17656 1.29694
0 4 -1 -1 0.00858478 0.0528595 0.555883
1 0 1.79137 2.54644 3.7331 3.783 0.00191964
1 1 1.0466 1.63127 2.87159 2.80313 2.46668
1 2 0.16669 0.744364 1.63861 2.1165 1.98657
1 3 0.00137305 0.171958 0.787289 1.29709 1.34059
1 4 -1 0.00855728 0.065617 0.481647 0.590203
2 0 2.36079 3.76057 3.73784 3.14136 -1
2 1 1.64169 2.94559 2.90607 2.79104 2.21173
2 2 1.11379 1.77921 2.08935 2.08017 1.9202
2 3 0.892023 1.11864 1.33498 1.33649 1.31056
2 4 0.00866962 0.267426 0.588534 0.547482 0.631585
3 0 3.79809 3.79653 2.97745 -1 -1
3 1 2.56868 2.76845 2.78721 2.45312 -1
3 2 1.96113 2.10944 2.09661 2.11534 1.68304
3 3 1.34818 1.36843 1.35432 1.3688 1.34119
3 4 0.305163 0.505139 0.613673 0.654831 0.622585
4 0 3.79708 0.0524911 -1 -1 -1
4 1 2.6616 2.4469 1.86443 -1 -1
4 2 1.94199 1.84887 1.86771 1.49106 -1
4 3 1.3118 1.27842 1.44408 1.36393 1.12503
4 4 0.610543 0.626492 0.636071 0.654452 0.674819

