0 15 0.0273963 0 3 4 -1 0 0 0
0 0 -1 -1 -1 -1 -1
0 1 -1 -1 -1 -1 -1
0 2 -1 -1 -1 -1 -1
0 3 -1 -1 -1 -1 0.0273963
0 4 -1 -1 -1 -1 -1
1 0 -1 -1 -1 -1 -1
1 1 -1 -1 -1 -1 -1
1 2 -1 -1 0.000969703 0.000391998 -1
1 3 -1 -1 -1 0.00833548 -1
1 4 -1 -1 -1 -1 -1
2 0 -1 -1 -1 -1 -1
2 1 -1 -1 -1 -1 -1
2 2 -1 0.00165143 0.000306444 -1 -1
2 3 -1 -1 -1 -1 -1
2 4 -1 -1 -1 0.0121806 0.0016781
3 0 -1 -1 -1 -1 -1
3 1 -1 -1 -1 -1 -1
3 2 -1 -1 -1 -1 -1
3 3 -1 -1 -1 0.00218827 -1
3 4 -1 -1 -1 -1 0.00389632
4 0 -1 -1 -1 -1 -1
4 1 -1 -1 -1 -1 -1
4 2 0.00892716 -1 -1 -1 -1
4 3 0.00800455 -1 -1 -1 -1
4 4 0.0252773 0.00309537 0.00417728 -1 -1

5000 109 3.76024 0 0 3 -1 0 0 0
0 0 1.25483 1.94951 2.60271 3.76024 3.74124
0 1 0.458532 0.79646 1.81347 2.6966 2.34678
0 2 0.000556576 0.0185012 0.481499 2.03683 1.97479
0 3 0.000754612 0.00143146 0.017843 1.02993 1.29502
0 4 -1 -1 0.00864377 0.142615 0.591974
1 0 1.64695 2.49143 3.73116 3.75009 -1
1 1 0.991228 1.90655 2.58707 2.79148 1.95178
1 2 0.225495 0.65213 1.85925 2.01391 1.79164
1 3 0.00172906 0.162683 1.0411 1.23212 1.31495
1 4 -1 0.00863474 0.0154115 0.641544 0.627238
2 0 2.48906 3.73157 3.73218 3.03003 -1
2 1 1.51124 2.77875 2.83488 2.75052 -1
2 2 0.867843 1.80413 1.98247 2.06447 0.0463825
2 3 1.062 1.10664 1.25174 1.29885 1.16384
2 4 0.000530789 0.459871 0.545642 0.598061 0.622805
3 0 3.6572 3.70735 2.9325 -1 -1
3 1 2.59416 2.74884 2.77571 2.42152 -1
3 2 1.93991 2.07174 2.09638 2.07285 -0.000247921
3 3 1.27681 1.334 1.35457 1.35584 1.14997
3 4 0.536591 0.470107 0.473569 0.643036 0.57016
4 0 3.56473 -1 -1 -1 -1
4 1 2.17009 2.23784 1.96969 -1 -1
4 2 1.91049 1.90238 1.97331 1.57843 -1
4 3 1.28079 1.33316 1.3304 1.31264 0.981817
4 4 0.589066 0.615956 0.636708 0.625639 0.565114

10000 110 3.77017 0 0 3 -1 0 0 0
0 0 1.25483 1.98644 2.7202 3.77017 3.74124
0 1 0.458532 0.997559 1.87506 2.69836 2.44388
0 2 0.000556576 0.0880837 0.865541 2.03683 2.02022
0 3 0.00126455 0.00205126 0.0372389 1.02993 1.29502
0 4 -1 -1 0.00864377 0.401455 0.591974
1 0 1.66026 2.49143 3.73116 3.75374 -1
1 1 0.991228 1.90655 2.68755 2.80189 2.48166
1 2 0.225495 0.811952 1.85925 2.07533 1.79164
1 3 0.0043261 0.162683 1.0411 1.23212 1.32764
1 4 -1 0.0180414 0.16209 0.641544 0.627238
2 0 2.48906 3.75127 3.73218 3.03003 -1
2 1 1.51124 2.77875 2.83488 2.79675 1.91321
2 2 1.05054 1.85654 1.98247 2.06447 1.85979
2 3 1.062 1.21937 1.25174 1.34609 1.37077
2 4 0.0469351 0.459871 0.545642 0.598061 0.622805
3 0 3.69795 3.73265 3.02465 -1 -1
3 1 2.59416 2.80359 2.77571 2.42152 -1
3 2 2.02183 2.07645 2.09638 2.07285 0.307198
3 3 1.28858 1.334 1.35457 1.35584 1.246
3 4 0.536591 0.530431 0.573769 0.643036 0.615324
4 0 3.68544 -1 -1 -1 -1
4 1 2.71843 2.23784 2.24638 -1 -1
4 2 1.91049 1.98077 1.97331 1.57843 -1
4 3 1.28079 1.33316 1.3304 1.3215 0.981817
4 4 0.589066 0.620007 0.636708 0.642961 0.641121

15000 110 3.78435 4 0 0 -1 0 0 0
0 0 1.25483 1.98644 2.83138 3.77766 3.76616
0 1 0.458532 0.997559 1.87506 2.69836 2.58674
0 2 0.000649049 0.334997 0.865541 2.03683 2.02022
0 3 0.00126455 0.277746 0.209979 1.02993 1.29642
0 4 -1 -1 0.0756032 0.401455 0.591974
1 0 1.68665 2.52747 3.73576 3.76208 -1
1 1 1.01518 1.90655 2.74637 2.81485 2.80929
1 2 0.412639 0.811952 2.04824 2.08376 1.92944
1 3 0.0043261 0.162683 1.05147 1.23212 1.32764
1 4 -1 0.0180414 0.302365 0.641544 0.627238
2 0 2.48906 3.75127 3.73218 3.03003 -1
2 1 1.77227 2.77875 2.83488 2.81529 1.91321
2 2 1.18851 1.85654 2.06297 2.06447 1.85979
2 3 1.062 1.21937 1.31375 1.34609 1.37077
2 4 0.047141 0.479585 0.585682 0.625394 0.623615
3 0 3.76752 3.77307 3.02465 -1 -1
3 1 2.59416 2.80359 2.77571 2.42152 -1
3 2 2.02183 2.07645 2.09638 2.07285 1.67627
3 3 1.35477 1.334 1.39346 1.35584 1.25867
3 4 0.536591 0.537424 0.573769 0.643036 0.615324
4 0 3.78435 -1 -1 -1 -1
4 1 2.71843 2.5231 2.24638 -1 -1
4 2 2.02367 1.98077 1.97331 1.62631 -1
4 3 1.32698 1.33316 1.38125 1.36761 1.13797
4 4 0.604992 0.620007 0.636708 0.642961 0.641121

20000 110 3.79334 4 0 0 -1 0 0 0
0 0 1.25483 1.98644 2.83138 3.77986 3.78448
0 1 0.458532 0.997559 1.87506 2.79638 2.84446
0 2 0.000649049 0.334997 0.865541 2.0693 2.02022
0 3 0.00126455 0.277746 0.209979 1.02993 1.31464
0 4 -1 -1 0.0756032 0.401455 0.591974
1 0 1.71521 2.79676 3.73576 3.76208 -1
1 1 1.01518 1.90655 2.7993 2.83842 2.80929
1 2 0.488583 0.811952 2.04824 2.13673 1.94572
1 3 0.00865656 0.31061 1.16723 1.23212 1.32764
1 4 -1 0.305823 0.302365 0.641544 0.641915
2 0 2.48906 3.76429 3.75319 3.03003 -1
2 1 1.77227 2.80295 2.83488 2.81529 1.91321
2 2 1.18851 1.85654 2.06297 2.06447 1.94468
2 3 1.062 1.21937 1.32634 1.34609 1.37077
2 4 0.047141 0.479585 0.585682 0.625394 0.623615
3 0 3.78454 3.78586 3.02465 -1 -1
3 1 2.59416 2.80359 2.77571 2.42152 -1
3 2 2.02183 2.07645 2.09638 2.07982 1.67627
3 3 1.35477 1.334 1.39346 1.36108 1.28303
3 4 0.536591 0.537424 0.573769 0.643036 0.651749
4 0 3.79334 -1 -1 -1 -1
4 1 2.71843 2.5231 2.24638 -1 -1
4 2 2.02367 1.98077 1.97331 1.62631 -1
4 3 1.32739 1.33316 1.38125 1.36761 1.13797
4 4 0.604992 0.620007 0.636708 0.653944 0.665045

