0 17 0.0155955 0 3 4 -1 0 0 0
0 0 -1 -1 -1 -1 -1
0 1 -1 -1 -1 -1 0.00856704
0 2 -1 -1 -1 -1 0.00550861
0 3 -1 -1 -1 -1 0.0155955
0 4 -1 -1 -1 -1 -1
1 0 -1 -1 -1 -1 -1
1 1 -1 -1 -1 -1 -1
1 2 -1 -1 0.00093468 -1 -1
1 3 -1 -1 -1 -1 -1
1 4 -1 -1 -1 -1 -1
2 0 -1 -1 -1 -1 -1
2 1 0.000612248 0.000347855 -1 -1 -1
2 2 -1 1.72039e-05 0.00082459 0.000115917 -1
2 3 -1 -1 0.000584668 -1 -1
2 4 -1 -1 -1 -1 0.0041343
3 0 -1 -1 -1 -1 -1
3 1 -1 -1 -1 -1 -1
3 2 -1 -1 -1 -1 -1
3 3 -1 0.000682205 -1 -0.00105476 -1
3 4 -1 -1 -1 0.00433642 -1
4 0 -1 -1 -1 -1 -1
4 1 0.00974527 -1 -1 -1 -1
4 2 -1 -1 -1 -1 -1
4 3 0.00416139 -1 -1 -1 -1
4 4 -1 -1 0.00247934 -1 -1

5000 111 3.62787 1 0 3 -1 0 0 0
0 0 0.767812 1.7306 2.75371 3.6164 3.28566
0 1 0.0848499 0.772177 1.31683 2.44423 2.16814
0 2 0.000506174 0.211547 0.697688 1.60044 1.67247
0 3 -1 0.0357777 0.332906 0.869148 1.16331
0 4 -1 0.0276912 0.23854 0.270858 0.469596
1 0 1.453 2.02076 3.6003 3.62787 -1
1 1 0.812161 1.54521 2.38576 2.59349 2.11382
1 2 0.293453 1.1351 1.62288 1.70273 1.72293
1 3 0.135665 0.773269 1.07814 1.10574 1.12068
1 4 0.00778151 0.238507 0.381424 0.523535 0.530105
2 0 2.03364 3.38142 3.55092 3.07951 -1
2 1 1.14047 2.47687 2.79147 2.80346 0.00458777
2 2 0.978316 2.00733 2.09225 2.11768 1.48285
2 3 0.0469096 0.830978 1.00886 1.13516 1.18356
2 4 0.142557 0.0919403 0.523008 0.524059 0.530483
3 0 3.18144 3.31811 2.54343 -1 -1
3 1 2.38811 2.61465 2.49905 2.22138 -1
3 2 1.86776 1.99139 2.05587 2.10438 0.000559233
3 3 1.2184 1.30059 1.35891 1.35191 1.28868
3 4 0.276 0.365656 0.48236 0.545122 0.53023
4 0 2.81092 -1 -1 -1 -1
4 1 2.04108 2.02712 1.87778 -1 -1
4 2 1.77415 1.79013 1.7704 1.38384 -1
4 3 1.22797 1.23001 1.2657 1.23935 1.0002
4 4 0.572696 0.612625 0.602641 0.625043 0.62439

10000 113 3.67119 1 0 3 -1 0 0 0
0 0 0.860915 1.86399 2.75371 3.65095 3.51188
0 1 0.13244 0.886629 1.31683 2.65594 2.33572
0 2 0.000506174 0.304924 1.16189 1.80226 1.81925
0 3 -1 0.0357777 0.332906 1.12626 1.22875
0 4 -1 0.0276912 0.458271 0.439014 0.562099
1 0 1.453 2.25267 3.63311 3.67119 0.000602832
1 1 0.918411 1.54592 2.38576 2.61579 2.16157
1 2 0.293453 1.1351 1.69072 1.85375 1.87425
1 3 0.135665 0.773269 1.07814 1.10574 1.141
1 4 0.00778151 0.238507 0.381424 0.523535 0.551035
2 0 2.03364 3.44995 3.58776 3.07951 -1
2 1 1.45461 2.67446 2.84359 2.85292 0.00458777
2 2 1.02528 2.09019 2.09225 2.13232 1.5173
2 3 0.109943 0.830978 1.18372 1.22986 1.26819
2 4 0.305773 0.525067 0.523008 0.553615 0.564299
3 0 3.3387 3.4043 2.89659 -1 -1
3 1 2.43193 2.68703 2.64494 2.27853 -1
3 2 1.88665 2.08024 2.12386 2.10438 1.22475
3 3 1.31206 1.34088 1.35891 1.37452 1.33694
3 4 0.410507 0.470849 0.520682 0.583194 0.566218
4 0 2.96072 0.792442 -1 -1 -1
4 1 2.23374 2.10024 2.04706 -1 -1
4 2 1.80617 1.83443 1.7704 1.44088 -1
4 3 1.29271 1.29708 1.27963 1.3366 1.0002
4 4 0.582282 0.612625 0.646691 0.637572 0.628494

15000 113 3.75506 0 0 4 -1 0 0 0
0 0 1.00812 1.89826 2.78533 3.73714 3.75506
0 1 0.13244 0.886629 1.47956 2.65594 2.45541
0 2 0.000506174 0.304924 1.44592 1.80226 1.98708
0 3 -1 0.0357777 0.563078 1.12626 1.23162
0 4 -1 0.266772 0.458271 0.467728 0.562099
1 0 1.453 2.25267 3.69126 3.73021 0.00848223
1 1 0.968727 1.54592 2.76231 2.66911 2.33227
1 2 0.293453 1.1351 1.69072 1.93902 1.87425
1 3 0.135665 0.773269 1.07814 1.15425 1.22014
1 4 0.00778151 0.478595 0.487111 0.523535 0.577712
2 0 2.03364 3.44995 3.61998 3.09063 -1
2 1 1.64732 2.68758 2.85163 2.85292 2.34164
2 2 1.10365 2.09019 2.09225 2.13232 1.8237
2 3 0.792168 1.05085 1.21995 1.29691 1.28547
2 4 0.305773 0.525067 0.523008 0.553615 0.575619
3 0 3.38466 3.40594 3.00778 -1 -1
3 1 2.52958 2.72414 2.72785 2.41176 -1
3 2 1.89569 2.08024 2.12386 2.10438 1.79045
3 3 1.31206 1.34088 1.35891 1.37452 1.38643
3 4 0.429676 0.505406 0.541801 0.583194 0.602747
4 0 2.96072 0.792442 -1 -1 -1
4 1 2.23374 2.13477 2.04706 -1 -1
4 2 1.80765 1.85664 1.83947 1.53191 -1
4 3 1.29271 1.31648 1.33131 1.3366 1.0002
4 4 0.582282 0.613549 0.646691 0.652457 0.654113

20000 113 3.76852 1 0 3 -1 0 0 0
0 0 1.00812 1.98423 2.85091 3.7565 3.7636
0 1 0.13244 0.886629 1.55177 2.65594 2.47158
0 2 0.000506174 0.304924 1.44592 1.88679 1.98708
0 3 -1 0.0825092 0.563078 1.12626 1.23162
0 4 -1 0.266772 0.458271 0.467728 0.562099
1 0 1.453 2.25267 3.70312 3.76852 0.00848223
1 1 1.04768 1.54592 2.76231 2.7514 2.44064
1 2 0.293453 1.1351 1.95783 1.95752 1.96857
1 3 0.135665 0.773269 1.07814 1.15425 1.24368
1 4 0.0757393 0.478595 0.515452 0.52891 0.577712
2 0 2.15191 3.45967 3.64255 3.09063 -1
2 1 1.64732 2.68758 2.92161 2.85527 2.34164
2 2 1.10365 2.09019 2.15902 2.13232 1.93051
2 3 0.792168 1.05085 1.21995 1.29691 1.28547
2 4 0.429941 0.525067 0.552014 0.553615 0.575971
3 0 3.40174 3.40594 3.00778 -1 -1
3 1 2.52958 2.72414 2.72785 2.41176 -1
3 2 1.89569 2.08451 2.12386 2.12858 1.79045
3 3 1.31206 1.36498 1.35891 1.38038 1.38643
3 4 0.429676 0.561142 0.558427 0.616442 0.602747
4 0 3.11494 0.792442 -1 -1 -1
4 1 2.23374 2.18089 2.04706 -1 -1
4 2 1.82141 1.88701 1.83947 1.53191 -1
4 3 1.30633 1.31648 1.33131 1.34198 1.0002
4 4 0.582282 0.624246 0.646691 0.678882 0.664758

