0 15 0.0231908 4 4 0 -1 0 0 0
0 0 -1 -1 -1 -1 -1
0 1 -1 -1 -1 -1 -1
0 2 -1 -1 -1 -1 -1
0 3 -1 -1 -1 -1 0.00215517
0 4 -1 -1 -1 -1 -1
1 0 -1 -1 -1 -1 -1
1 1 -1 -1 -0.000429578 -1 -1
1 2 -1 -1 0.00018616 -0.000409042 -1
1 3 -1 -1 -1 -1 -1
1 4 -1 -1 -1 -1 0.00391474
2 0 -1 -1 -1 -1 -1
2 1 -1 -1 0.0159503 -1 -1
2 2 -1 0.000632915 0.00201866 -1 -1
2 3 -1 -1 -1 -1 -1
2 4 -1 -1 -1 -1 -1
3 0 -1 -1 -1 -1 -1
3 1 0.00750596 -1 -1 -1 -1
3 2 -1 -1 -0.00285807 -1 -1
3 3 -1 -1 -1 -1 -1
3 4 -1 -1 0.000612764 0.00482552 0.00305162
4 0 -1 -1 -1 -1 -1
4 1 -1 -1 -1 -1 -1
4 2 -1 -1 -1 -1 -1
4 3 -1 -1 -1 -1 -1
4 4 0.0231908 -1 -1 0.00196638 -1

5000 109 3.76715 4 0 0 -1 0 0 0
0 0 1.27517 2.21113 3.02818 3.7661 3.74596
0 1 0.113638 1.24694 1.69901 2.36007 2.37577
0 2 0.00099235 0.0273352 0.868507 1.56197 1.90665
0 3 0.000976086 0.00187353 0.0279279 0.673411 1.24637
0 4 -1 -1 -0.000684884 0.0374722 0.471826
1 0 1.56934 2.82549 3.70098 3.76092 -1
1 1 0.826873 1.88283 2.76719 2.85329 0.0866245
1 2 0.0367948 0.672861 0.79289 2.01716 1.59693
1 3 0.00214039 0.105805 0.145208 1.25645 1.32069
1 4 0.00853515 -0.00197148 0.0345196 0.0409597 0.589992
2 0 2.5373 3.73316 3.71694 3.1197 -1
2 1 1.5241 2.62682 2.90193 2.88802 -1
2 2 0.837144 1.0373 1.91854 2.102 1.94852
2 3 0.114523 0.251787 0.351915 0.980945 0.887073
2 4 0.0236021 0.0278886 0.037996 0.0597132 0.52763
3 0 3.76025 3.76369 3.19295 -1 -1
3 1 2.34378 2.74216 2.63295 2.34899 -1
3 2 1.82737 2.03901 2.03929 2.08222 1.79936
3 3 0.974372 1.22887 1.35277 1.32568 1.15787
3 4 0.0845707 0.0338177 0.034006 0.145102 0.529758
4 0 3.76715 -1 -1 -1 -1
4 1 2.02885 1.98556 -1 -1 -1
4 2 1.76231 1.6595 1.63783 1.3599 -1
4 3 1.29075 1.28839 1.27887 1.30353 0.890845
4 4 0.560233 0.558874 0.61551 0.650233 0.607369

10000 110 3.79193 3 0 0 -1 0 0 0
0 0 1.29663 2.21113 3.02818 3.7661 3.75872
0 1 0.113638 1.24694 1.80497 2.61528 2.8433
0 2 0.00107493 0.31009 0.91515 2.0316 1.90665
0 3 0.0012911 0.00263174 0.0279279 0.673411 1.24637
0 4 -1 -1 -0.000684884 0.0374722 0.530072
1 0 1.90036 2.82549 3.70098 3.76092 -1
1 1 0.909971 1.88283 2.92596 2.85329 0.777556
1 2 0.142325 0.746786 0.794962 2.15452 1.711
1 3 0.00840264 0.339968 0.145208 1.25645 1.32069
1 4 0.00853515 0.00850361 0.0515044 0.15764 0.62036
2 0 2.88597 3.75249 3.75333 3.1197 -1
2 1 1.53873 2.77991 2.90193 2.91373 -1
2 2 0.89486 1.30283 2.11015 2.16263 1.94852
2 3 0.29419 0.454325 0.351915 1.1456 1.08991
2 4 0.0236021 0.0278886 0.0563048 0.0597132 0.625563
3 0 3.79193 3.77726 3.19295 -1 -1
3 1 2.52369 2.74216 2.72542 2.43567 -1
3 2 1.82737 2.0555 2.06226 2.14218 1.79936
3 3 1.31121 1.30571 1.36203 1.41884 1.40909
3 4 0.103825 0.0710888 0.152815 0.145102 0.62387
4 0 3.78894 -1 -1 -1 -1
4 1 2.15907 2.08898 1.95514 -1 -1
4 2 1.78046 1.804 1.91016 1.47014 -1
4 3 1.2918 1.30015 1.27887 1.30353 1.00322
4 4 0.584184 0.595701 0.636304 0.650233 0.66698

15000 111 3.79429 4 0 0 -1 0 0 0
0 0 1.29663 2.21113 3.02818 3.76816 3.75872
0 1 0.113638 1.24694 1.86661 2.75437 2.8433
0 2 0.00140055 0.31009 1.09554 2.0316 2.00231
0 3 0.0012911 0.0311592 0.0279279 0.673411 1.24637
0 4 -1 -1 0.00855364 0.0374722 0.598198
1 0 2.02848 2.92783 3.71797 3.76442 -1
1 1 1.03035 2.10991 2.92596 2.91725 0.777556
1 2 0.142325 1.23526 1.08962 2.15452 1.711
1 3 0.00852177 0.339968 0.199157 1.25645 1.32069
1 4 0.00853515 0.00850361 0.0515044 0.211359 0.654616
2 0 2.88597 3.75467 3.75333 3.1197 -1
2 1 1.67363 2.77991 2.95036 2.91373 1.73748
2 2 0.89486 1.52985 2.20091 2.16263 2.03141
2 3 0.574597 0.692851 0.452644 1.27175 1.29997
2 4 0.104261 0.116964 0.0624532 0.588231 0.625563
3 0 3.79193 3.78646 3.19295 -1 -1
3 1 2.52369 2.82254 2.74865 2.43567 -1
3 2 1.8649 2.14205 2.16433 2.14218 1.79936
3 3 1.31121 1.30571 1.36203 1.41884 1.40909
3 4 0.26713 0.152143 0.219393 0.612264 0.626596
4 0 3.79429 -1 -1 -1 -1
4 1 2.15907 2.08898 1.95514 -1 -1
4 2 1.82748 1.8358 1.91016 1.47014 -1
4 3 1.2918 1.34758 1.34327 1.32426 1.00322
4 4 0.584184 0.6352 0.636304 0.660343 0.66698

20000 111 3.79592 3 0 0 -1 0 0 0
0 0 1.29663 2.21113 3.02818 3.76871 3.75872
0 1 0.170889 1.24694 1.8977 2.75437 2.8433
0 2 0.00982843 0.31009 1.09863 2.0316 2.00231
0 3 0.0012911 0.109302 0.0279279 0.673411 1.25993
0 4 -1 -1 0.00855364 0.0814928 0.598198
1 0 2.02848 2.92783 3.72148 3.76969 -1
1 1 1.03035 2.22133 2.92596 2.91725 0.777556
1 2 0.142325 1.46075 1.34512 2.15452 1.83806
1 3 0.0472695 0.339968 0.199157 1.25645 1.32069
1 4 0.00853515 0.0181534 0.382608 0.497285 0.654616
2 0 2.88597 3.76008 3.75333 3.24895 -1
2 1 1.74246 2.80254 2.95036 2.91373 1.73748
2 2 0.985119 1.89922 2.20091 2.16263 2.03141
2 3 0.574597 0.692851 1.08816 1.27746 1.29997
2 4 0.104261 0.116964 0.156206 0.588231 0.629214
3 0 3.79592 3.78646 3.19295 -1 -1
3 1 2.61461 2.82254 2.76116 2.43567 -1
3 2 1.86733 2.14566 2.17753 2.14322 1.83468
3 3 1.31121 1.39004 1.36203 1.41884 1.40909
3 4 0.27737 0.152143 0.585091 0.612264 0.626596
4 0 3.79429 -1 -1 -1 -1
4 1 2.15907 2.08898 1.95514 -1 -1
4 2 1.82748 1.8358 1.91016 1.47014 -1
4 3 1.2918 1.34758 1.34327 1.32674 1.00322
4 4 0.584184 0.6352 0.642231 0.671127 0.66698

