0 16 0.0123932 0 3 4 -1 0 0 0
0 0 -1 -1 -1 -1 -1
0 1 -1 -1 -1 -1 -1
0 2 -1 -1 -1 -1 -1
0 3 -1 -1 -1 -1 0.0123932
0 4 -1 -1 -1 -1 -1
1 0 -1 -1 -1 -1 -1
1 1 -1 -1 -0.000186992 -1 -1
1 2 -1 -1 0.000495141 -1 -1
1 3 -1 -1 -1 -1 -1
1 4 -1 -1 -1 -1 0.00156909
2 0 -1 -1 -1 -1 -1
2 1 0.0123506 -1 -1 -1 -1
2 2 -1 0.000659601 0.00189457 -9.28951e-05 -1
2 3 -1 -1 -1 -0.00285219 0.000700835
2 4 -1 -1 -1 -1 0.00203341
3 0 -1 -1 -1 -1 -1
3 1 -1 -1 -1 -1 -1
3 2 -1 -1 -1 -1 -1
3 3 -1 0.00164359 -1 -0.000643632 -1
3 4 -1 -1 0.0123023 -1 -1
4 0 -1 -1 -1 -1 -1
4 1 -1 -1 -1 -1 -1
4 2 -1 -1 -1 -1 -1
4 3 -1 -1 -1 -1 -1
4 4 -1 0.00239677 -1 0.00833207 -1

5000 111 3.64647 2 0 2 -1 0 0 0
0 0 1.14957 1.84943 2.33821 3.48381 3.53177
0 1 0.0898415 0.90175 1.57642 2.539 2.49949
0 2 0.000949898 0.010392 0.496293 1.93781 1.91036
0 3 0.00112114 0.00289108 0.00277667 1.1289 1.15583
0 4 -1 -1 0.00117289 0.0322411 0.52087
1 0 1.65119 2.46987 3.56784 3.55408 0.00162726
1 1 0.820365 1.0539 2.6719 2.66371 2.1587
1 2 0.0181801 0.420956 0.682624 2.02387 1.78935
1 3 0.00315884 0.00364855 0.208182 0.95711 1.21588
1 4 -0.000538387 0.00873167 0.0209158 0.0532085 0.584249
2 0 2.45491 3.64353 3.64647 2.75647 -1
2 1 1.49147 1.86342 2.78404 2.59469 2.00155
2 2 0.730048 0.930626 1.24102 2.06704 1.66663
2 3 0.00671491 0.0465883 0.968699 1.2913 1.2542
2 4 0.00860817 0.0317825 0.115141 0.141775 0.603816
3 0 3.53268 3.63942 3.01144 -1 -1
3 1 2.50285 2.68914 2.70507 2.17989 -1
3 2 2.01356 2.08091 1.98886 1.9256 1.37689
3 3 1.21088 1.10486 1.00853 1.27296 1.2576
3 4 0.0579701 0.315531 0.44442 0.0274308 0.619389
4 0 3.30953 -1 -1 -1 -1
4 1 2.12212 2.05258 -1 -1 -1
4 2 1.92604 1.47596 1.4314 0.000822846 -1
4 3 1.13916 0.978505 1.13903 1.29241 0.836779
4 4 0.505087 0.500016 0.565852 0.551256 0.559473

10000 111 3.68413 1 0 3 -1 0 0 0
0 0 1.14957 1.84943 2.55341 3.65346 3.66559
0 1 0.133547 1.01842 2.19051 2.539 2.49949
0 2 0.00115654 0.0155127 0.529762 1.93781 1.91036
0 3 0.00112114 0.0409617 0.255546 1.1289 1.2626
0 4 -1 -1 0.439378 0.286716 0.533101
1 0 1.65119 2.71554 3.6527 3.68413 0.00199191
1 1 0.820365 1.25163 2.79526 2.76923 2.23337
1 2 0.0181801 0.624723 1.52607 2.02387 1.86913
1 3 0.00315884 0.228288 1.15814 1.23524 1.26496
1 4 -0.000538387 0.0469698 0.315357 0.471747 0.584249
2 0 2.45491 3.64353 3.6553 2.92971 -1
2 1 1.49147 2.46872 2.83337 2.71827 2.06057
2 2 0.730048 1.39543 1.89056 2.06704 1.82797
2 3 0.0224088 0.589918 1.16498 1.30248 1.27331
2 4 0.075598 0.0946313 0.521101 0.508119 0.603816
3 0 3.53625 3.63942 3.01144 -1 -1
3 1 2.50285 2.79076 2.70507 2.39893 -1
3 2 2.01356 2.08091 2.0614 2.01934 1.4649
3 3 1.21088 1.26837 1.21795 1.29298 1.27287
3 4 0.300691 0.33664 0.506946 0.461328 0.642675
4 0 3.40826 -1 -1 -1 -1
4 1 2.28011 2.09577 -1 -1 -1
4 2 1.92604 1.84877 1.82365 1.36969 -1
4 3 1.28614 1.23426 1.1934 1.29241 1.01629
4 4 0.54676 0.56388 0.616514 0.620412 0.589723

15000 112 3.74991 0 0 4 -1 0 0 0
0 0 1.14957 1.88743 2.55341 3.74011 3.74991
0 1 0.133547 1.01842 2.19051 2.56925 2.49949
0 2 0.00115654 0.0155127 0.688132 1.97001 1.91036
0 3 0.00116904 0.0409617 0.697376 1.14729 1.2626
0 4 -1 -1 0.458831 0.34412 0.550958
1 0 1.65119 2.72603 3.70929 3.735 0.00199191
1 1 0.950247 1.37864 2.79526 2.76923 2.23337
1 2 0.191038 0.754179 1.73105 2.043 1.86913
1 3 0.276499 0.228288 1.15814 1.23524 1.26496
1 4 0.00859525 0.510247 0.315357 0.471747 0.584249
2 0 2.45491 3.64728 3.68096 3.03326 -1
2 1 1.69679 2.7774 2.84157 2.74774 2.10901
2 2 0.884005 1.62738 1.89056 2.06704 1.94472
2 3 0.0803442 0.589918 1.16498 1.30248 1.30287
2 4 0.075598 0.247907 0.521101 0.584459 0.634063
3 0 3.60763 3.64534 3.01144 -1 -1
3 1 2.50285 2.79076 2.70507 2.39893 -1
3 2 2.01356 2.08091 2.0614 2.01934 1.4649
3 3 1.21088 1.26837 1.25343 1.37268 1.28296
3 4 0.300691 0.515372 0.536983 0.536959 0.642675
4 0 3.42751 -0.000624322 -1 -1 -1
4 1 2.3162 2.09577 -1 -1 -1
4 2 1.92604 1.92774 1.84325 1.36969 -1
4 3 1.28614 1.24232 1.26183 1.32797 1.01629
4 4 0.581327 0.57735 0.616514 0.651093 0.589723

20000 113 3.76517 0 0 3 -1 0 0 0
0 0 1.25693 1.88743 2.667 3.76517 3.74991
0 1 0.133547 1.04206 2.19051 2.56925 2.85682
0 2 0.00115654 0.0507914 1.74006 1.97001 1.91036
0 3 0.00116904 0.161867 0.697376 1.14729 1.2626
0 4 -1 -1 0.458831 0.409857 0.550958
1 0 1.87402 2.72603 3.70929 3.75286 0.00199191
1 1 0.950247 1.37864 2.79526 2.76923 2.36895
1 2 0.191038 0.754179 1.73105 2.043 1.86913
1 3 0.276499 0.228288 1.15814 1.27253 1.27543
1 4 0.00859525 0.510247 0.315357 0.491652 0.62295
2 0 2.45491 3.66431 3.68096 3.03326 -1
2 1 1.69679 2.7774 2.84157 2.74774 2.17653
2 2 0.884005 1.96057 2.0664 2.06958 1.94472
2 3 0.0944646 0.765617 1.17693 1.30248 1.31513
2 4 0.209604 0.247907 0.54553 0.584459 0.634063
3 0 3.62789 3.6986 3.01144 -1 -1
3 1 2.50818 2.79076 2.75749 2.40586 -1
3 2 2.01356 2.08091 2.0614 2.05746 1.5227
3 3 1.21088 1.27679 1.32746 1.37268 1.34023
3 4 0.300691 0.545588 0.536983 0.536959 0.642675
4 0 3.59741 0.0053074 -1 -1 -1
4 1 2.3162 2.22099 0.456622 -1 -1
4 2 1.92604 1.92774 1.84325 1.41569 -1
4 3 1.28614 1.28411 1.2964 1.3546 1.01629
4 4 0.581327 0.57735 0.616514 0.651093 0.620184

