0 16 0.0154347 0 4 4 -1 0 0 0
0 0 -1 -1 -1 -1 -1
0 1 -1 -1 -1 -1 0.00642088
0 2 -1 -1 -1 -1 0.00587739
0 3 -1 -1 -1 -1 -1
0 4 -1 -1 -1 -1 0.0154347
1 0 -1 -1 -1 -1 -1
1 1 -1 -0.00118614 0.000407549 -1 -1
1 2 -1 -1 0.000430362 -1 -1
1 3 -1 -1 -1 -1 -1
1 4 -1 -1 -1 -1 -1
2 0 -1 -1 -1 -1 -1
2 1 -1 -1 -1 -1 -1
2 2 -1 0.00157435 0.000863202 -1 -1
2 3 -1 -1 -1 0.00063132 0.000799191
2 4 -1 -1 -1 -1 -1
3 0 -1 -1 -1 -1 -1
3 1 -1 -1 -1 -1 -1
3 2 -1 -1 -1 -1 -1
3 3 -1 -1 -0.00118538 -1 -1
3 4 -1 -1 -1 -1 0.0014276
4 0 -1 -1 -1 -1 -1
4 1 0.00351652 -1 -1 -1 -1
4 2 0.00299898 -1 -1 -1 -1
4 3 -1 -1 -1 -1 -1
4 4 -1 0.00285761 0.0115244 -1 -1

5000 107 3.75767 0 0 3 -1 0 0 0
0 0 1.12129 2.00206 2.63554 3.75767 3.75412
0 1 0.207876 1.28709 1.69384 2.44963 2.42586
0 2 -1 0.0452616 0.85997 1.77547 1.68625
0 3 -1 -1 0.104258 0.413073 1.19607
0 4 -1 -1 0.00859488 0.0270995 0.502603
1 0 1.72712 2.63004 3.68096 3.74702 0.00354004
1 1 1.03842 1.94642 2.82223 2.86297 2.70459
1 2 0.0342386 0.324625 1.12819 1.95464 1.62925
1 3 -1 0.000992525 0.142804 1.16658 1.25436
1 4 -1 0.00866005 0.123505 0.0719509 0.640592
2 0 2.59906 3.70523 3.70024 3.33176 -1
2 1 1.54472 2.82675 2.83069 2.7899 2.44803
2 2 0.909983 1.08864 2.13168 2.09817 1.64235
2 3 0.0661726 0.555292 0.555282 1.29388 1.35352
2 4 -1 0.0325756 0.0442973 0.557789 0.628118
3 0 3.74131 3.73407 2.91743 -1 -1
3 1 2.44491 2.79402 2.77976 2.60331 -1
3 2 1.76985 2.09555 2.08972 2.10607 1.6602
3 3 0.674804 1.30327 1.37631 1.40148 1.3836
3 4 0.0243188 0.258287 0.527487 0.517635 0.609383
4 0 3.73642 0.00153567 -1 -1 -1
4 1 2.2227 0.00313779 0.000719525 -1 -1
4 2 1.75283 1.49956 1.31831 1.40561 -1
4 3 0.991176 1.26674 1.32491 1.36357 0.941332
4 4 0.55023 0.598936 0.653429 0.624888 0.647746

10000 107 3.75835 0 0 3 -1 0 0 0
0 0 1.25309 2.0566 2.78422 3.75835 3.75412
0 1 0.248101 1.28709 1.92303 2.65187 2.74372
0 2 -1 0.295979 1.12509 1.96483 1.8594
0 3 -1 -1 0.161784 0.785458 1.28318
0 4 -1 -1 0.00859488 0.133087 0.598776
1 0 1.74593 2.80846 3.72884 3.74702 2.97498
1 1 1.21681 1.94642 2.83334 2.88513 2.92186
1 2 0.362122 0.60342 2.06252 2.02518 1.8915
1 3 -1 0.0467309 0.142804 1.37777 1.28296
1 4 -1 0.00866005 0.123505 0.190227 0.640592
2 0 2.59906 3.73621 3.73877 3.33176 -1
2 1 1.67111 2.82675 2.85027 2.87506 2.44803
2 2 1.05683 1.13873 2.13168 2.12 1.64235
2 3 0.0753151 1.31624 1.01353 1.30596 1.35352
2 4 -1 0.0368157 0.171681 0.557789 0.633838
3 0 3.75333 3.74319 3.1057 -1 -1
3 1 2.56806 2.82725 2.80071 2.60331 -1
3 2 1.80708 2.09555 2.11359 2.14507 1.73654
3 3 0.979204 1.35943 1.3764 1.40942 1.3836
3 4 0.0377187 0.258287 0.54327 0.555716 0.622775
4 0 3.73994 0.00153567 -1 -1 -1
4 1 2.2227 0.00313779 0.000719525 -1 -1
4 2 1.75283 1.49956 1.60092 1.53876 -1
4 3 1.22296 1.26796 1.34398 1.36357 0.993474
4 4 0.583118 0.622083 0.653429 0.642668 0.647746

15000 108 3.75835 0 0 3 -1 0 0 0
0 0 1.25309 2.14581 2.80792 3.75835 3.75412
0 1 0.248101 1.28709 1.92303 2.65187 2.74372
0 2 -1 0.354548 1.12509 1.96483 1.8594
0 3 -1 0.00062959 0.200451 0.785458 1.28318
0 4 -1 -1 0.0375798 0.421741 0.598776
1 0 1.84465 2.80846 3.72884 3.74789 2.97498
1 1 1.30038 1.94642 2.83334 2.88513 2.92186
1 2 0.362122 0.60342 2.06252 2.03522 1.92555
1 3 -1 0.0467309 0.142804 1.37777 1.28296
1 4 -1 0.546584 0.440619 0.190227 0.640592
2 0 2.59906 3.73621 3.74433 3.33176 -1
2 1 1.85502 2.83131 2.85027 2.87723 2.44803
2 2 1.26791 1.43554 2.13168 2.12 2.04287
2 3 0.0753151 1.31624 1.09265 1.34005 1.38317
2 4 -1 0.0368157 0.171681 0.640597 0.662373
3 0 3.75333 3.75132 3.1057 -1 -1
3 1 2.56806 2.83645 2.82446 2.60331 -1
3 2 1.81693 2.09555 2.11359 2.14507 1.73654
3 3 1.00823 1.35943 1.39565 1.40942 1.3836
3 4 0.392967 0.258287 0.546703 0.627739 0.622775
4 0 3.74178 0.00153567 -1 -1 -1
4 1 2.27026 0.00313779 0.000719525 -1 -1
4 2 1.96598 1.49956 1.67616 1.53876 -1
4 3 1.22399 1.33415 1.34398 1.36357 1.12001
4 4 0.583118 0.622083 0.669467 0.65462 0.656019

20000 110 3.76599 0 0 3 -1 0 0 0
0 0 1.25309 2.14581 2.80792 3.76599 3.7578
0 1 0.401776 1.28709 1.92303 2.65187 2.74372
0 2 -1 0.354548 1.12509 1.96483 1.93761
0 3 -1 0.00062959 0.200451 0.785458 1.28318
0 4 -1 -1 0.152319 0.421741 0.598776
1 0 1.84465 2.80846 3.72884 3.76075 2.97498
1 1 1.30038 1.94642 2.83334 2.88513 2.92186
1 2 0.362122 0.60342 2.06252 2.09016 1.96607
1 3 0.104822 0.238964 0.882264 1.37777 1.28296
1 4 -1 0.546584 0.612452 0.190227 0.640592
2 0 2.59906 3.74286 3.74433 3.33176 -1
2 1 1.85502 2.83131 2.85401 2.87723 2.44803
2 2 1.26791 1.43554 2.13168 2.1256 2.04287
2 3 0.0764676 1.31624 1.09265 1.3724 1.38317
2 4 0.00916623 0.219578 0.344711 0.640597 0.662373
3 0 3.75333 3.75132 3.12643 -1 -1
3 1 2.56806 2.83645 2.82446 2.60331 -1
3 2 1.81693 2.09555 2.11385 2.14507 1.73654
3 3 1.31123 1.35943 1.39565 1.40942 1.3836
3 4 0.392967 0.258287 0.595121 0.645476 0.640192
4 0 3.74178 0.00153567 -1 -1 -1
4 1 2.27026 2.30276 0.000933808 -1 -1
4 2 1.96598 1.61713 1.80492 1.53876 -1
4 3 1.29995 1.33415 1.36768 1.36357 1.12001
4 4 0.583118 0.630142 0.669467 0.65462 0.656019

