0 12 0.0180277 0 3 4 -1 0 0 0
0 0 -1 -1 -1 -1 -1
0 1 -1 -1 -1 -1 -1
0 2 -1 -1 -1 -1 0.00586884
0 3 -1 -1 -1 -1 0.0180277
0 4 -1 -1 -1 -1 0.0136788
1 0 -1 -1 -1 -1 -1
1 1 -1 -1 -1 -1 -1
1 2 -1 -1 0.000569067 -1 -1
1 3 -1 -1 -1 -1 -1
1 4 -1 -1 -1 -1 0.00639602
2 0 -1 -1 -1 -1 -1
2 1 -1 -0.00134608 -1 -1 -1
2 2 -1 0.00239146 6.44491e-05 -1 -1
2 3 -1 -1 -1 -1 -1
2 4 -1 -1 -1 -1 -1
3 0 -1 -1 -1 -1 -1
3 1 -1 -1 -1 -1 -1
3 2 -1 0.00062022 -1 -1 -1
3 3 -1 -1 -1 -1 -1
3 4 -1 -1 -1 -1 -1
4 0 -1 -1 -1 -1 -1
4 1 -1 -1 -1 -1 -1
4 2 0.00491587 -1 -1 -1 -1
4 3 -1 -1 -1 -1 -1
4 4 0.00303636 -1 0.00600834 -1 -1

5000 114 3.79672 4 0 0 -1 0 0 0
0 0 1.1664 1.72309 2.54854 3.6397 3.53804
0 1 0.02329 0.610059 1.69041 2.47223 2.39355
0 2 0.008225 0.0326979 0.687701 1.87518 1.80455
0 3 5.23748e-05 0.000986835 0.955041 0.812116 1.11795
0 4 -1 0.0187041 0.12416 0.11528 0.542438
1 0 1.40124 2.64949 3.64948 3.65979 0.146154
1 1 0.778134 1.06664 2.10742 2.54708 1.90359
1 2 0.0297972 0.805628 1.45435 1.9518 1.58222
1 3 0.00851348 0.613809 0.757848 0.956993 1.10369
1 4 0.162548 0.333639 0.200987 0.436096 0.484144
2 0 2.24527 3.71928 3.67753 2.29252 -1
2 1 1.38453 2.5446 2.86008 2.90406 1.84122
2 2 0.837941 1.60718 1.7056 1.78047 1.65871
2 3 0.429571 0.534209 1.09098 1.11484 1.21986
2 4 0.172328 0.25745 0.439155 0.510689 0.470272
3 0 3.78696 3.78542 2.84459 -1 -1
3 1 2.43857 2.69589 2.6884 2.39439 -1
3 2 1.70384 2.01609 2.02764 2.10175 1.24422
3 3 0.947975 1.30207 1.31651 1.30832 1.0238
3 4 0.173918 0.419128 0.520372 0.451032 0.475084
4 0 3.79672 0.996426 -1 -1 -1
4 1 2.10603 2.00133 0.742685 -1 -1
4 2 1.82668 1.75383 1.74317 0.620486 -1
4 3 1.1289 1.14877 1.25832 1.20972 0.820138
4 4 0.571995 0.52118 0.636205 0.606388 0.620991

10000 114 3.79725 4 0 0 -1 0 0 0
0 0 1.1664 1.8481 2.70743 3.73331 3.73086
0 1 0.0371692 0.881042 1.69041 2.53646 2.39355
0 2 0.103871 0.0326979 0.878997 1.93327 1.91104
0 3 0.000509019 0.287122 0.955041 0.812116 1.20605
0 4 -1 0.115061 0.12416 0.247917 0.542438
1 0 1.61435 2.64949 3.64948 3.72608 0.166402
1 1 0.970142 1.62423 2.83787 2.62591 1.90359
1 2 0.277149 0.805628 1.45435 1.9518 1.75802
1 3 0.200547 0.613809 0.899421 1.13806 1.10369
1 4 0.231561 0.333639 0.305799 0.487921 0.507069
2 0 2.24527 3.73292 3.68282 3.13412 -1
2 1 1.42202 2.66522 2.86008 2.90406 1.84122
2 2 1.18209 1.60718 1.79408 1.86572 1.65871
2 3 0.429571 0.812089 1.09098 1.11484 1.22613
2 4 0.210102 0.286263 0.484239 0.571467 0.59449
3 0 3.79186 3.78542 2.84459 -1 -1
3 1 2.47576 2.78734 2.75264 2.39439 -1
3 2 1.89045 2.04076 2.06377 2.10175 1.38744
3 3 1.17007 1.30207 1.31651 1.32739 1.10597
3 4 0.192351 0.497817 0.520372 0.493593 0.540205
4 0 3.79725 0.996426 -1 -1 -1
4 1 2.21094 2.36632 1.92773 -1 -1
4 2 1.82668 1.80569 1.74317 1.43298 -1
4 3 1.31948 1.22981 1.34601 1.24859 0.845998
4 4 0.571995 0.580135 0.636205 0.68189 0.620991

15000 114 3.79725 4 0 0 -1 0 0 0
0 0 1.23218 1.97852 2.70743 3.76912 3.73293
0 1 0.056852 0.881042 1.69041 2.6703 2.39355
0 2 0.103871 0.159054 1.0975 1.96793 1.91104
0 3 0.000646383 0.431697 0.955041 0.856216 1.23314
0 4 -1 0.115061 0.218827 0.411388 0.582052
1 0 1.61435 2.64949 3.64948 3.73187 1.52289
1 1 0.970142 1.62423 2.87788 2.7228 1.90359
1 2 0.277149 0.833098 1.45435 1.9518 1.76441
1 3 0.422131 0.613809 0.899421 1.13806 1.10369
1 4 0.231561 0.333639 0.305799 0.510565 0.570766
2 0 2.36605 3.73292 3.69703 3.13412 -1
2 1 1.6727 2.67999 2.88524 2.90406 1.8854
2 2 1.18209 2.04038 2.01757 2.13595 1.66171
2 3 0.469887 0.812089 1.09098 1.1489 1.27054
2 4 0.258462 0.286263 0.484239 0.571467 0.59449
3 0 3.79317 3.79237 2.96872 -1 -1
3 1 2.50586 2.78734 2.75264 2.39439 -1
3 2 1.89045 2.04076 2.06377 2.11721 1.38744
3 3 1.17007 1.31867 1.34661 1.35815 1.10597
3 4 0.192351 0.498266 0.525989 0.493593 0.540205
4 0 3.79725 0.996426 -1 -1 -1
4 1 2.47741 2.36632 1.9387 -1 -1
4 2 1.82668 2.02033 1.91092 1.43298 -1
4 3 1.31948 1.22981 1.34601 1.30852 0.984905
4 4 0.574559 0.580135 0.636205 0.68189 0.620991

20000 114 3.79943 4 0 0 -1 0 0 0
0 0 1.23218 1.97852 2.72354 3.76912 3.76729
0 1 0.056852 1.07828 1.69041 2.70298 2.50521
0 2 0.103871 0.159054 1.0975 1.99126 2.04224
0 3 0.000646383 0.431697 0.955041 0.998379 1.2563
0 4 -1 0.115061 0.218827 0.411388 0.582052
1 0 1.61435 2.64949 3.70415 3.74299 1.52289
1 1 0.970142 1.94486 2.87788 2.76267 1.90359
1 2 0.277149 0.833098 2.14847 2.02901 1.76441
1 3 0.422131 0.613809 0.899421 1.21186 1.31688
1 4 0.231561 0.333639 0.305799 0.510565 0.591881
2 0 2.36605 3.74681 3.71148 3.13412 -1
2 1 1.6727 2.67999 2.88524 2.90406 1.8854
2 2 1.18209 2.04038 2.22093 2.13595 1.71383
2 3 0.565813 0.965942 1.14589 1.1489 1.27054
2 4 0.258462 0.286263 0.484239 0.571467 0.59449
3 0 3.79456 3.79237 2.96872 -1 -1
3 1 2.50586 2.78734 2.75264 2.44765 -1
3 2 1.94902 2.05682 2.06835 2.11721 1.38744
3 3 1.28444 1.31867 1.35655 1.35919 1.10597
3 4 0.241054 0.498266 0.533316 0.493593 0.589808
4 0 3.79943 0.996426 -1 -1 -1
4 1 2.47741 2.36632 2.05403 -1 -1
4 2 1.82668 2.02033 1.91092 1.43298 -1
4 3 1.31948 1.22981 1.34601 1.30852 0.984905
4 4 0.601198 0.607976 0.636205 0.68189 0.620991

