0 16 0.0254954 0 3 4 -1 0 0 0
0 0 -1 -1 -1 -1 -1
0 1 -1 -1 -1 -1 -1
0 2 -1 -1 -1 -1 -1
0 3 -1 -1 -1 -1 0.0254954
0 4 -1 -1 -1 -1 -1
1 0 -1 -1 -1 -1 -1
1 1 -1 -0.000493318 -0.00136238 -1 -1
1 2 -1 -1 0.000851117 -1 -1
1 3 -1 -1 -1 -1 -1
1 4 -1 -1 -1 -1 -1
2 0 -1 -1 -1 -1 -1
2 1 -1 0.000604119 -1 -1 -1
2 2 -1 0.00131386 -0.00010993 -1 -1
2 3 -1 -1 -1 0.00062583 0.00139494
2 4 -1 -1 -1 -1 -1
3 0 -1 -1 -1 -1 -1
3 1 -1 -1 -1 -1 -1
3 2 -1 -1 -1 -1 -1
3 3 -1 -0.00015349 -1 -1 -1
3 4 -1 -1 0.0131696 -1 -1
4 0 -1 -1 -1 -1 -1
4 1 -1 -1 -1 -1 -1
4 2 0.00759984 -1 -1 -1 -1
4 3 -1 -1 0.000509555 -1 -1
4 4 0.00455357 0.00468551 -1 0.0043623 -1

5000 108 3.74993 0 0 4 -1 0 0 0
0 0 1.29363 2.11692 2.73325 3.67329 3.74993
0 1 0.152092 0.703386 1.53785 2.54434 2.30576
0 2 -1 0.0596997 0.68414 1.8731 1.75272
0 3 -1 0.00167322 0.0104663 0.589712 1.29028
0 4 -1 -1 0.000700651 0.0194317 0.605951
1 0 1.56107 2.53003 3.67904 3.69472 -1
1 1 0.957538 1.55523 2.70726 2.76853 2.13705
1 2 0.0649858 0.373203 1.51461 2.06362 1.87426
1 3 0.000723215 0.00864152 0.1654 1.15245 1.33574
1 4 -1 0.00863026 0.0339957 0.411539 0.608673
2 0 2.12221 3.66624 3.68378 3.00078 -1
2 1 1.43468 2.44776 2.87817 2.70139 2.08355
2 2 0.581856 1.03725 2.12128 2.05331 1.30287
2 3 0.0107981 0.0338363 1.20884 1.33411 1.04767
2 4 0.00863673 0.0305187 0.0386515 0.481428 0.550971
3 0 3.64544 3.65571 3.12424 -1 -1
3 1 2.68521 2.77492 2.8706 2.32736 -1
3 2 1.90082 2.04557 2.07633 2.01842 -0.000344476
3 3 0.728494 0.882473 1.34114 1.41186 0.862683
3 4 0.0357644 0.0655235 0.240855 0.627142 0.475386
4 0 3.729 -1 -1 -1 -1
4 1 2.46962 2.58474 2.16233 -1 -1
4 2 1.99905 1.9668 1.98459 1.6755 -1
4 3 1.26197 1.3234 1.27995 1.38136 0.789649
4 4 0.563044 0.635083 0.656586 0.658409 0.613635

10000 110 3.78279 4 0 0 -1 0 0 0
0 0 1.29363 2.11692 2.73325 3.67329 3.74993
0 1 0.224205 0.866577 1.80896 2.58535 2.38577
0 2 0.000151988 0.0596997 0.741312 1.8879 1.86432
0 3 -1 0.00167322 0.0104663 0.589712 1.29028
0 4 -1 -1 0.000700651 0.296098 0.605951
1 0 1.56107 2.53003 3.68398 3.69472 -1
1 1 0.957538 1.55523 2.81545 2.80096 2.42871
1 2 0.0649858 0.373203 1.51461 2.06362 1.87426
1 3 0.00141834 0.44998 0.1654 1.33101 1.34801
1 4 -1 0.00863026 0.0404761 0.411539 0.608822
2 0 2.52218 3.75288 3.72409 3.05685 -1
2 1 1.62047 2.85063 2.89696 2.78736 2.08355
2 2 0.761512 1.25278 2.12763 2.05331 1.91897
2 3 0.0107981 0.688564 1.20884 1.36432 1.28643
2 4 0.00863673 0.0305187 0.0386515 0.579584 0.61623
3 0 3.77719 3.78242 3.12424 -1 -1
3 1 2.74629 2.86972 2.8706 2.46808 -1
3 2 1.99856 2.07476 2.14845 2.03419 1.46342
3 3 0.728494 1.25898 1.34114 1.41186 1.09035
3 4 0.0357644 0.0655235 0.389903 0.654448 0.627721
4 0 3.78279 2.889 -1 -1 -1
4 1 2.55496 2.68058 2.16233 -1 -1
4 2 1.99905 1.97905 2.07001 1.6755 -1
4 3 1.31246 1.35725 1.35909 1.38136 0.999045
4 4 0.563044 0.642937 0.656586 0.658409 0.664374

15000 110 3.78546 3 0 0 -1 0 0 0
0 0 1.29363 2.11692 2.73325 3.71063 3.75096
0 1 0.224205 0.945189 1.84006 2.70719 2.38577
0 2 0.056171 0.139875 0.784771 1.91721 1.86432
0 3 -1 0.0564848 0.0104663 0.745246 1.29028
0 4 -1 -1 0.00862156 0.296098 0.605951
1 0 1.81142 2.53003 3.68398 3.7174 -1
1 1 0.957538 1.55523 2.8957 2.85142 2.42871
1 2 0.277096 0.475182 1.51461 2.15311 1.91924
1 3 0.00141834 0.44998 1.00675 1.33101 1.34801
1 4 -1 0.0183401 0.0404761 0.518295 0.618794
2 0 2.52218 3.75786 3.7314 3.05853 -1
2 1 1.62047 2.85063 2.89696 2.78736 2.08355
2 2 0.761512 1.99617 2.12763 2.0871 1.91897
2 3 0.0373147 0.688564 1.31099 1.38802 1.28643
2 4 0.00863673 0.190741 0.162502 0.633151 0.61623
3 0 3.78546 3.78242 3.12424 -1 -1
3 1 2.81486 2.88715 2.87316 2.46808 -1
3 2 1.99856 2.07476 2.15267 2.06991 1.52649
3 3 0.728494 1.25898 1.34114 1.41186 1.22728
3 4 0.0763843 0.0723934 0.480384 0.654448 0.627721
4 0 3.78279 2.889 -1 -1 -1
4 1 2.56787 2.74864 2.28808 -1 -1
4 2 2.1429 2.14376 2.12409 1.7308 -1
4 3 1.31246 1.35725 1.37728 1.38535 1.0344
4 4 0.598536 0.645666 0.656586 0.658409 0.664374

20000 110 3.78842 3 0 1 -1 0 0 0
0 0 1.29363 2.11692 2.77134 3.72565 3.75096
0 1 0.362972 1.23868 1.85384 2.70719 2.38577
0 2 0.056171 0.248093 0.784771 1.91721 1.92788
0 3 -1 0.0756753 0.0108285 0.745246 1.34967
0 4 -1 -1 0.00862156 0.296098 0.605951
1 0 1.81142 2.53837 3.69833 3.74365 -1
1 1 0.957538 1.63037 2.8957 2.85142 2.42871
1 2 0.277096 0.488961 1.94558 2.15311 1.91924
1 3 0.00141834 0.44998 1.00675 1.33101 1.34801
1 4 -1 0.0278678 0.152221 0.5854 0.618794
2 0 2.78241 3.77044 3.7314 3.05853 -1
2 1 1.62047 2.85063 2.90304 2.79828 2.08355
2 2 0.934595 1.99617 2.12763 2.13163 1.91897
2 3 0.0373147 1.13813 1.31099 1.38802 1.30702
2 4 0.00863673 0.190741 0.162502 0.650885 0.61623
3 0 3.78546 3.78842 3.31743 -1 -1
3 1 2.81486 2.88715 2.87316 2.4959 -1
3 2 1.99856 2.09619 2.15267 2.11215 1.52649
3 3 0.757608 1.35334 1.34114 1.41186 1.22728
3 4 0.0763843 0.0723934 0.480384 0.666385 0.627721
4 0 3.78279 2.889 -1 -1 -1
4 1 2.72175 2.8632 2.30547 -1 -1
4 2 2.1429 2.14376 2.12409 1.7308 -1
4 3 1.31246 1.40754 1.39174 1.38535 1.0344
4 4 0.598536 0.645666 0.665342 0.658409 0.664374

