0 17 0.015116 1 2 3 -1 0 0 0
0 0 -1 -1 -1 0.00296764 -1
0 1 -1 -1 -1 -1 0.00419832
0 2 -1 -1 -1 -1 -1
0 3 -1 -1 -1 -1 0.00635819
0 4 -1 -1 -1 -1 0.00405246
1 0 -1 -1 -1 -1 -1
1 1 -1 -0.000609256 -1 -1 -1
1 2 -1 -0.000336983 0.00093702 0.015116 -1
1 3 -1 -1 -1 -1 -1
1 4 -1 -1 -1 -1 -1
2 0 -1 -1 -1 -1 -1
2 1 -1 -1 -1 -1 -1
2 2 -1 0.000413418 0.000684316 -1 -1
2 3 -1 -1 -1 0.000131865 -1
2 4 -1 -1 -1 -1 0.00227106
3 0 -1 -1 -1 -1 -1
3 1 -1 -1 -1 -1 -1
3 2 -1 -0.000229797 -1 -1 -1
3 3 -1 -1 -0.000104876 -1 -1
3 4 -1 -1 -1 -1 -1
4 0 -1 -1 -1 -1 -1
4 1 -1 -1 -1 -1 -1
4 2 -1 -1 -1 -1 -1
4 3 0.00962113 -1 -1 -1 -1
4 4 0.00340633 -1 0.00414262 -1 -1

5000 107 3.75403 1 0 3 -1 0 0 0
0 0 1.11526 1.98903 2.6779 3.72608 3.74742
0 1 0.10448 0.655668 1.71359 2.52316 2.49715
0 2 0.00137006 0.0353502 0.394648 1.6534 1.86275
0 3 0.000545933 0.00134033 0.024996 0.437793 1.19985
0 4 -1 -1 0.00157415 0.023509 0.527646
1 0 1.40485 2.35859 3.69703 3.75403 -1
1 1 0.948268 1.03605 2.79005 2.79454 2.37252
1 2 0.00788786 0.18667 0.661799 1.98493 1.74302
1 3 0.00138562 0.0180068 0.0400847 0.193205 1.30518
1 4 -1 0.0085757 0.0231624 0.0349465 0.544634
2 0 2.03583 3.62714 3.69853 3.30579 -1
2 1 1.33243 2.64649 2.78695 2.64308 -1
2 2 0.576718 1.19357 1.31713 1.71391 1.25214
2 3 0.0124132 0.0323935 0.0864609 0.988574 1.13806
2 4 0.00866571 0.0180781 0.0442315 0.0395917 0.522524
3 0 3.50233 3.62694 2.98845 -1 -1
3 1 2.51771 2.70409 2.76239 -1 -1
3 2 1.88493 2.00753 2.07289 2.0118 -1
3 3 0.563542 1.02267 1.34522 1.30907 0.0448743
3 4 0.0318555 0.0856486 0.0769399 0.139698 0.569128
4 0 3.47763 -0.00094638 -1 -1 -1
4 1 2.07895 2.17155 -1 -1 -1
4 2 1.91364 1.88685 1.87784 1.44689 -1
4 3 1.26996 1.2316 1.31203 1.32448 0.742589
4 4 0.569425 0.622233 0.578957 0.62776 0.57615

10000 111 3.78021 3 0 1 -1 0 0 0
0 0 1.11526 1.98903 2.6779 3.76659 3.75887
0 1 0.209269 0.980289 1.71359 2.55121 2.49715
0 2 0.00137006 0.0353502 0.785709 1.87436 1.86275
0 3 0.000545933 0.00179955 0.0375055 0.495889 1.19985
0 4 -1 -1 0.00865838 0.0239953 0.527646
1 0 1.57577 2.66895 3.76602 3.75644 -1
1 1 1.06478 1.03605 2.79005 2.79956 2.37252
1 2 0.0627147 0.516516 0.836078 1.98493 1.74302
1 3 0.0014318 0.0180068 0.0400847 0.973687 1.30518
1 4 -1 0.0085757 0.0296635 0.0524259 0.544634
2 0 2.39156 3.76914 3.77638 3.30579 -1
2 1 1.49161 2.67726 2.78695 2.77057 -0.000469722
2 2 0.620343 1.79747 1.32276 1.71391 1.42985
2 3 0.0124132 1.05781 0.394288 0.988574 1.20175
2 4 0.00866571 0.0308186 0.14482 0.0447757 0.561319
3 0 3.77496 3.78021 2.98845 -1 -1
3 1 2.67087 2.70409 2.77334 2.30499 -1
3 2 1.89618 2.05202 2.07798 2.0118 0.00028776
3 3 0.755587 1.32042 1.34522 1.32211 0.0448743
3 4 0.035481 0.107841 0.396606 0.139698 0.569128
4 0 3.77185 -0.00094638 -1 -1 -1
4 1 2.25472 2.49058 0.00466285 -1 -1
4 2 1.97923 1.94266 1.87784 1.45325 -1
4 3 1.32897 1.30862 1.31753 1.34677 0.826653
4 4 0.580314 0.622233 0.612712 0.636906 0.57615

15000 111 3.78853 3 0 0 -1 0 0 0
0 0 1.43959 1.98903 2.6894 3.77215 3.7722
0 1 0.209269 0.980289 1.71359 2.5884 2.49715
0 2 0.00137006 0.0353502 0.785709 1.87436 1.86275
0 3 0.000545933 0.00179955 0.0375055 0.495889 1.27977
0 4 -1 -1 0.00865838 0.037657 0.542546
1 0 1.57577 2.98949 3.76602 3.76823 -1
1 1 1.06478 1.33773 2.85102 2.79956 2.37252
1 2 0.0627147 0.583321 1.43561 2.08019 1.74302
1 3 0.0014318 0.0474548 0.0400847 1.1796 1.30518
1 4 -1 0.0085757 0.0527924 0.319054 0.560145
2 0 2.41088 3.78178 3.77638 3.30579 -1
2 1 1.49161 2.77512 2.85879 2.77057 0.00675687
2 2 0.969576 1.79747 1.78366 2.03612 1.42985
2 3 0.0124132 1.05781 1.02752 1.06359 1.20175
2 4 0.00866571 0.118887 0.217288 0.314051 0.561319
3 0 3.78853 3.78665 2.98845 -1 -1
3 1 2.67087 2.78062 2.77334 2.30499 -1
3 2 1.97004 2.08641 2.11721 2.0118 0.00212374
3 3 1.30273 1.34626 1.39996 1.3945 1.11848
3 4 0.13763 0.18588 0.396606 0.240323 0.569128
4 0 3.7828 -0.00094638 -1 -1 -1
4 1 2.63781 2.49058 2.08789 -1 -1
4 2 1.98429 2.00307 1.95738 1.45325 -1
4 3 1.32897 1.32388 1.35709 1.34677 1.1231
4 4 0.580314 0.622233 0.640359 0.636906 0.600667

20000 112 3.78853 3 0 0 -1 0 0 0
0 0 1.43959 1.98903 2.87747 3.7746 3.7722
0 1 0.209269 0.980289 1.79603 2.5884 2.49715
0 2 0.00137006 0.15034 0.807564 2.03004 1.95988
0 3 0.000545933 0.00179955 0.0754983 0.650504 1.27977
0 4 -1 -1 0.00865838 0.0469321 0.542546
1 0 1.67077 3.0449 3.77918 3.76823 -0.000900184
1 1 1.09819 1.59391 2.85102 2.79956 2.37252
1 2 0.0866933 0.583321 1.5951 2.08284 1.86232
1 3 0.00843518 0.0474548 0.0548441 1.1796 1.30518
1 4 -1 0.0085757 0.0527924 0.319054 0.560145
2 0 2.5809 3.78178 3.78098 3.30579 -1
2 1 1.54169 2.80952 2.85879 2.77057 0.00675687
2 2 0.969576 1.79747 1.89194 2.03612 1.45335
2 3 0.0124524 1.05781 1.16859 1.06359 1.20175
2 4 0.00866571 0.382749 0.527876 0.373129 0.650299
3 0 3.78853 3.78817 3.05521 -1 -1
3 1 2.67087 2.78274 2.77334 2.49586 -1
3 2 1.97004 2.08641 2.11721 2.0701 1.43226
3 3 1.30273 1.34626 1.39996 1.3945 1.37457
3 4 0.13763 0.603497 0.447536 0.601042 0.569128
4 0 3.78521 -0.00094638 -1 -1 -1
4 1 2.71935 2.65952 2.08789 -1 -1
4 2 1.98429 2.00307 1.95738 1.59022 -1
4 3 1.32897 1.32388 1.36373 1.36616 1.1231
4 4 0.580314 0.622233 0.65306 0.636906 0.600667

