0 17 0.0150042 3 4 2 -1 0 0 0
0 0 -1 -1 -1 -1 -1
0 1 -1 -1 -1 -1 -1
0 2 -1 -1 -1 -1 -1
0 3 -1 -1 -1 -1 0.00273221
0 4 -1 -1 -1 -1 0.00495083
1 0 -1 -1 -1 -1 -1
1 1 -1 -1 -1 -1 -1
1 2 -1 -0.000266407 0.000823628 -1 -1
1 3 -1 -1 -1 -0.00110122 -1
1 4 -1 -1 -1 -1 0.0100791
2 0 -1 -1 -1 -1 -1
2 1 -1 -1 -1 -1 -1
2 2 -1 7.81534e-05 -0.00137285 -1 -1
2 3 -1 -1 -1 -0.00049529 -1
2 4 -1 -1 -1 0.000859105 -0.000598405
3 0 -1 -1 -1 -1 -1
3 1 -1 -1 -1 -1 -1
3 2 -1 -1 -1 -1 -1
3 3 -1 -1 -1 -0.000812776 -1
3 4 -1 -1 0.0150042 -1 -1
4 0 -1 -1 -1 -1 -1
4 1 -1 -1 -1 -1 -1
4 2 0.00468303 -1 -1 -1 -1
4 3 -1 -1 -1 -1 -1
4 4 0.0122466 -1 0.0012134 0.00628374 -1

5000 111 3.77214 3 0 1 -1 0 0 0
0 0 1.29189 1.843 2.77656 3.75983 3.73596
0 1 0.121433 0.974943 2.20091 2.63542 2.65499
0 2 0.000101248 0.173042 0.97495 1.7903 1.91248
0 3 0.000414703 0.0135726 0.665641 1.0434 1.21197
0 4 -1 0.0469343 0.276729 0.266874 0.524897
1 0 1.94122 2.65202 3.77041 3.75351 -1
1 1 0.742585 1.71462 2.55741 2.74333 2.51706
1 2 0.302799 1.4068 1.59197 2.09891 1.92893
1 3 0.679007 0.822585 1.00145 1.27103 1.2245
1 4 0.0755423 0.0663101 0.257774 0.470371 0.575508
2 0 2.66975 3.76008 3.7719 2.60075 -1
2 1 1.72019 2.69623 2.84035 2.39207 -1
2 2 0.982149 1.95062 1.96549 1.99962 1.59404
2 3 0.753701 0.907638 1.10041 1.37066 1.19477
2 4 0.171883 0.219293 0.554935 0.56093 0.563293
3 0 3.76081 3.77214 3.03924 -1 -1
3 1 2.55331 2.76434 2.87939 1.95791 -1
3 2 1.86632 2.04433 2.11602 1.86947 0.0254547
3 3 1.01623 1.20884 1.34179 1.37304 1.07449
3 4 0.360167 0.428252 0.583517 0.622427 0.520345
4 0 3.76997 -1 -1 -1 -1
4 1 2.85762 2.88753 2.29304 -1 -1
4 2 2.15222 2.1226 2.13922 1.53495 -1
4 3 1.33769 1.37648 1.31054 1.22455 0.801285
4 4 0.564616 0.591875 0.561242 0.671695 0.577241

10000 114 3.77978 2 0 1 -1 0 0 0
0 0 1.30615 2.20306 3.04587 3.75983 3.74218
0 1 0.355275 0.974943 2.20091 2.87784 2.81728
0 2 0.238228 0.622272 0.97495 1.80934 1.98499
0 3 0.00112603 0.438919 0.665641 1.0434 1.21197
0 4 -1 0.152188 0.38264 0.43916 0.524897
1 0 2.02274 2.89382 3.77354 3.77361 3.29227
1 1 0.95658 1.95395 2.55741 2.74451 2.80692
1 2 0.54097 1.4068 1.59197 2.09891 1.96208
1 3 0.975039 1.11975 1.13035 1.27103 1.23036
1 4 0.0755423 0.291694 0.459636 0.54085 0.59862
2 0 2.83165 3.77978 3.77394 3.0806 -1
2 1 2.16406 2.83774 2.86453 2.50107 1.83954
2 2 1.93503 1.95062 2.10043 2.11349 1.75231
2 3 0.753701 1.02553 1.24423 1.38726 1.29458
2 4 0.171883 0.32496 0.554935 0.59546 0.56575
3 0 3.76968 3.77214 3.03924 -1 -1
3 1 2.93089 2.91052 2.87939 2.45219 -1
3 2 1.86632 2.06092 2.18553 2.05442 1.57559
3 3 1.12722 1.30353 1.35376 1.38427 1.33755
3 4 0.518463 0.484609 0.583517 0.62523 0.637025
4 0 3.76997 3.37468 -1 -1 -1
4 1 2.93212 2.93107 2.63208 -1 -1
4 2 2.15222 2.17361 2.15392 1.55745 -1
4 3 1.37201 1.37648 1.37196 1.329 0.844951
4 4 0.607866 0.595084 0.645076 0.671695 0.61511

15000 114 3.78614 2 0 2 -1 0 0 0
0 0 1.42055 2.20306 3.04587 3.75983 3.75041
0 1 0.355275 1.09997 2.20091 2.89609 2.90188
0 2 0.238228 0.622272 0.97495 1.98539 2.09962
0 3 0.420231 0.593926 0.665641 1.08421 1.35604
0 4 -1 0.343804 0.402016 0.43916 0.529767
1 0 2.02274 2.92558 3.78458 3.77427 3.29227
1 1 1.14342 1.95395 2.55741 2.82522 2.80692
1 2 1.24037 1.56891 1.72189 2.09981 2.11947
1 3 0.975039 1.16179 1.30696 1.31222 1.24694
1 4 0.296649 0.449201 0.506342 0.54085 0.606546
2 0 2.83165 3.77978 3.78614 3.11891 -1
2 1 2.21569 2.83774 2.86453 2.71161 2.28825
2 2 1.93503 1.98345 2.10043 2.11349 2.00311
2 3 1.04377 1.02553 1.24423 1.38726 1.29458
2 4 0.171883 0.421382 0.593277 0.59546 0.597306
3 0 3.77442 3.77214 3.03924 -1 -1
3 1 2.93089 2.94478 2.94155 2.45219 -1
3 2 1.86634 2.06092 2.18553 2.05442 1.57559
3 3 1.12819 1.30353 1.40067 1.38427 1.33755
3 4 0.518463 0.574729 0.583517 0.625749 0.637025
4 0 3.76997 3.37468 -1 -1 -1
4 1 2.95462 2.94801 2.63208 -1 -1
4 2 2.18994 2.19007 2.16715 1.58633 -1
4 3 1.39047 1.37648 1.39728 1.36313 0.903079
4 4 0.607866 0.612873 0.645076 0.671695 0.631336

20000 114 3.78614 2 0 2 -1 0 0 0
0 0 1.51608 2.20306 3.04587 3.77537 3.76257
0 1 0.355275 1.09997 2.20091 2.89609 2.92882
0 2 0.238228 0.622272 1.53418 2.06206 2.11286
0 3 0.420231 0.659673 0.706073 1.21692 1.35604
0 4 -1 0.478038 0.496758 0.439956 0.591094
1 0 2.3017 2.92558 3.78458 3.78242 3.29227
1 1 1.22563 1.95395 2.62645 2.96945 2.8735
1 2 1.24037 1.56891 2.04754 2.1053 2.16878
1 3 1.01459 1.16179 1.30696 1.33177 1.37704
1 4 0.296649 0.449201 0.526238 0.54085 0.606757
2 0 2.94604 3.77978 3.78614 3.11891 -1
2 1 2.21569 2.83774 2.86453 2.82618 2.28825
2 2 1.93503 1.98345 2.10043 2.11349 2.17266
2 3 1.04377 1.11024 1.38024 1.38726 1.34718
2 4 0.171883 0.574243 0.621915 0.623139 0.630941
3 0 3.77442 3.77214 3.1677 -1 -1
3 1 2.93089 2.94478 2.94155 2.45219 -1
3 2 1.98252 2.07858 2.18553 2.10269 1.57559
3 3 1.12819 1.30353 1.40067 1.41286 1.40389
3 4 0.518463 0.574729 0.583517 0.625749 0.637025
4 0 3.76997 3.37468 -1 -1 -1
4 1 2.95462 2.97092 2.63208 -1 -1
4 2 2.18994 2.19007 2.18493 1.76064 -1
4 3 1.39047 1.39612 1.39728 1.38951 0.903079
4 4 0.613687 0.612873 0.645076 0.671695 0.631336

