0 16 0.0127112 2 3 2 -1 0 0 0
0 0 -1 -1 -1 -1 -1
0 1 -1 -1 0.00490426 -1 -1
0 2 -1 -1 -1 -1 -1
0 3 -1 -1 -1 -1 0.00264261
0 4 -1 -1 -1 -1 -1
1 0 -1 -1 -1 -1 -1
1 1 -1 -1 0.00130714 -1 -1
1 2 -1 -1 0.000943977 -1 -1
1 3 -1 -1 -1 0.0060816 -1
1 4 -1 -1 -1 0.00804696 -1
2 0 -1 -1 -1 -1 -1
2 1 -1 -1 -1 -1 -1
2 2 -1 0.00108201 0.000688181 -1 0.00616464
2 3 -1 -1 0.0127112 -1 -1
2 4 -1 -1 -1 -1 0.00193378
3 0 -1 -1 -1 -1 -1
3 1 -1 -1 -1 -1 -1
3 2 -1 3.88484e-05 -0.00107264 -1 -1
3 3 -1 0.00165999 -1 -1 -1
3 4 -1 -1 -1 -1 -1
4 0 -1 -1 -1 -1 -1
4 1 -1 -1 -1 -1 -1
4 2 0.00919135 -1 -1 -1 -1
4 3 -1 -1 0.00219718 -1 -1
4 4 -1 -1 -1 -1 -1

5000 111 3.72204 3 0 1 -1 0 0 0
0 0 1.04 1.84349 2.4665 3.44542 0.531063
0 1 0.0342076 0.585791 1.83301 2.68589 2.49416
0 2 -0.000229714 0.0601641 0.657122 2.09908 1.99672
0 3 0.000156536 0.0112581 0.0328837 0.81534 1.32598
0 4 -1 -1 0.00455929 0.0783501 0.488383
1 0 1.44757 2.57464 3.64281 3.62206 -1
1 1 0.593514 1.57372 2.62915 2.88701 0.279649
1 2 0.0756126 0.409182 1.73488 2.08782 1.95939
1 3 -0.000518469 0.0151337 0.765035 1.36976 1.22899
1 4 -1 0.219299 0.353232 0.529957 0.415957
2 0 2.19254 3.71742 3.69501 3.06335 -1
2 1 1.36885 2.56839 2.62514 2.75557 -0.000231895
2 2 0.429717 1.2441 1.81823 1.90268 0.217956
2 3 0.0276394 0.579038 1.12017 1.13968 1.02862
2 4 0.171915 0.362828 0.496932 0.589086 0.541923
3 0 3.65767 3.72204 2.19584 -1 -1
3 1 2.42006 2.61916 2.70042 0.000261753 -1
3 2 1.61785 1.85747 1.91762 1.73197 0.00449511
3 3 0.583127 1.10998 1.26582 1.17128 1.26733
3 4 0.362109 0.450586 0.544842 0.535909 0.463061
4 0 3.64542 0.00799943 -1 -1 -1
4 1 2.55093 2.40944 2.01293 -1 -1
4 2 1.8974 1.81077 1.77375 1.35978 -1
4 3 1.19863 1.17786 1.28117 1.23425 0.568822
4 4 0.54579 0.554382 0.559302 0.56846 0.517116

10000 113 3.77932 3 0 1 -1 0 0 0
0 0 1.36151 1.98273 2.5302 3.57676 3.41428
0 1 0.09339 1.15591 1.83301 2.7201 2.49416
0 2 -0.000229714 0.143313 0.830091 2.09908 1.99672
0 3 0.000291016 0.0264359 0.574137 0.81534 1.32598
0 4 -1 -0.000146534 0.0138548 0.200146 0.542027
1 0 1.63797 2.57464 3.67547 3.63744 0.00832391
1 1 0.699812 1.57372 2.69784 2.88701 1.86407
1 2 0.0756126 1.21851 1.73488 2.08782 1.95939
1 3 0.000653586 0.585088 0.765035 1.36976 1.31558
1 4 -1 0.219299 0.372284 0.529957 0.571413
2 0 2.26798 3.74343 3.72638 3.06335 -1
2 1 1.36885 2.56839 2.92733 2.82751 0.00239764
2 2 0.429717 1.88206 1.92684 2.15101 1.36154
2 3 0.258616 0.579038 1.17882 1.26283 1.30194
2 4 0.171915 0.467353 0.496932 0.589086 0.541923
3 0 3.76932 3.77932 2.77359 -1 -1
3 1 2.44071 2.63975 2.72358 1.86246 -1
3 2 1.89583 1.85747 1.96446 1.80073 0.00623211
3 3 0.785596 1.17601 1.26582 1.36295 1.26733
3 4 0.362109 0.450586 0.554937 0.570657 0.494292
4 0 3.76273 0.00799943 -1 -1 -1
4 1 2.55093 2.40944 2.01293 -1 -1
4 2 1.8974 1.93093 1.86973 1.40611 -1
4 3 1.22039 1.29638 1.28117 1.30253 0.714663
4 4 0.54579 0.554382 0.591716 0.56846 0.522734

15000 114 3.78758 3 0 0 -1 0 0 0
0 0 1.36151 1.98273 2.56815 3.61965 3.53285
0 1 0.123698 1.15591 1.86222 2.73022 2.49416
0 2 -0.000229714 0.143313 0.830091 2.09908 1.99672
0 3 0.00120908 0.0344314 0.574137 0.85378 1.35039
0 4 -1 -0.000146534 0.0180724 0.200146 0.605733
1 0 1.63797 2.81114 3.67547 3.65215 0.00982958
1 1 0.795135 1.7336 2.7406 2.88701 2.1991
1 2 0.0756126 1.21851 1.73488 2.11337 1.98752
1 3 0.00104596 0.585088 1.03571 1.36976 1.37323
1 4 0.00908689 0.239447 0.372284 0.529957 0.641421
2 0 2.41713 3.75302 3.72638 3.06335 -1
2 1 1.36885 2.56839 2.97036 2.82751 1.91315
2 2 0.429717 1.88206 1.92684 2.15101 1.36154
2 3 0.537077 0.778911 1.17882 1.28199 1.30194
2 4 0.171915 0.488742 0.554618 0.589086 0.600948
3 0 3.78758 3.78449 2.77359 -1 -1
3 1 2.45253 2.65066 2.72358 1.90431 -1
3 2 1.89583 1.91694 1.96446 1.89017 1.37837
3 3 0.785596 1.17601 1.26582 1.36295 1.32643
3 4 0.450152 0.450586 0.554937 0.570657 0.625694
4 0 3.77738 0.0181451 -1 -1 -1
4 1 2.55093 2.47936 2.01293 -1 -1
4 2 1.8974 1.93093 1.86973 1.5745 -1
4 3 1.22039 1.29638 1.28117 1.30253 0.752341
4 4 0.54579 0.554382 0.591716 0.580448 0.565616

20000 114 3.78922 3 0 0 -1 0 0 0
0 0 1.36151 1.98273 2.56815 3.61965 3.58533
0 1 0.123698 1.20744 1.96018 2.73022 2.49416
0 2 0.000349116 0.190758 0.830091 2.09908 2.00536
0 3 0.00120908 0.0344314 0.574137 0.85378 1.35039
0 4 -1 -0.000146534 0.0469647 0.200146 0.605733
1 0 1.63797 2.81114 3.67547 3.65215 0.00982958
1 1 0.795135 1.7336 2.79938 2.90415 2.25301
1 2 0.0756126 1.21851 1.73488 2.11337 2.04561
1 3 0.00116163 0.585088 1.03571 1.36976 1.37323
1 4 0.00908689 0.239447 0.372284 0.529957 0.645575
2 0 2.47153 3.75973 3.73707 3.06335 -1
2 1 1.36885 2.56839 2.97036 2.86207 1.91315
2 2 0.621212 1.88206 1.92684 2.15101 1.98946
2 3 0.537077 0.778911 1.17882 1.28199 1.30194
2 4 0.171915 0.488742 0.554618 0.589086 0.600948
3 0 3.78922 3.78618 3.23708 -1 -1
3 1 2.47055 2.65066 2.748 1.90431 -1
3 2 1.89583 1.94295 2.12688 1.96813 1.40816
3 3 0.785596 1.24244 1.26582 1.36295 1.32643
3 4 0.450152 0.450586 0.554937 0.570657 0.675944
4 0 3.78051 0.0181451 -1 -1 -1
4 1 2.55093 2.47936 2.1222 -1 -1
4 2 1.8974 1.93093 1.86973 1.59874 -1
4 3 1.22039 1.29638 1.28117 1.30253 0.752341
4 4 0.54579 0.572926 0.591716 0.580448 0.565616

