0 20 0.00955789 4 4 0 -1 0 0 0
0 0 -1 -1 -1 -1 -1
0 1 -1 -1 0.000746555 -1 0.00247126
0 2 -1 -1 -1 -1 0.00517339
0 3 -1 -1 -1 -1 -1
0 4 -1 -1 -1 -1 -1
1 0 -1 -1 -1 -1 -1
1 1 -1 -0.0018604 -1 -1 -1
1 2 -1 -1 0.00170757 0.00141889 -1
1 3 -1 -1 -1 0.000756238 -1
1 4 -1 -1 -1 -1 0.00838247
2 0 -1 -1 -1 -1 -1
2 1 -1 0.00080092 -1 -1 -1
2 2 -1 0.00154069 0.00136893 -1 -1
2 3 -1 -1 -1 -1 -1
2 4 -1 -1 0.00764884 -1 -1
3 0 -1 -1 -1 -1 -1
3 1 -1 -1 -1 -1 -1
3 2 -1 -0.000401072 -1 -1 -1
3 3 -1 -0.00172552 0.00150905 9.11668e-05 -1
3 4 -1 -1 -1 -1 -1
4 0 -1 -1 -1 -1 -1
4 1 -1 -1 -1 -1 -1
4 2 -1 -1 -1 -1 -1
4 3 0.00435105 -1 -1 -1 -1
4 4 0.00955789 -1 0.0021135 0.003186 -1

5000 113 3.77758 0 0 3 -1 0 0 0
0 0 1.11495 1.77004 2.87152 3.77758 3.77286
0 1 0.0373385 1.04266 2.27177 2.74692 2.69296
0 2 -0.000186358 0.0650806 0.82426 1.94859 2.07023
0 3 0.000487471 0.142802 1.22725 1.21733 1.25001
0 4 -1 -1 0.190489 0.593417 0.564035
1 0 1.66586 2.69491 3.72186 3.77019 0.0192537
1 1 0.497652 1.52743 2.7688 2.86595 2.58454
1 2 0.0386552 0.933909 1.91046 1.99948 2.06298
1 3 0.00790585 0.647867 1.36313 1.3287 1.33092
1 4 0.0471674 0.228868 0.469271 0.554595 0.603861
2 0 2.48553 3.74722 3.73191 3.02412 -1
2 1 2.13287 2.56174 2.83948 2.78533 1.99829
2 2 1.8186 1.85833 2.09756 2.01354 1.36345
2 3 0.132987 0.843125 1.16593 1.37982 1.30478
2 4 0.19854 0.45891 0.574475 0.604961 0.566859
3 0 3.76925 3.7677 3.00419 -1 -1
3 1 2.84803 2.88062 2.77756 2.53634 -1
3 2 1.73543 2.16282 2.04202 2.07144 -0.00108589
3 3 0.823134 1.38181 1.21735 1.35244 1.31926
3 4 0.31534 0.54674 0.574194 0.574132 0.525764
4 0 3.76067 3.12587 -1 -1 -1
4 1 2.86345 2.82015 2.22721 -1 -1
4 2 2.09407 2.15552 2.17696 1.55843 -1
4 3 1.2228 1.28197 1.39068 1.34075 0.797228
4 4 0.572886 0.590353 0.623526 0.628746 0.583906

10000 113 3.78404 0 0 3 -1 0 0 0
0 0 1.35539 2.16374 2.95034 3.78404 3.7777
0 1 0.239523 1.04266 2.39376 2.8439 2.76487
0 2 0.00831173 0.143372 1.73132 1.94859 2.11922
0 3 0.000487471 0.152875 1.22725 1.21733 1.30789
0 4 -1 -1 0.219438 0.593417 0.574476
1 0 1.66586 2.69491 3.74011 3.77791 2.60529
1 1 0.497652 1.75237 2.7688 2.88195 2.73504
1 2 0.0447273 1.35135 2.12162 2.11829 2.06298
1 3 0.00790585 0.93662 1.36313 1.3311 1.33092
1 4 0.181486 0.478838 0.574457 0.554595 0.608128
2 0 2.86644 3.76885 3.73191 3.24539 -1
2 1 2.13287 2.56174 2.84062 2.78533 1.99829
2 2 1.8186 1.86559 2.09756 2.08591 2.04812
2 3 0.976399 0.843125 1.21577 1.37982 1.31157
2 4 0.229514 0.497584 0.574475 0.604961 0.594325
3 0 3.77501 3.7741 3.20201 -1 -1
3 1 2.84803 2.8898 2.8752 2.53634 -1
3 2 2.1446 2.16282 2.15262 2.07144 1.37445
3 3 1.20707 1.38181 1.35625 1.35933 1.31926
3 4 0.410846 0.54674 0.574194 0.574132 0.592789
4 0 3.77669 3.17858 -1 -1 -1
4 1 2.86345 2.89724 2.2548 -1 -1
4 2 2.15206 2.15552 2.17696 1.57824 -1
4 3 1.37699 1.38849 1.39492 1.37119 0.888332
4 4 0.572886 0.609405 0.623911 0.628746 0.590076

15000 113 3.78687 4 0 0 -1 0 0 0
0 0 1.35539 2.32965 2.95034 3.78424 3.78685
0 1 0.239523 1.04266 2.43335 2.88165 2.82182
0 2 0.00831173 0.728557 1.73132 1.97204 2.12317
0 3 0.000487471 0.152875 1.22725 1.21733 1.30789
0 4 -1 -1 0.219438 0.593417 0.595974
1 0 1.93439 2.69491 3.75041 3.783 2.60529
1 1 0.497652 1.75237 2.84308 2.89398 2.73504
1 2 0.0447273 1.35135 2.12162 2.11829 2.06298
1 3 0.028249 0.93662 1.36313 1.3311 1.38633
1 4 0.181486 0.478838 0.574457 0.59407 0.608128
2 0 2.86644 3.77345 3.73191 3.24539 -1
2 1 2.13287 2.75393 2.84062 2.78533 1.99829
2 2 1.8186 1.86559 2.09756 2.08591 2.04812
2 3 0.976399 1.13199 1.31445 1.37982 1.31157
2 4 0.58461 0.555796 0.574475 0.604961 0.602568
3 0 3.78356 3.78654 3.268 -1 -1
3 1 2.84803 2.94017 2.8752 2.53634 -1
3 2 2.1446 2.16282 2.15262 2.07144 1.55041
3 3 1.20707 1.38181 1.35625 1.35999 1.3199
3 4 0.410846 0.54674 0.574194 0.579738 0.592789
4 0 3.78687 3.17858 -1 -1 -1
4 1 2.88227 2.89724 2.2548 -1 -1
4 2 2.15521 2.15552 2.17696 1.63643 -1
4 3 1.37699 1.38849 1.39492 1.37119 1.05637
4 4 0.577832 0.609405 0.623911 0.628746 0.590076

20000 114 3.79266 3 0 0 -1 0 0 0
0 0 1.35539 2.32965 2.95034 3.78768 3.78685
0 1 0.641257 1.04266 2.43335 2.88165 2.84901
0 2 0.00831173 0.728557 1.917 1.97204 2.152
0 3 0.000487471 0.282603 1.22725 1.21733 1.30789
0 4 -1 0.0279493 0.410787 0.593417 0.595974
1 0 2.0518 2.69491 3.76968 3.783 2.96
1 1 0.630806 1.75237 2.84308 2.9117 2.73504
1 2 0.198607 1.35135 2.12162 2.11829 2.10919
1 3 0.028249 0.93662 1.36313 1.3311 1.38633
1 4 0.181486 0.478838 0.574457 0.59407 0.608128
2 0 2.86644 3.77345 3.76668 3.24539 -1
2 1 2.13287 2.78818 2.86493 2.84082 2.06127
2 2 1.8186 1.86559 2.09756 2.08591 2.04812
2 3 0.976399 1.13199 1.36829 1.37982 1.32885
2 4 0.58461 0.555796 0.603643 0.604961 0.602568
3 0 3.79266 3.78881 3.268 -1 -1
3 1 2.84803 2.94017 2.8752 2.53634 -1
3 2 2.1446 2.16282 2.19626 2.07144 1.55041
3 3 1.20707 1.38181 1.35625 1.38088 1.3199
3 4 0.410846 0.54674 0.574194 0.619536 0.592789
4 0 3.78687 3.25451 -1 -1 -1
4 1 2.88227 2.89724 2.46134 -1 -1
4 2 2.15668 2.17741 2.17696 1.63643 -1
4 3 1.40052 1.38849 1.39492 1.37473 1.05637
4 4 0.618341 0.609405 0.623911 0.640276 0.615362

