0 17 0.0148443 3 3 1 -1 0 0 0
0 0 -1 0.00367637 -1 -1 -1
0 1 -1 -1 0.00292256 -1 -1
0 2 -1 -1 -1 -1 0.00369055
0 3 -1 -1 -1 -1 0.00623889
0 4 -1 -1 -1 -1 0.00456002
1 0 -1 -1 -1 -1 -1
1 1 -1 -1 0.00176348 -1 -1
1 2 -1 -1 -1 -1 -1
1 3 -1 -1 -1 -1 -1
1 4 -1 -1 -1 -1 0.00210864
2 0 -1 -1 -1 -1 -1
2 1 -1 -1 -1 -1 -1
2 2 -1 -1 0.00251609 -1 -1
2 3 -1 -1 -0.00110312 -1 -1
2 4 -1 -1 -1 -1 0.00235773
3 0 -1 -1 -1 -1 -1
3 1 -1 -1 -1 -1 -1
3 2 -1 -1 -1 -1 -1
3 3 -1 0.0148443 -1 -1 -1
3 4 -1 -1 0.012791 -1 0.003227
4 0 -1 -1 -1 -1 -1
4 1 -1 -1 -1 -1 -1
4 2 0.012932 -1 -1 -1 -1
4 3 -1 -1 0.00306203 -1 -1
4 4 -1 -1 -1 0.00401508 0.00327301

5000 110 3.79677 3 0 0 -1 0 0 0
0 0 1.2165 1.96041 2.86508 3.79047 3.79263
0 1 0.277453 1.14392 1.78185 2.78933 2.94694
0 2 0.000758285 0.0175113 0.612706 1.66332 1.93761
0 3 0.000973647 0.00155227 0.0333071 0.640592 1.26288
0 4 -1 -1 0.00865418 0.0192693 0.608869
1 0 1.51144 2.92501 3.78811 3.79164 -1
1 1 0.876937 1.4523 2.8513 2.87416 2.72453
1 2 0.12357 0.0374158 1.89883 2.11859 2.01609
1 3 0.00150343 0.00252752 0.0208726 1.39991 1.28504
1 4 -1 0.00859397 0.459594 0.0355957 0.630496
2 0 2.14838 3.77365 3.77929 3.27672 -1
2 1 1.40103 2.84547 2.90598 2.83624 -1
2 2 0.761364 0.791361 2.09877 1.7291 1.52198
2 3 0.00856663 0.0305788 0.0425002 1.3974 1.38532
2 4 -7.2429e-05 0.075758 0.382737 0.622125 0.607782
3 0 3.79677 3.79439 3.14959 -1 -1
3 1 2.96163 2.95745 2.92393 2.32915 -1
3 2 1.74884 2.00536 2.20991 2.2091 -0.000213123
3 3 0.830796 1.2099 1.37526 1.37745 1.01911
3 4 0.0277972 0.0477108 0.121799 0.512413 0.628876
4 0 3.79261 3.02535 -1 -1 -1
4 1 2.95128 2.82223 2.23028 -1 -1
4 2 2.08542 2.15961 2.09043 1.78576 -1
4 3 1.19891 1.34618 1.41485 1.38036 0.864471
4 4 0.639961 0.605646 0.646038 0.698662 0.571131

10000 111 3.80125 3 0 0 -1 0 0 0
0 0 1.27321 1.98622 2.86508 3.79373 3.79263
0 1 0.277453 1.23151 1.78185 2.87931 2.9583
0 2 0.000758285 0.421227 1.01814 1.81909 2.15722
0 3 0.000973647 0.00198678 0.593409 1.12397 1.26288
0 4 -1 -1 0.0276982 0.027698 0.608869
1 0 2.05365 2.92501 3.79776 3.79765 -1
1 1 0.876937 1.62878 2.91985 2.87416 2.84316
1 2 0.12357 0.277092 2.07238 2.11859 2.06848
1 3 0.00188434 0.0105234 0.0226658 1.39991 1.40794
1 4 -4.23368e-05 0.00859397 0.459594 0.421202 0.630496
2 0 2.3786 3.77821 3.79612 3.27672 -1
2 1 1.83682 2.93982 2.94146 2.83624 -1
2 2 0.761364 0.980255 2.15312 2.19205 1.87365
2 3 0.085328 1.23662 0.0479651 1.39935 1.38532
2 4 0.000864286 0.075758 0.382737 0.622125 0.664693
3 0 3.80125 3.79573 3.26312 -1 -1
3 1 2.96857 2.95809 2.92393 2.54131 -1
3 2 1.74884 2.22106 2.20991 2.2091 1.44114
3 3 0.830796 1.2099 1.41734 1.46659 1.13458
3 4 0.0945075 0.0572834 0.479901 0.65046 0.628876
4 0 3.79735 3.08495 -1 -1 -1
4 1 2.95128 2.94775 2.44661 -1 -1
4 2 2.08542 2.18976 2.20262 1.78576 -1
4 3 1.33504 1.3711 1.43355 1.3869 0.95066
4 4 0.639961 0.658103 0.669608 0.698662 0.676081

15000 112 3.80125 3 0 0 -1 0 0 0
0 0 1.27623 2.07783 2.86508 3.79506 3.79263
0 1 0.277453 1.23151 1.81522 2.91385 2.9583
0 2 0.000818325 0.421227 1.01814 1.81909 2.16112
0 3 0.000973647 0.00221188 0.593409 1.12397 1.26921
0 4 -1 -1 0.0276982 0.027698 0.616703
1 0 2.11445 2.92501 3.79776 3.79765 -1
1 1 0.997492 1.73546 2.91985 2.89897 2.90607
1 2 0.12357 1.06577 2.07238 2.11859 2.18477
1 3 0.00188434 0.0105234 0.698151 1.39991 1.40794
1 4 -4.23368e-05 0.00859397 0.459594 0.421202 0.630496
2 0 2.44772 3.78826 3.79612 3.27672 -1
2 1 1.83682 2.95676 2.94146 2.83624 2.61115
2 2 0.829563 0.980255 2.15312 2.19205 2.09448
2 3 0.085328 1.23662 1.31238 1.39935 1.4287
2 4 0.00856757 0.0759993 0.382737 0.633553 0.669527
3 0 3.80125 3.79573 3.32956 -1 -1
3 1 2.96857 2.9738 2.92393 2.54131 -1
3 2 1.74884 2.22106 2.20991 2.2091 1.44114
3 3 0.830796 1.2099 1.45862 1.46659 1.18672
3 4 0.470039 0.0572834 0.564723 0.674705 0.663323
4 0 3.79735 3.34758 -1 -1 -1
4 1 2.95128 2.9735 2.44661 -1 -1
4 2 2.08542 2.18976 2.20262 1.78576 -1
4 3 1.33504 1.3711 1.44238 1.46409 0.95066
4 4 0.639961 0.658103 0.669608 0.698662 0.676081

20000 113 3.80449 2 0 2 -1 0 0 0
0 0 1.27623 2.07783 2.86508 3.80078 3.80157
0 1 0.277453 1.23151 1.85357 2.91385 2.96503
0 2 0.00129684 0.421227 1.01814 2.06757 2.16112
0 3 0.000973647 0.00850835 0.593409 1.12397 1.26921
0 4 -1 -1 0.0276982 0.027698 0.616703
1 0 2.11445 2.92501 3.79943 3.79869 3.08695
1 1 0.997492 1.80842 2.91985 2.89897 2.90607
1 2 0.12357 1.06577 2.07238 2.11859 2.20696
1 3 0.00188434 0.15293 0.698151 1.39991 1.43815
1 4 -4.23368e-05 0.00869834 0.459594 0.421202 0.658776
2 0 2.5573 3.79641 3.80449 3.27672 -1
2 1 1.83682 2.95676 2.99756 2.98414 2.61115
2 2 0.829563 0.980255 2.15312 2.19802 2.16549
2 3 0.085328 1.23662 1.31238 1.433 1.44282
2 4 0.00856757 0.114212 0.382737 0.633553 0.669527
3 0 3.80125 3.80102 3.32956 -1 -1
3 1 2.96857 2.9738 2.92393 2.54131 -1
3 2 1.85692 2.22106 2.20991 2.22927 1.44114
3 3 0.830796 1.2099 1.46043 1.46659 1.36348
3 4 0.470039 0.478995 0.564723 0.674705 0.663323
4 0 3.79735 3.34758 -1 -1 -1
4 1 2.95128 2.9735 2.51533 -1 -1
4 2 2.16255 2.19561 2.20262 1.7968 -1
4 3 1.33504 1.40382 1.44899 1.46409 1.00095
4 4 0.639961 0.661338 0.676232 0.705231 0.676081

