0 18 0.00963355 4 4 0 -1 0 0 0
0 0 -1 -1 -1 -1 0.00860048
0 1 -1 -1 0.00143636 -1 -1
0 2 -1 -1 -1 -1 -1
0 3 -1 -1 -1 -1 -1
0 4 -1 -1 -1 -1 0.00601206
1 0 -1 -1 -1 -1 -1
1 1 -1 -0.00160702 4.95049e-05 -1 -1
1 2 -1 -1 0.00656105 -1 0.00255314
1 3 -1 -1 -1 -1 -1
1 4 -1 -1 -1 -1 -1
2 0 -1 -1 -1 -1 -1
2 1 0.000477699 -1 -1 -1 -1
2 2 -1 0.000435302 0.00147659 -1 -1
2 3 -1 -1 0.00184305 -1 0.00149307
2 4 -1 -1 -1 -1 0.00183971
3 0 -1 -1 -1 -1 -1
3 1 -1 -1 -1 -1 -1
3 2 -1 0.000836831 -1 -1 -1
3 3 -1 -1 0.00124492 -1 -1
3 4 -1 -1 -1 -1 -1
4 0 -1 -1 -1 -1 -1
4 1 -1 -1 -1 -1 -1
4 2 -1 -1 -1 -1 -1
4 3 0.00675833 -1 -1 -1 -1
4 4 0.00963355 -1 0.00607491 -1 -1

5000 111 3.77846 4 0 0 -1 0 0 0
0 0 1.12447 1.92257 2.83209 3.54483 3.45326
0 1 0.132559 1.02704 1.62479 2.50378 2.23318
0 2 0.000847185 0.00864253 0.78987 1.5415 1.87757
0 3 0.000760628 0.00179196 0.00936691 0.722585 1.15143
0 4 -1 -1 0.00051149 0.037431 0.508168
1 0 1.7707 2.62695 3.6408 3.69065 -1
1 1 0.735858 1.2537 2.34534 2.65196 2.17658
1 2 0.00822727 1.2421 1.43622 1.9868 1.84785
1 3 0.00170266 0.888798 0.256685 1.1251 1.14088
1 4 -7.18273e-05 -0.000340222 0.020966 0.31542 0.532991
2 0 2.31186 3.72198 3.70533 3.02429 -1
2 1 1.26657 2.70733 2.80472 2.79161 1.83227
2 2 0.877288 1.53545 1.89532 2.01189 1.92932
2 3 0.0185865 0.288118 0.756069 1.04247 1.31139
2 4 0.000812776 0.0225203 0.278808 0.212492 0.54069
3 0 3.77765 3.76764 3.09511 -1 -1
3 1 2.43831 2.87758 2.83057 2.43704 -1
3 2 1.79814 2.0719 2.06561 2.0849 1.30228
3 3 0.754703 1.25397 1.22644 1.3537 1.26555
3 4 0.0312568 0.328929 0.355787 0.20061 0.54563
4 0 3.77846 -1 -1 -1 -1
4 1 1.52443 2.58159 0.333512 -1 -1
4 2 1.69571 1.95073 2.07059 1.62554 -1
4 3 1.33027 1.30136 1.36126 1.38629 1.07867
4 4 0.526877 0.60305 0.629225 0.65643 0.638605

10000 111 3.78319 3 0 0 -1 0 0 0
0 0 1.12447 2.03888 2.83209 3.68909 3.67055
0 1 0.132559 1.02704 1.69494 2.55456 2.41614
0 2 0.000847185 0.0180333 0.78987 1.84942 1.88295
0 3 0.00116504 0.00858499 0.0181509 0.951474 1.28382
0 4 -1 -1 0.00114253 0.0410341 0.543516
1 0 1.7707 2.62695 3.66574 3.69065 -1
1 1 0.839684 1.35387 2.57759 2.67641 2.20041
1 2 0.0110589 1.2421 1.43622 1.9868 1.84785
1 3 0.00180117 0.888798 0.344968 1.29379 1.24292
1 4 -7.18273e-05 0.00863335 0.0242154 0.31542 0.536189
2 0 2.33151 3.7373 3.7126 3.06006 -1
2 1 1.51805 2.74743 2.83014 2.79161 1.91657
2 2 0.97794 1.86599 1.89532 2.0628 1.92932
2 3 0.151876 0.289517 0.770993 1.24991 1.31139
2 4 0.0469819 0.0238027 0.278808 0.297172 0.555581
3 0 3.78319 3.77712 3.17926 -1 -1
3 1 2.47563 2.89261 2.83057 2.45677 -1
3 2 1.79814 2.0719 2.12799 2.13224 1.58966
3 3 1.04768 1.31072 1.38187 1.3926 1.29098
3 4 0.153846 0.372285 0.367311 0.20061 0.564992
4 0 3.77846 -1 -1 -1 -1
4 1 2.21483 2.58159 2.2043 -1 -1
4 2 2.01772 2.13883 2.07059 1.62554 -1
4 3 1.33027 1.30136 1.36318 1.38629 1.07867
4 4 0.616657 0.636425 0.662671 0.65643 0.654959

15000 111 3.78319 3 0 0 -1 0 0 0
0 0 1.12447 2.05963 2.93911 3.69599 3.68266
0 1 0.200144 1.02704 1.69494 2.5726 2.41614
0 2 0.000847185 0.132931 0.78987 1.84942 1.93038
0 3 0.00116504 0.00858499 0.0181509 1.10179 1.28382
0 4 -1 -1 0.00858442 0.0410341 0.543516
1 0 1.79674 2.62695 3.68453 3.69065 -1
1 1 0.893047 1.81804 2.74115 2.67641 2.28206
1 2 0.0851775 1.2421 1.81628 2.00615 1.84785
1 3 0.027476 0.888798 0.344968 1.29379 1.24292
1 4 -7.18273e-05 0.00863335 0.209292 0.335378 0.580864
2 0 2.33151 3.743 3.7126 3.20947 -1
2 1 1.55738 2.85738 2.90579 2.81781 1.91657
2 2 0.97794 2.00431 2.0443 2.06718 1.92932
2 3 0.171383 0.34293 0.770993 1.24991 1.31139
2 4 0.0469819 0.0462683 0.363882 0.308367 0.617484
3 0 3.78319 3.77712 3.28455 -1 -1
3 1 2.76153 2.89261 2.83057 2.45677 -1
3 2 2.0744 2.14938 2.12799 2.13224 1.58966
3 3 1.04768 1.31072 1.38187 1.3926 1.29098
3 4 0.211468 0.372285 0.367311 0.271222 0.627869
4 0 3.78277 -1 -1 -1 -1
4 1 2.21483 2.74838 2.27123 -1 -1
4 2 2.01772 2.13883 2.1301 1.62554 -1
4 3 1.33027 1.36392 1.36318 1.38629 1.07867
4 4 0.616657 0.636425 0.662671 0.65643 0.654959

20000 112 3.79309 3 0 0 -1 0 0 0
0 0 1.24191 2.05963 2.93911 3.69599 3.68266
0 1 0.200144 1.12964 1.70228 2.5839 2.41614
0 2 0.00103125 0.191017 0.78987 1.93542 1.93038
0 3 0.00116504 0.00858499 0.0181642 1.10179 1.28382
0 4 -1 0.238591 0.00858442 0.0410341 0.565683
1 0 1.86095 2.94011 3.68453 3.69065 -1
1 1 0.965091 1.81804 2.79307 2.77899 2.28206
1 2 0.0851775 1.2421 2.00922 2.06266 1.89151
1 3 0.027476 0.888798 0.571661 1.29379 1.24292
1 4 -7.18273e-05 0.00863335 0.209292 0.335378 0.580864
2 0 2.33151 3.743 3.71534 3.20947 -1
2 1 1.55738 2.85738 2.928 2.85905 1.91657
2 2 0.97794 2.00431 2.0443 2.06718 1.92932
2 3 0.314288 0.620227 0.774903 1.32533 1.31139
2 4 0.0469819 0.0660341 0.363882 0.308367 0.617484
3 0 3.79309 3.77712 3.28455 -1 -1
3 1 2.76153 2.89261 2.84322 2.53615 -1
3 2 2.0744 2.14938 2.12864 2.13224 1.65816
3 3 1.08762 1.31072 1.38187 1.3926 1.37218
3 4 0.211468 0.420434 0.561988 0.271222 0.627869
4 0 3.78301 -1 -1 -1 -1
4 1 2.88351 2.74838 2.27123 -1 -1
4 2 2.01772 2.13883 2.1301 1.65441 -1
4 3 1.33027 1.36392 1.41386 1.38629 1.07867
4 4 0.616657 0.636425 0.662671 0.663007 0.654959

