0 14 0.0275507 1 4 4 -1 0 0 0
0 0 -1 -1 -1 -1 -1
0 1 -1 -1 -1 -1 -1
0 2 -1 -1 -1 -1 -1
0 3 -1 -1 -1 -1 -1
0 4 -1 -1 -1 -1 0.0205096
1 0 -1 -1 -1 -1 -1
1 1 -1 -0.000115844 -1 -1 -1
1 2 -1 -1 0.00122924 0.00667137 -1
1 3 -1 -1 -1 -1 -1
1 4 -1 -1 -1 -1 0.0275507
2 0 -1 -1 -1 -1 -1
2 1 -1 -9.58795e-05 -1 -1 -1
2 2 -1 0.000678427 -0.000445023 -1 -1
2 3 -1 -1 -1 -1 -1
2 4 -1 -1 -1 -1 -1
3 0 -1 -1 -1 -1 -1
3 1 -1 -1 -1 -1 -1
3 2 -1 -1 -1 -1 -1
3 3 -1 0.00854062 0.00111134 -0.00198444 -1
3 4 -1 -1 -1 -1 -1
4 0 -1 -1 -1 -1 -1
4 1 -1 -1 -1 -1 -1
4 2 -1 -1 -1 -1 -1
4 3 -1 0.00403998 -1 -1 -1
4 4 -1 0.0171836 0.00577246 -1 -1

5000 107 3.78129 3 0 0 -1 0 0 0
0 0 1.13968 1.83806 2.95209 3.77713 3.7695
0 1 0.305785 1.19896 1.82463 2.54261 2.44611
0 2 -1 0.373154 1.16144 1.44813 1.80314
0 3 -1 0.00116527 0.18167 0.713546 1.149
0 4 -1 -1 -1 0.200442 0.575405
1 0 1.89256 2.61191 3.69165 3.77343 -0.000922304
1 1 0.996 2.01641 2.45075 2.74542 2.14616
1 2 0.0622082 0.325574 1.26656 2.0191 1.92846
1 3 0.000731116 0.0757555 0.241358 1.21901 1.18969
1 4 -1 0.00862427 0.450138 0.413635 0.622157
2 0 2.79494 3.7073 3.71221 2.68907 -1
2 1 1.53432 2.86568 2.85718 2.82331 -0.000394491
2 2 0.793837 0.976887 2.02607 2.04224 1.57645
2 3 0.0276385 0.211581 1.11754 1.34714 1.14315
2 4 0.00853906 0.248004 0.125319 0.582931 0.636317
3 0 3.78129 3.77386 3.05475 -1 -1
3 1 2.52281 2.90214 2.83163 2.18828 -1
3 2 1.82098 2.05745 2.09399 2.13256 -1
3 3 0.803627 1.22872 1.33461 1.33124 1.24737
3 4 0.460877 0.113933 0.339237 0.629275 0.628013
4 0 3.77495 2.64079 -1 -1 -1
4 1 2.61999 2.36873 -1 -1 -1
4 2 1.75849 1.88457 1.98021 1.73194 -1
4 3 1.21049 1.26958 1.29955 1.27108 1.03931
4 4 0.467877 0.631065 0.619661 0.648735 0.599557

10000 112 3.78664 3 0 0 -1 0 0 0
0 0 1.13968 2.14741 2.95209 3.77713 3.77182
0 1 0.305785 1.19896 1.91708 2.75144 2.6925
0 2 0.0173849 0.373154 1.16144 1.60431 1.96037
0 3 0.000144915 0.00164373 0.18167 0.98621 1.19276
0 4 -1 -1 0.00864558 0.344764 0.575405
1 0 2.01378 2.61191 3.70972 3.77343 -0.000922304
1 1 1.08212 2.12654 2.78869 2.81053 2.14616
1 2 0.0622082 0.662153 1.64002 2.11754 1.92846
1 3 0.0010873 0.0757555 1.17952 1.21901 1.20429
1 4 -1 0.0469356 0.450138 0.413635 0.622157
2 0 2.79494 3.73072 3.71221 3.00679 -1
2 1 1.53432 2.86568 2.95203 2.82331 -0.000394491
2 2 0.803885 1.05525 2.02607 2.16102 1.66578
2 3 0.0276385 0.211581 1.11754 1.34714 1.28649
2 4 0.00853906 0.287659 0.125319 0.583656 0.636317
3 0 3.78664 3.78138 3.05475 -1 -1
3 1 2.64421 2.98674 2.83163 2.41527 -1
3 2 1.82098 2.05745 2.13388 2.17567 1.27724
3 3 1.04823 1.22872 1.34129 1.37467 1.282
3 4 0.460877 0.17053 0.557774 0.629275 0.632642
4 0 3.78509 2.64079 -1 -1 -1
4 1 2.68315 2.66135 2.27207 -1 -1
4 2 1.90524 1.9614 1.98021 1.74685 -1
4 3 1.29619 1.26958 1.36042 1.29881 1.03931
4 4 0.579383 0.643946 0.659097 0.65559 0.618637

15000 112 3.78664 3 0 0 -1 0 0 0
0 0 1.13968 2.14741 2.95209 3.77713 3.77182
0 1 0.305785 1.19896 1.91708 2.75144 2.6925
0 2 0.0173849 0.373154 1.16144 1.60431 1.96037
0 3 0.00020347 0.0182575 0.18167 0.98621 1.31556
0 4 -1 -1 0.00867982 0.344764 0.597088
1 0 2.01378 2.61191 3.71827 3.77907 -0.000922304
1 1 1.08212 2.12654 2.85952 2.81053 2.2631
1 2 0.136916 0.662153 2.00819 2.11754 1.92846
1 3 0.00132115 0.0757555 1.17952 1.21901 1.2917
1 4 -1 0.0469356 0.450138 0.413635 0.632495
2 0 2.79494 3.74031 3.71221 3.00679 -1
2 1 1.65318 2.89872 2.95203 2.82331 -0.000394491
2 2 0.803885 1.28398 2.15922 2.16102 1.80014
2 3 0.0276385 0.391686 1.11754 1.42697 1.28649
2 4 0.00853906 0.287659 0.431059 0.645638 0.649265
3 0 3.78664 3.78138 3.05475 -1 -1
3 1 2.83017 2.98674 2.83163 2.52809 -1
3 2 1.82098 2.05745 2.13388 2.17567 1.27724
3 3 1.04823 1.22872 1.41083 1.38375 1.282
3 4 0.460877 0.17053 0.557774 0.65961 0.637138
4 0 3.78509 2.64079 -1 -1 -1
4 1 2.68315 2.66135 2.27207 -1 -1
4 2 2.01523 1.9614 2.01357 1.74685 -1
4 3 1.29619 1.26958 1.36042 1.32924 1.03931
4 4 0.579383 0.643946 0.659097 0.65559 0.625776

20000 113 3.78837 3 0 0 -1 0 0 0
0 0 1.21833 2.14741 2.95209 3.77713 3.77182
0 1 0.305785 1.40963 1.91708 2.9182 2.6925
0 2 0.0173849 0.373154 1.16144 1.7452 2.04795
0 3 0.000594139 0.0182575 0.469192 0.98621 1.31556
0 4 -1 0.210107 0.0470314 0.344764 0.597088
1 0 2.11183 2.61191 3.72275 3.77907 0.00563722
1 1 1.08212 2.12654 2.85952 2.81534 2.34127
1 2 0.401563 0.662153 2.00819 2.11754 1.92846
1 3 0.018187 0.0757555 1.20877 1.21901 1.3195
1 4 -1 0.0469356 0.450138 0.413635 0.632495
2 0 2.79494 3.74904 3.72359 3.03601 -1
2 1 1.65547 2.89872 2.95203 2.85858 0.0132314
2 2 1.19853 1.63207 2.15922 2.16102 1.89469
2 3 0.0567497 0.391686 1.31913 1.42697 1.28649
2 4 0.0186211 0.287659 0.588361 0.645638 0.649265
3 0 3.78837 3.78138 3.08255 -1 -1
3 1 2.83017 2.98674 2.83163 2.64896 -1
3 2 1.82098 2.10033 2.13388 2.17567 1.82367
3 3 1.04823 1.22872 1.41083 1.40985 1.38754
3 4 0.460877 0.343846 0.557774 0.669333 0.640677
4 0 3.78509 2.64079 -1 -1 -1
4 1 2.81954 2.66135 2.33602 -1 -1
4 2 2.01523 2.10143 2.06519 1.74685 -1
4 3 1.29619 1.38774 1.42119 1.34084 1.03931
4 4 0.608607 0.653244 0.659097 0.660486 0.652325

