0 14 0.0311262 2 4 2 -1 0 0 0
0 0 -1 -1 -1 -1 -1
0 1 -1 -1 -1 -1 0.0205286
0 2 -1 -1 -1 -1 -1
0 3 -1 -1 -1 -1 -1
0 4 -1 -1 -1 -1 -1
1 0 -1 -1 -1 -1 -1
1 1 0.00118049 -1 -1 -1 -1
1 2 -1 -1 -1 -1 -1
1 3 -1 -1 -1 -1 -1
1 4 -1 -1 -1 -1 -1
2 0 -1 -1 -1 -1 -1
2 1 -1 -5.59203e-07 -1 -1 -1
2 2 -1 0.00209697 0.0020471 -1 -1
2 3 -1 -1 -1 -1 -1
2 4 -1 -1 0.0311262 0.00636448 0.0103425
3 0 -1 -1 -1 -1 -1
3 1 -1 -1 -1 -1 -1
3 2 -1 -0.000138781 -1 -1 -1
3 3 -1 -1 -1 -0.00158601 -1
3 4 -1 -1 -1 0.00202261 -1
4 0 -1 -1 -1 -1 -1
4 1 0.00378825 -1 -1 -1 -1
4 2 -1 -1 -1 -1 -1
4 3 -1 -1 -1 -1 -1
4 4 -1 0.00454266 0.00626427 -1 -1

5000 107 3.77259 3 0 1 -1 0 0 0
0 0 1.05343 1.92675 2.79521 3.63486 3.44524
0 1 0.151874 0.698785 1.87685 2.81192 2.3479
0 2 -1 0.0606793 0.716266 2.03517 1.91939
0 3 -1 -1 0.488695 0.428398 1.28036
0 4 -1 -1 0.00847917 0.161247 0.579261
1 0 1.4792 2.3486 3.68337 3.68696 1.0569
1 1 0.931551 1.37588 2.33152 2.82428 0.865998
1 2 0.209777 0.187202 1.946 1.95765 1.60258
1 3 -1 0.199449 0.360869 0.764969 0.97909
1 4 -1 0.00853225 0.431082 0.203701 0.471833
2 0 1.88146 3.72896 3.70361 1.40155 -1
2 1 1.77233 2.76753 2.84437 2.81642 1.7812
2 2 0.968096 0.93876 1.97162 2.05841 1.73344
2 3 0.0139469 0.574862 1.16681 1.26427 1.40063
2 4 0.104354 0.354091 0.38243 0.534629 0.6055
3 0 3.77009 3.77259 3.00338 -1 -1
3 1 2.40419 2.73531 2.76259 2.48045 -1
3 2 1.90169 2.05732 2.10115 2.14202 1.48634
3 3 1.20876 1.29571 1.33427 1.39316 1.34943
3 4 0.355017 0.641357 0.465756 0.511716 0.54484
4 0 3.76883 -1 -1 -1 -1
4 1 2.0182 2.26943 1.8772 -1 -1
4 2 1.79121 1.89478 1.89029 1.43653 -1
4 3 1.27908 1.31724 1.3262 1.33947 0.875255
4 4 0.602829 0.618971 0.651274 0.6365 0.619285

10000 110 3.78545 4 0 0 -1 0 0 0
0 0 1.10251 2.025 2.84184 3.63648 3.46145
0 1 0.209897 0.792039 1.92493 2.81192 2.48582
0 2 0.00826902 0.0606793 0.733602 2.06818 1.95242
0 3 -1 0.342988 0.488695 0.507022 1.28036
0 4 -1 -1 0.181051 0.344717 0.579261
1 0 1.4792 2.52369 3.7147 3.72819 1.0569
1 1 0.931551 1.76818 2.61719 2.84421 2.18941
1 2 0.209777 0.397821 1.946 2.11666 1.93813
1 3 -1 0.335758 0.969211 1.05368 1.33226
1 4 0.075642 0.00866119 0.431082 0.49226 0.546087
2 0 2.22203 3.74616 3.72971 3.25756 -1
2 1 1.77233 2.97207 2.8546 2.86431 1.7812
2 2 0.968096 2.07856 2.13761 2.13095 1.90991
2 3 0.227391 1.30948 1.16681 1.37659 1.40063
2 4 0.113814 0.440628 0.558213 0.578064 0.639999
3 0 3.78359 3.77856 3.00338 -1 -1
3 1 2.65963 2.77462 2.82374 2.53657 -1
3 2 1.90169 2.08278 2.10356 2.14202 1.48634
3 3 1.29195 1.35924 1.37038 1.40795 1.34943
3 4 0.355017 0.641357 0.548599 0.613181 0.60765
4 0 3.78545 -1 -1 -1 -1
4 1 2.56595 2.26943 2.22394 -1 -1
4 2 1.87189 1.89876 1.89029 1.61576 -1
4 3 1.31127 1.31724 1.3262 1.37415 0.875255
4 4 0.609242 0.622567 0.658223 0.656705 0.642179

15000 112 3.79156 4 0 0 -1 0 0 0
0 0 1.10251 2.025 2.92302 3.71198 3.67831
0 1 0.209897 1.03542 1.94093 2.81192 2.58899
0 2 0.00826902 0.0606793 0.873073 2.06818 1.98786
0 3 4.14666e-05 0.342988 0.488695 1.22702 1.32147
0 4 -1 -1 0.190788 0.344717 0.579261
1 0 1.75577 2.52369 3.7147 3.74523 1.0569
1 1 0.967826 1.76818 2.7891 2.85828 2.27948
1 2 0.209777 0.670178 2.08162 2.11666 1.93813
1 3 0.00109499 0.335758 0.969211 1.322 1.33226
1 4 0.075642 0.200826 0.469629 0.564341 0.619189
2 0 2.22203 3.74616 3.72971 3.25756 -1
2 1 1.77233 2.97207 2.90091 2.87355 1.7812
2 2 0.968096 2.07856 2.13761 2.13095 1.93222
2 3 0.227391 1.30948 1.29684 1.38323 1.40063
2 4 0.123114 0.440628 0.558213 0.602966 0.639999
3 0 3.79069 3.78762 3.05357 -1 -1
3 1 2.65963 2.86031 2.88414 2.53657 -1
3 2 1.95038 2.08278 2.10356 2.15125 1.64298
3 3 1.3191 1.35924 1.40996 1.40795 1.34943
3 4 0.355017 0.641357 0.59443 0.640464 0.60765
4 0 3.79156 -1 -1 -1 -1
4 1 2.64427 2.42991 2.22394 -1 -1
4 2 2.02181 1.95338 1.93207 1.61576 -1
4 3 1.31127 1.3504 1.34095 1.40503 1.021
4 4 0.609242 0.650182 0.658223 0.661951 0.642179

20000 112 3.79469 4 0 0 -1 0 0 0
0 0 1.15617 2.11035 2.92302 3.73166 3.70125
0 1 0.267125 1.03542 1.94093 2.81192 2.58899
0 2 0.00826902 0.0749905 0.928171 2.06818 1.98786
0 3 0.00212801 0.342988 0.536529 1.22702 1.32147
0 4 -1 -1 0.190788 0.344717 0.579261
1 0 1.81448 2.52369 3.71564 3.74523 1.10967
1 1 0.977853 1.76818 2.8479 2.85828 2.33714
1 2 0.209777 0.690741 2.08162 2.11666 2.05882
1 3 0.00119357 0.507618 0.969211 1.3475 1.33226
1 4 0.075642 0.200826 0.469629 0.564341 0.627667
2 0 2.79474 3.74927 3.72971 3.25756 -1
2 1 1.77233 2.97207 2.90091 2.88196 1.7812
2 2 0.981925 2.07856 2.13761 2.13095 1.93222
2 3 0.343455 1.30948 1.29684 1.38323 1.40063
2 4 0.190344 0.440628 0.559727 0.634416 0.639999
3 0 3.79069 3.78762 3.18533 -1 -1
3 1 2.65963 2.86031 2.88414 2.53657 -1
3 2 1.95038 2.08278 2.1404 2.15125 1.64298
3 3 1.3191 1.35924 1.40996 1.40795 1.34943
3 4 0.392526 0.641357 0.59443 0.640464 0.640708
4 0 3.79469 -1 -1 -1 -1
4 1 2.64427 2.46352 2.22394 -1 -1
4 2 2.02181 2.05382 1.93207 1.62923 -1
4 3 1.31127 1.3504 1.35702 1.40503 1.06205
4 4 0.609242 0.650182 0.658223 0.661951 0.654119

