0 15 0.0186755 2 2 1 -1 0 0 0
0 0 -1 0.00471142 -1 -1 -1
0 1 -1 -1 0.000983466 -1 -1
0 2 -1 -1 -1 -1 -1
0 3 -1 -1 -1 -1 -1
0 4 -1 -1 -1 -1 0.0101445
1 0 -1 0.00299044 -1 -1 -1
1 1 -1 0.0004998 0.00204924 -1 -1
1 2 -1 -1 0.00072579 0.00678227 -1
1 3 -1 -1 -1 -1 -1
1 4 -1 -1 -1 -1 0.00616767
2 0 -1 -1 -1 -1 -1
2 1 0.00175165 -1 -1 -1 -1
2 2 -1 0.0186755 -0.000348245 -1 -1
2 3 -1 -1 -1 -1 -1
2 4 -1 -1 -1 -1 -1
3 0 -1 -1 -1 -1 -1
3 1 -1 -1 -1 -1 -1
3 2 -1 0.000360261 -1 -1 -1
3 3 -1 -1 -0.000672027 -1 -1
3 4 -1 -1 -1 -1 -1
4 0 -1 -1 -1 -1 -1
4 1 -1 -1 -1 -1 -1
4 2 -1 -1 -1 -1 -1
4 3 0.0119562 -1 -1 -1 -1
4 4 -1 -1 -1 -1 -1

5000 106 3.77582 3 0 1 -1 0 0 0
0 0 1.262 1.95662 2.96035 3.7167 3.70566
0 1 0.0827683 1.05108 1.94827 2.76623 2.30578
0 2 -1 0.298903 0.853285 2.05976 1.53025
0 3 -1 -0.00180195 0.00863629 0.678118 1.24923
0 4 -1 -1 -1 0.487959 0.494555
1 0 1.60407 2.68432 3.68467 3.72898 -1
1 1 0.94264 1.96535 2.87899 2.86926 0.0105896
1 2 0.0581222 0.259438 0.905455 2.05832 1.53339
1 3 -1 0.00865912 0.0280461 1.35847 1.02724
1 4 -1 0.00865345 0.0273005 0.0434024 0.635357
2 0 2.09041 3.74218 3.69793 3.25367 -1
2 1 1.54882 2.75005 2.85836 2.86684 1.71209
2 2 0.998532 1.13824 1.83777 2.08236 1.83941
2 3 0.0257174 0.0639321 0.299167 1.0193 1.03674
2 4 -1 0.0276018 0.0530261 0.282469 0.533612
3 0 3.77264 3.77582 2.95179 -1 -1
3 1 2.40858 2.77534 2.70191 2.38549 -1
3 2 1.83637 2.0052 2.08121 2.10116 1.42619
3 3 1.16439 1.2808 1.30756 1.40196 1.27607
3 4 0.0235229 0.0444327 0.199863 0.364431 0.469776
4 0 3.76483 0.174534 -1 -1 -1
4 1 1.91249 2.18323 1.91258 -1 -1
4 2 1.89148 1.89104 1.76862 1.49911 -1
4 3 1.23037 1.25859 1.35916 1.33742 0.970736
4 4 0.614812 0.617294 0.642896 0.642708 0.657696

10000 108 3.77582 3 0 1 -1 0 0 0
0 0 1.262 2.14707 2.96035 3.72872 3.70566
0 1 0.179418 1.25143 1.94827 2.76623 2.30578
0 2 -0.00308593 0.298903 1.21605 2.05976 1.78817
0 3 -1 -0.00180195 0.180816 0.678118 1.24923
0 4 -1 -1 -1 0.487959 0.523559
1 0 1.7595 2.68432 3.69491 3.73459 -1
1 1 1.01293 1.96535 2.87899 2.86926 0.015897
1 2 0.0581222 0.259438 0.905455 2.08112 1.56408
1 3 -1 0.00865912 0.252668 1.35847 1.23528
1 4 -1 0.00865345 0.0273005 0.0848162 0.635357
2 0 2.37958 3.74218 3.70206 3.25367 -1
2 1 1.89898 2.80494 2.85836 2.86684 1.71209
2 2 1.02098 2.1121 1.83777 2.1451 1.83941
2 3 0.0257174 0.176311 0.31876 1.25936 1.32128
2 4 0.00861381 0.0276018 0.076054 0.282469 0.582289
3 0 3.77271 3.77582 2.96533 -1 -1
3 1 2.49413 2.77534 2.79418 2.38549 -1
3 2 1.83637 2.08282 2.09791 2.12605 1.44549
3 3 1.19176 1.34122 1.38582 1.40196 1.31379
3 4 0.0449391 0.334961 0.199863 0.364431 0.608766
4 0 3.76483 0.174534 -1 -1 -1
4 1 2.24292 2.18323 1.98675 -1 -1
4 2 1.89148 1.89104 1.84036 1.49911 -1
4 3 1.25077 1.32449 1.37341 1.33742 1.08213
4 4 0.614812 0.627076 0.643379 0.654622 0.657696

15000 110 3.77582 3 0 1 -1 0 0 0
0 0 1.262 2.14707 2.96035 3.76081 3.75365
0 1 0.286224 1.25143 1.94827 2.76623 2.54577
0 2 -0.00308593 0.298903 1.21605 2.05976 1.9043
0 3 -0.00612321 -0.00180195 0.180816 0.950471 1.24923
0 4 -1 -1 -1 0.487959 0.523559
1 0 1.7595 2.69967 3.69491 3.75514 -1
1 1 1.01293 1.96535 2.89477 2.91042 0.015897
1 2 0.0581222 0.947391 1.24956 2.08289 1.56408
1 3 0.00814795 0.00865912 0.252668 1.35847 1.3014
1 4 -1 0.00865345 0.03404 0.286062 0.635357
2 0 2.65906 3.74218 3.70206 3.25367 -1
2 1 1.89898 2.80494 2.89611 2.90067 1.71209
2 2 1.09104 2.13652 2.0308 2.15965 1.83941
2 3 0.043051 0.176311 0.995854 1.25936 1.32128
2 4 0.00861381 0.0470088 0.293607 0.282469 0.628096
3 0 3.77271 3.77582 2.96533 -1 -1
3 1 2.49413 2.77534 2.80409 2.54704 -1
3 2 1.88015 2.08282 2.13995 2.12605 1.62018
3 3 1.28451 1.34151 1.40903 1.40436 1.35917
3 4 0.0449391 0.440045 0.262519 0.428571 0.608766
4 0 3.7722 0.174534 -1 -1 -1
4 1 2.24292 2.18323 2.19186 -1 -1
4 2 1.89682 1.89104 1.95007 1.49911 -1
4 3 1.25077 1.32449 1.37341 1.33742 1.08213
4 4 0.614812 0.629809 0.645657 0.654622 0.657696

20000 111 3.77818 3 0 0 -1 0 0 0
0 0 1.262 2.14707 2.96035 3.76358 3.76039
0 1 0.33426 1.25143 1.94827 2.76623 2.54577
0 2 -0.000870173 0.421274 1.21605 2.05976 1.95038
0 3 -0.00252845 -0.00100558 0.180816 0.959799 1.25195
0 4 -1 -1 0.0085875 0.487959 0.605231
1 0 2.04191 2.69967 3.71054 3.75748 -1
1 1 1.24547 1.977 2.89477 2.91042 0.015897
1 2 0.0581222 0.947391 1.68861 2.08289 1.56408
1 3 0.00814795 0.00865912 0.557334 1.35847 1.31476
1 4 -1 0.00865345 0.03404 0.575427 0.635357
2 0 2.65906 3.74218 3.70758 3.25367 -1
2 1 1.89898 2.81844 2.92662 2.90067 1.71209
2 2 1.10215 2.13652 2.0308 2.17302 1.83941
2 3 0.37055 0.528518 1.18111 1.25936 1.34656
2 4 0.00863312 0.0470088 0.293607 0.414817 0.628096
3 0 3.77818 3.77582 2.96533 -1 -1
3 1 2.61077 2.77534 2.80409 2.54704 -1
3 2 1.92478 2.08282 2.13995 2.12605 1.62018
3 3 1.31035 1.36862 1.40903 1.40436 1.35917
3 4 0.0952249 0.440045 0.330555 0.602972 0.608766
4 0 3.7722 0.174534 -1 -1 -1
4 1 2.24292 2.32031 2.19186 -1 -1
4 2 1.89682 1.89104 1.96466 1.49911 -1
4 3 1.27399 1.34319 1.37341 1.33742 1.08213
4 4 0.614812 0.629809 0.6459 0.670861 0.659796

