0 15 0.0110024 0 3 4 -1 0 0 0
0 0 -1 -1 -1 -1 -1
0 1 -1 -1 -1 -1 -1
0 2 -1 -1 -1 -1 -1
0 3 -1 -1 -1 -1 0.0110024
0 4 -1 -1 -1 -1 -1
1 0 -1 -1 -1 -1 -1
1 1 -1 -1 0.000735221 -1 -1
1 2 -1 -1 0.000958527 0.0015969 -1
1 3 -1 -1 -1 -0.000711682 -1
1 4 -1 -1 -1 -1 -1
2 0 -1 -1 -1 -1 -1
2 1 -1 0.000817842 -1 -1 -1
2 2 -1 0.000886067 0.000185971 -1 -1
2 3 -1 -1 -1 -0.000689061 -1
2 4 -1 -1 -1 -1 -1
3 0 0.00572795 -1 -1 -1 -1
3 1 -1 -1 -1 -1 -1
3 2 -1 0.000746631 0.00153097 -1 -1
3 3 -1 -1 -1 -1 -1
3 4 -1 -1 -1 -1 0.000806688
4 0 -1 -1 -1 -1 -1
4 1 -1 -1 -1 -1 -1
4 2 -1 -1 -1 -1 -1
4 3 0.00384035 -1 -1 -1 -1
4 4 -1 -1 0.00483174 -1 -1

5000 110 3.78211 3 0 0 -1 0 0 0
0 0 1.26616 1.89127 2.67647 3.76045 3.76528
0 1 0.0474317 0.560399 1.54967 2.46403 2.29906
0 2 -1 0.0840979 0.527547 1.8847 1.71355
0 3 -1 0.00172027 0.2396 1.00239 1.15228
0 4 -1 0.0282153 0.124098 0.413024 0.446058
1 0 1.49602 2.2308 3.74008 3.7515 -1
1 1 0.592547 1.34186 2.1596 2.59788 2.20774
1 2 0.0506224 0.774019 1.82454 1.88924 1.82154
1 3 0.00159533 0.400357 0.906896 1.00229 1.13215
1 4 -1 0.152394 0.392837 0.428372 0.546594
2 0 2.05055 3.75627 3.74498 3.11 -1
2 1 1.18281 2.47487 2.74287 2.78223 -0.000234076
2 2 0.759751 1.4069 1.82132 1.82585 1.44386
2 3 0.144123 0.879522 1.02868 1.13504 1.20573
2 4 0.124309 0.266142 0.494568 0.553678 0.460654
3 0 3.78211 3.78126 3.21819 -1 -1
3 1 2.21389 2.81895 2.83235 2.49117 -1
3 2 1.66046 1.83151 2.05236 2.11523 1.15681
3 3 0.960475 1.21933 1.35802 1.29848 1.26268
3 4 0.382065 0.528872 0.425732 0.484969 0.478664
4 0 3.77979 0.485074 -1 -1 -1
4 1 1.81564 2.00317 1.63041 -1 -1
4 2 1.81672 2.04384 1.9556 1.45463 -1
4 3 1.31805 1.31266 1.41518 1.39783 0.744195
4 4 0.555432 0.591726 0.654887 0.640158 0.627716

10000 113 3.7911 3 0 1 -1 0 0 0
0 0 1.26616 2.06371 2.82596 3.77325 3.77249
0 1 0.125891 0.580421 1.58286 2.49801 2.43928
0 2 -0.000236755 0.255925 0.527547 1.98358 1.83856
0 3 -1 0.0653504 0.2396 1.12764 1.18233
0 4 -1 0.057094 0.152942 0.413024 0.55077
1 0 1.49602 2.43476 3.74008 3.76993 1.62204
1 1 0.931331 1.81132 2.63845 2.68554 2.29511
1 2 0.389677 0.821208 1.82454 1.88924 1.84882
1 3 0.125169 0.400357 0.907934 1.15992 1.26897
1 4 0.0374597 0.152394 0.467746 0.486461 0.546594
2 0 2.48326 3.77292 3.74498 3.16829 -1
2 1 1.27949 2.8468 2.82028 2.84759 -8.87954e-05
2 2 0.759751 1.92627 1.94117 2.02839 1.44386
2 3 0.26026 1.04973 1.13327 1.14594 1.20573
2 4 0.124309 0.448895 0.513659 0.553678 0.536895
3 0 3.78937 3.7911 3.21819 -1 -1
3 1 2.88792 2.84905 2.89494 2.49117 -1
3 2 1.76032 2.01341 2.13698 2.11523 1.60467
3 3 1.15055 1.22668 1.37847 1.36668 1.38012
3 4 0.382065 0.528872 0.559583 0.540099 0.523549
4 0 3.77979 0.525712 -1 -1 -1
4 1 2.80996 2.51334 2.44532 -1 -1
4 2 2.03555 2.04384 2.04263 1.60509 -1
4 3 1.31805 1.31266 1.41518 1.40672 0.954715
4 4 0.565097 0.629745 0.66024 0.670693 0.669397

15000 113 3.7911 3 0 1 -1 0 0 0
0 0 1.26616 2.06371 3.00552 3.77652 3.7777
0 1 0.256184 0.580421 1.58286 2.49801 2.43928
0 2 -0.000236755 0.255925 0.643325 1.98358 1.83856
0 3 -1 0.249051 0.2396 1.1873 1.22786
0 4 -1 0.057094 0.286252 0.413024 0.55077
1 0 1.86888 2.53937 3.74008 3.76993 1.62204
1 1 0.931331 1.81132 2.71929 2.70277 2.29511
1 2 0.389677 0.821208 1.82454 1.99721 1.84882
1 3 0.125169 0.688147 1.06117 1.22228 1.26897
1 4 0.0374597 0.152394 0.573234 0.496848 0.569274
2 0 2.52646 3.7774 3.75663 3.21577 -1
2 1 1.27949 2.8468 2.82028 2.86695 2.12175
2 2 0.759751 1.92627 1.94604 2.0381 2.00084
2 3 0.335425 1.04973 1.21229 1.22389 1.20573
2 4 0.400331 0.448895 0.513659 0.553678 0.567755
3 0 3.78937 3.7911 3.21819 -1 -1
3 1 2.88792 2.95866 2.89494 2.53452 -1
3 2 1.84798 2.20249 2.16015 2.12548 1.60467
3 3 1.15055 1.22668 1.37847 1.37426 1.38012
3 4 0.470752 0.582506 0.559583 0.540099 0.532429
4 0 3.78548 0.525712 -1 -1 -1
4 1 2.95119 2.51334 2.44532 -1 -1
4 2 2.03555 2.16086 2.04263 1.68478 -1
4 3 1.34616 1.31266 1.44905 1.40672 1.02877
4 4 0.578633 0.629745 0.66024 0.670693 0.669397

20000 114 3.79116 4 0 0 -1 0 0 0
0 0 1.28236 2.13926 3.00552 3.77927 3.7777
0 1 0.288987 1.65047 1.64206 2.49801 2.5992
0 2 0.000937786 0.478102 0.643325 1.98358 1.83856
0 3 -1 0.249051 0.286185 1.1873 1.24834
0 4 0.104699 0.057094 0.286252 0.494753 0.55077
1 0 1.86888 2.57507 3.74548 3.77868 1.62204
1 1 0.931331 1.81132 2.88942 2.90967 2.29511
1 2 0.389677 0.821208 1.82454 1.99721 1.92907
1 3 0.125169 0.688147 1.06117 1.22228 1.26897
1 4 0.0374597 0.248221 0.573234 0.496848 0.569274
2 0 2.52646 3.7774 3.75807 3.24267 -1
2 1 1.41107 2.8468 2.82028 2.86695 2.12175
2 2 0.759751 1.92627 1.94604 2.06223 2.00084
2 3 0.335425 1.04973 1.21229 1.22389 1.25736
2 4 0.400331 0.448895 0.513659 0.559198 0.604781
3 0 3.79019 3.7911 3.21819 -1 -1
3 1 2.88792 2.95866 2.89676 2.53452 -1
3 2 1.84798 2.20249 2.16015 2.12548 1.60467
3 3 1.16258 1.29053 1.37847 1.37426 1.38012
3 4 0.470752 0.582506 0.574414 0.560862 0.593009
4 0 3.79116 0.525712 -1 -1 -1
4 1 2.95119 2.90255 2.44532 -1 -1
4 2 2.04049 2.16086 2.17208 1.68478 -1
4 3 1.34616 1.38611 1.4498 1.40672 1.02877
4 4 0.611089 0.629745 0.66024 0.670693 0.669397

