500 6 0 7 0 12 14 3.46996 0.518215 0.0159519 0.0782338 0.49648 0.00160492 0.0159688 0.459766 0.506068 0.984818 0.751793 0 12 14 0.0329691 0.207203  0 8 14 0.0241597 0.117024  0 10 14 0.0237147 0.109035  0 13 14 0.0224849 0.125371  0 6 14 0.0224504 0.128384 
1000 7 0 7 0 2 10 3.50276 0.0371481 0.036795 0.117223 0.628811 0.831367 1.52619 0.478483 0.484292 0.0589707 0.914787 0 2 4 0.539844 1.25714  0 0 6 0.193996 0.761321  0 2 10 0.161107 0.714951  0 0 9 0.121173 0.331735  0 0 11 0.112873 0.186303 
1500 6 0 7 0 1 3 3.51797 0.0331768 0.0711841 0.337942 1.04755 0.267935 0.962725 0.455109 0.507744 0.60043 0.0286222 0 2 4 0.539844 1.25714  0 1 7 0.372529 0.752716  0 4 11 0.299925 0.988505  0 1 3 0.283887 0.957738  0 0 1 0.21796 0.86253 
2000 7 0 7 0 1 12 3.56403 0.0369775 0.100785 0.00204905 0.0132947 0.295953 0.572857 0.491834 0.471232 0.0831952 0.844752 0 1 12 1.04792 0.417136  0 2 4 0.539844 1.25714  0 1 7 0.372529 0.752716  0 0 1 0.348449 1.045  0 4 11 0.299925 0.988505 
2500 7 0 7 0 0 7 3.56403 0.0369775 0.144347 0.00204905 0.0132947 0.759277 1.21434 0.491834 0.471232 0.104712 0.593756 0 1 12 1.04792 0.417136  0 2 4 0.539844 1.25714  0 0 7 0.474358 0.951296  0 1 7 0.372529 0.752716  0 0 1 0.348449 1.045 
3000 7 0 7 0 0 10 3.57654 0.0556529 0.188856 0.00652827 0.0501085 1.45135 1.67556 0.496313 0.469751 0.129227 0.743026 0 1 12 1.04792 0.417136  0 0 10 0.817781 1.4151  0 0 7 0.602377 1.33354  0 5 13 0.558035 0.693889  0 2 4 0.539844 1.25714 
3500 6 0 7 0 0 10 3.58058 0.0404815 0.23354 0.0444139 0.417058 1.45135 1.67556 0.432816 0.529189 0.129227 0.743026 0 1 12 1.04792 0.417136  0 2 8 1.00656 1.5859  0 0 10 0.817781 1.4151  0 4 9 0.696731 1.39627  0 0 7 0.602377 1.33354 
4000 6 0 7 0 5 13 3.58058 0.0404815 0.301854 0.0444139 0.417058 1.60026 1.81738 0.432816 0.529189 0.0460298 0.901331 0 0 12 3.48007 0.81207  0 5 13 2.11887 1.75428  0 1 12 1.04792 0.417136  0 2 8 1.00656 1.5859  0 0 9 0.843266 1.46971 
4500 1 0 12 0 5 13 3.64042 0.0694591 0.373873 0.00118307 0.0137756 1.60026 1.81738 0.0709441 0.83077 0.0460298 0.901331 0 0 12 3.48007 0.81207  0 5 13 2.11887 1.75428  0 0 7 1.24687 1.7375  0 1 12 1.04792 0.417136  0 2 8 1.00656 1.5859 
5000 1 0 12 0 1 11 3.65682 0.0723218 0.435678 0.00118307 0.0137756 3.08318 0.461107 0.0678272 0.836036 0.110988 0.775883 0 0 12 3.48007 0.81207  0 1 11 2.65102 0.14961  0 5 13 2.11887 1.75428  0 0 5 1.2802 1.73902  0 0 7 1.24687 1.7375 
5500 1 0 12 0 0 12 3.76998 0.043494 0.479516 0.536039 1.34108 3.41915 0.88911 0.0805028 0.849477 0.068345 0.831473 0 0 12 3.66465 0.067843  0 1 11 2.65102 0.14961  0 5 13 2.11887 1.75428  0 0 4 1.44617 1.7633  0 1 12 1.30866 0.396102 
6000 1 0 12 0 0 13 3.76998 0.043494 0.525112 0.536039 1.34108 3.65356 0.517606 0.0805028 0.849477 0.0727165 0.8629 0 0 13 3.74719 0.0503543  0 0 12 3.69079 0.0661135  0 1 12 2.80512 0.359264  0 1 11 2.65102 0.14961  0 0 11 2.51319 1.67342 
6500 1 0 12 0 0 11 3.76998 0.043494 0.559616 0.536039 1.34108 3.51973 0.729796 0.0805028 0.849477 0.144058 0.759511 0 0 13 3.74758 0.0497455  0 0 12 3.69079 0.0661135  0 1 12 2.80512 0.359264  0 1 11 2.65102 0.14961  0 0 11 2.51319 1.67342 
7000 1 0 12 0 1 11 3.76998 0.043494 0.591059 0.536039 1.34108 3.08318 0.461107 0.0805028 0.849477 0.110988 0.775883 0 0 13 3.74758 0.0497455  0 0 12 3.71115 0.0722389  0 0 11 2.96965 1.4403  0 1 12 2.80512 0.359264  0 1 11 2.65102 0.14961 
7500 1 0 12 0 1 11 3.76998 0.043494 0.618407 0.536039 1.34108 3.08318 0.461107 0.0805028 0.849477 0.110988 0.775883 0 0 13 3.74758 0.0497455  0 0 12 3.71115 0.0722389  0 0 11 2.96965 1.4403  0 1 12 2.80512 0.359264  0 1 11 2.65102 0.14961 
8000 0 0 13 0 1 11 3.77421 0.0491604 0.643492 0.535701 1.34179 3.08318 0.461107 0.0536272 0.872767 0.110988 0.775883 0 0 13 3.77421 0.0491604  0 0 12 3.74455 0.046497  0 0 11 2.96965 1.4403  0 1 12 2.80512 0.359264  0 1 11 2.65102 0.14961 
8500 0 0 13 0 1 11 3.77421 0.0491604 0.665356 0.535701 1.34179 3.08318 0.461107 0.0536272 0.872767 0.110988 0.775883 0 0 13 3.77421 0.0491604  0 0 12 3.76268 0.0474485  0 0 11 2.96965 1.4403  0 1 12 2.80512 0.359264  0 1 11 2.65102 0.14961 
9000 0 0 13 0 1 11 3.77421 0.0491604 0.680507 0.535701 1.34179 3.08318 0.461107 0.0536272 0.872767 0.110988 0.775883 0 0 13 3.77421 0.0491604  0 0 12 3.76268 0.0474485  0 0 11 2.96965 1.4403  0 1 12 2.80512 0.359264  0 1 11 2.65102 0.14961 
9500 0 0 13 0 1 11 3.77421 0.0491604 0.69513 0.535701 1.34179 3.08318 0.461107 0.0536272 0.872767 0.110988 0.775883 0 0 13 3.77421 0.0491604  0 0 12 3.76268 0.0474485  0 0 11 3.38642 0.932616  0 1 12 2.80512 0.359264  0 1 11 2.65102 0.14961 
10000 1 0 12 0 1 12 3.78372 0.0455034 0.709683 0.00752995 0.0749221 2.98691 0.542046 0.0691394 0.858064 0.0190153 0.837049 0 0 13 3.77421 0.0491604  0 0 12 3.76268 0.0474485  0 0 11 3.38642 0.932616  0 0 10 2.9886 1.41763  0 1 12 2.80512 0.359264 
10500 1 0 12 0 1 12 3.78372 0.0455034 0.726897 0.00752995 0.0749221 2.98691 0.542046 0.0691394 0.858064 0.0190153 0.837049 0 0 13 3.77421 0.0491604  0 0 12 3.76268 0.0474485  0 0 11 3.38642 0.932616  0 0 10 2.9886 1.41763  0 1 12 2.80512 0.359264 
11000 1 0 12 0 1 12 3.78372 0.0455034 0.749084 0.00752995 0.0749221 2.98691 0.542046 0.0691394 0.858064 0.0190153 0.837049 0 0 13 3.77421 0.0491604  0 0 12 3.76268 0.0474485  0 0 11 3.38642 0.932616  0 0 10 2.9886 1.41763  0 1 12 2.80512 0.359264 
11500 1 0 12 0 1 12 3.78372 0.0455034 0.761608 0.00752995 0.0749221 2.98691 0.542046 0.0691394 0.858064 0.0190153 0.837049 0 0 13 3.77421 0.0491604  0 0 12 3.76268 0.0474485  0 0 11 3.38642 0.932616  0 0 10 3.0189 1.37144  0 1 12 2.80512 0.359264 
12000 1 0 12 0 1 12 3.78372 0.0455034 0.777257 0.00752995 0.0749221 2.98691 0.542046 0.0691394 0.858064 0.0190153 0.837049 0 0 13 3.77421 0.0491604  0 0 12 3.76268 0.0474485  0 0 11 3.38642 0.932616  0 0 10 3.0189 1.37144  0 1 12 2.80512 0.359264 
12500 1 0 12 0 1 12 3.78372 0.0455034 0.788794 0.00752995 0.0749221 2.98691 0.542046 0.0691394 0.858064 0.0190153 0.837049 0 0 13 3.77421 0.0491604  0 0 12 3.76268 0.0474485  0 0 11 3.38642 0.932616  0 0 10 3.0189 1.37144  0 1 12 2.80512 0.359264 
13000 1 0 12 0 1 12 3.78372 0.0455034 0.802526 0.00752995 0.0749221 2.98691 0.542046 0.0691394 0.858064 0.0190153 0.837049 0 0 13 3.77421 0.0491604  0 0 12 3.76268 0.0474485  0 0 11 3.38642 0.932616  0 0 10 3.10443 1.25473  0 1 12 2.80512 0.359264 
13500 1 0 12 0 1 12 3.78372 0.0455034 0.81772 0.00752995 0.0749221 2.98691 0.542046 0.0691394 0.858064 0.0190153 0.837049 0 0 13 3.77421 0.0491604  0 0 12 3.76268 0.0474485  0 0 11 3.38642 0.932616  0 0 10 3.10443 1.25473  0 1 12 2.80512 0.359264 
14000 1 0 12 0 1 12 3.78372 0.0455034 0.829109 0.00752995 0.0749221 2.98691 0.542046 0.0691394 0.858064 0.0190153 0.837049 0 0 13 3.77421 0.0491604  0 0 12 3.76268 0.0474485  0 0 11 3.38642 0.932616  0 0 10 3.10443 1.25473  0 1 12 2.80512 0.359264 
14500 1 0 12 0 1 12 3.78372 0.0455034 0.842641 0.00752995 0.0749221 2.98691 0.542046 0.0691394 0.858064 0.0190153 0.837049 0 0 13 3.77421 0.0491604  0 0 12 3.76268 0.0474485  0 0 11 3.38642 0.932616  0 0 10 3.10443 1.25473  0 1 12 2.80512 0.359264 
15000 1 0 12 0 1 12 3.78372 0.0455034 0.852196 0.00752995 0.0749221 2.98691 0.542046 0.0691394 0.858064 0.0190153 0.837049 0 0 13 3.77421 0.0491604  0 0 12 3.76268 0.0474485  0 0 11 3.38642 0.932616  0 0 10 3.10443 1.25473  0 1 12 2.80512 0.359264 
15500 1 0 12 0 1 12 3.78372 0.0455034 0.863877 0.00752995 0.0749221 2.98691 0.542046 0.0691394 0.858064 0.0190153 0.837049 0 0 13 3.77421 0.0491604  0 0 12 3.76977 0.0481145  0 0 11 3.38642 0.932616  0 0 10 3.10443 1.25473  0 1 12 2.80512 0.359264 
16000 1 0 12 0 1 12 3.78372 0.0455034 0.87212 0.00752995 0.0749221 2.98691 0.542046 0.0691394 0.858064 0.0190153 0.837049 0 0 13 3.77421 0.0491604  0 0 12 3.76977 0.0481145  0 0 11 3.38642 0.932616  0 0 10 3.10443 1.25473  0 1 12 2.80512 0.359264 
16500 1 0 12 0 1 12 3.78372 0.0455034 0.877136 0.00752995 0.0749221 2.98691 0.542046 0.0691394 0.858064 0.0190153 0.837049 0 0 13 3.77421 0.0491604  0 0 12 3.76977 0.0481145  0 0 11 3.38642 0.932616  0 0 10 3.10443 1.25473  0 1 12 2.80512 0.359264 
17000 0 0 13 0 1 12 3.78542 0.0424746 0.883666 0.53547 1.34056 2.98691 0.542046 0.0571052 0.869735 0.0190153 0.837049 0 0 13 3.78542 0.0424746  0 0 12 3.76977 0.0481145  0 0 11 3.38642 0.932616  0 0 10 3.10443 1.25473  0 1 12 2.80512 0.359264 
17500 0 0 13 0 1 12 3.78542 0.0424746 0.892706 0.53547 1.34056 2.98691 0.542046 0.0571052 0.869735 0.0190153 0.837049 0 0 13 3.78542 0.0424746  0 0 12 3.76977 0.0481145  0 0 11 3.38642 0.932616  0 0 10 3.10443 1.25473  0 1 12 2.80512 0.359264 
18000 0 0 13 0 1 12 3.78542 0.0424746 0.898847 0.53547 1.34056 2.98691 0.542046 0.0571052 0.869735 0.0190153 0.837049 0 0 13 3.78542 0.0424746  0 0 12 3.76977 0.0481145  0 0 11 3.38642 0.932616  0 0 10 3.20582 1.19086  0 1 12 2.80512 0.359264 
18500 0 0 13 0 1 12 3.78542 0.0424746 0.905012 0.53547 1.34056 2.98691 0.542046 0.0571052 0.869735 0.0190153 0.837049 0 0 13 3.78542 0.0424746  0 0 12 3.76977 0.0481145  0 0 11 3.38642 0.932616  0 0 10 3.20582 1.19086  0 1 12 2.80512 0.359264 
19000 0 0 13 0 1 12 3.78542 0.0424746 0.911404 0.53547 1.34056 2.98691 0.542046 0.0571052 0.869735 0.0190153 0.837049 0 0 13 3.78542 0.0424746  0 0 12 3.76977 0.0481145  0 0 11 3.38642 0.932616  0 0 10 3.20582 1.19086  0 1 12 2.80512 0.359264 
19500 0 0 13 0 1 12 3.78542 0.0424746 0.917055 0.53547 1.34056 2.98691 0.542046 0.0571052 0.869735 0.0190153 0.837049 0 0 13 3.78542 0.0424746  0 0 12 3.77096 0.0477388  0 0 11 3.38642 0.932616  0 0 10 3.20582 1.19086  0 1 12 2.80512 0.359264 
20000 0 0 13 0 1 12 3.78542 0.0424746 0.923526 0.53547 1.34056 2.98691 0.542046 0.0571052 0.869735 0.0190153 0.837049 0 0 13 3.78542 0.0424746  0 0 12 3.77096 0.0477388  0 0 11 3.38642 0.932616  0 0 10 3.20582 1.19086  0 1 12 2.80512 0.359264 
