500 1 0 3 0 0 1 3.61228 0.0277559 0.781899 0.518948 1.28621 0.113167 0.603442 0.280446 0.667014 0.0468418 0.36906 0 0 3 3.52633 0.0319855  0 0 2 2.32515 1.6872  0 0 1 1.71232 1.6745  0 1 2 1.09751 1.56562  0 2 3 0.996214 1.55199 
1000 1 0 3 0 0 4 3.67032 0.0354565 1.1217 -0.00135602 0.015747 0.841327 1.54361 0.250283 0.695264 0.0411761 0.781499 0 0 4 3.63 0.0397978  0 0 3 3.62424 0.0362408  0 1 3 2.36569 1.33751  0 0 2 2.32515 1.6872  0 2 4 1.94084 1.70514 
1500 4 0 0 0 1 3 3.73007 0.0637837 1.28024 -0.000483034 0.00842705 1.59256 1.56892 0.84087 0.0732573 0.106149 0.839653 0 0 4 3.63 0.0397978  0 0 3 3.62424 0.0362408  0 1 3 2.48864 1.2887  0 0 2 2.32515 1.6872  0 1 4 2.24231 1.53568 
2000 3 0 1 0 0 4 3.73681 0.0587048 1.33328 0.00160492 0.0159688 0.841327 1.54361 0.707315 0.218229 0.0411761 0.781499 0 0 3 3.72486 0.044133  0 0 4 3.63 0.0397978  0 1 3 2.53167 1.47723  0 0 2 2.32515 1.6872  0 1 4 2.26513 1.5274 
2500 3 0 1 0 0 4 3.77978 0.0506373 1.39934 0.101138 0.566695 0.841327 1.54361 0.6654 0.269356 0.0411761 0.781499 0 0 3 3.72486 0.044133  0 0 4 3.63 0.0397978  0 1 3 2.55746 1.50333  0 0 2 2.32515 1.6872  0 1 4 2.26513 1.5274 
3000 3 0 1 0 0 4 3.77978 0.0506373 1.42171 0.101138 0.566695 0.841327 1.54361 0.6654 0.269356 0.0411761 0.781499 0 0 3 3.73243 0.0461395  0 0 4 3.63 0.0397978  0 0 2 2.69377 1.63808  0 1 3 2.55746 1.50333  0 1 4 2.26513 1.5274 
3500 3 0 1 0 1 4 3.79294 0.0517749 1.4191 0.00160492 0.0159688 0.500341 1.23383 0.692897 0.242327 0.101497 0.492458 0 0 3 3.73243 0.0461395  0 0 4 3.69018 0.119151  0 0 2 2.69377 1.63808  0 1 3 2.59815 1.43223  0 1 4 2.26513 1.5274 
4000 3 0 1 0 1 4 3.79294 0.0517749 1.46425 0.00160492 0.0159688 0.500341 1.23383 0.692897 0.242327 0.101497 0.492458 0 0 3 3.73243 0.0461395  0 0 4 3.69018 0.119151  0 0 2 2.69377 1.63808  0 1 3 2.59815 1.43223  0 1 4 2.26513 1.5274 
4500 3 0 0 0 1 3 3.79328 0.0515009 1.4752 0.00160492 0.0159688 0.0473988 0.397233 0.749632 0.185467 0.315892 0.667875 0 0 3 3.73243 0.0461395  0 0 4 3.69018 0.119151  0 0 2 2.69377 1.63808  0 1 3 2.59815 1.43223  0 1 4 2.32212 1.57159 
5000 3 0 0 0 1 4 3.79328 0.0515009 1.49523 0.00160492 0.0159688 0.518544 1.28496 0.749632 0.185467 0.064442 0.533739 0 0 3 3.73243 0.0461395  0 0 4 3.69018 0.119151  0 0 2 2.69377 1.63808  0 1 3 2.59815 1.43223  0 1 4 2.56665 1.53917 
5500 4 0 0 0 1 4 3.79778 0.0454591 1.51003 0.00160492 0.0159688 0.518544 1.28496 0.807008 0.123762 0.064442 0.533739 0 0 3 3.73243 0.0461395  0 0 4 3.69018 0.119151  0 0 2 2.69377 1.63808  0 1 3 2.59815 1.43223  0 1 4 2.56665 1.53917 
6000 4 0 0 0 1 3 3.79778 0.0454591 1.52621 0.00160492 0.0159688 0.666351 1.41262 0.807008 0.123762 0.0736501 0.869861 0 0 3 3.73243 0.0461395  0 0 4 3.69018 0.119151  0 1 3 2.74263 1.42622  0 1 4 2.69431 1.45359  0 0 2 2.69377 1.63808 
6500 4 0 0 0 1 3 3.79778 0.0454591 1.52922 0.00160492 0.0159688 0.666351 1.41262 0.807008 0.123762 0.0736501 0.869861 0 0 3 3.73243 0.0461395  0 0 4 3.69018 0.119151  0 1 3 2.74263 1.42622  0 1 4 2.69431 1.45359  0 0 2 2.69377 1.63808 
7000 4 0 0 0 1 3 3.79778 0.0454591 1.53703 0.00160492 0.0159688 0.666351 1.41262 0.807008 0.123762 0.0736501 0.869861 0 0 3 3.73243 0.0461395  0 0 4 3.69018 0.119151  0 1 3 2.74263 1.42622  0 1 4 2.69431 1.45359  0 0 2 2.69377 1.63808 
7500 4 0 0 0 1 3 3.79778 0.0454591 1.52574 0.00160492 0.0159688 0.666351 1.41262 0.807008 0.123762 0.0736501 0.869861 0 0 3 3.73243 0.0461395  0 0 4 3.69018 0.119151  0 1 3 2.74263 1.42622  0 1 4 2.69431 1.45359  0 0 2 2.69377 1.63808 
8000 4 0 0 0 1 3 3.79778 0.0454591 1.51863 0.00160492 0.0159688 0.666351 1.41262 0.807008 0.123762 0.0736501 0.869861 0 0 3 3.73243 0.0461395  0 0 4 3.71301 0.280698  0 1 3 2.74263 1.42622  0 1 4 2.69431 1.45359  0 0 2 2.69377 1.63808 
8500 4 0 0 0 1 3 3.79778 0.0454591 1.52194 0.00160492 0.0159688 0.666351 1.41262 0.807008 0.123762 0.0736501 0.869861 0 0 3 3.73243 0.0461395  0 0 4 3.71301 0.280698  0 1 3 2.74263 1.42622  0 1 4 2.69431 1.45359  0 0 2 2.69377 1.63808 
9000 4 0 0 0 1 3 3.79778 0.0454591 1.52386 0.00160492 0.0159688 0.666351 1.41262 0.807008 0.123762 0.0736501 0.869861 0 0 3 3.73243 0.0461395  0 0 4 3.71301 0.280698  0 1 3 2.74263 1.42622  0 1 4 2.69431 1.45359  0 0 2 2.69377 1.63808 
9500 4 0 0 0 1 3 3.79778 0.0454591 1.51531 0.00160492 0.0159688 0.666351 1.41262 0.807008 0.123762 0.0736501 0.869861 0 0 3 3.73243 0.0461395  0 0 4 3.71301 0.280698  0 1 3 2.74263 1.42622  0 1 4 2.69431 1.45359  0 0 2 2.69377 1.63808 
10000 4 0 0 0 1 3 3.79778 0.0454591 1.51991 0.00160492 0.0159688 0.666351 1.41262 0.807008 0.123762 0.0736501 0.869861 0 0 3 3.7351 0.0353491  0 0 4 3.71892 0.0408041  0 1 3 2.74263 1.42622  0 1 4 2.71048 1.50672  0 0 2 2.69377 1.63808 
10500 4 0 0 0 1 3 3.79778 0.0454591 1.52414 0.00160492 0.0159688 0.666351 1.41262 0.807008 0.123762 0.0736501 0.869861 0 0 3 3.74396 0.0454112  0 0 4 3.71892 0.0408041  0 1 3 2.74263 1.42622  0 1 4 2.71048 1.50672  0 0 2 2.69377 1.63808 
11000 4 0 0 0 1 3 3.79778 0.0454591 1.52835 0.00160492 0.0159688 0.666351 1.41262 0.807008 0.123762 0.0736501 0.869861 0 0 3 3.74396 0.0454112  0 0 4 3.71892 0.0408041  0 1 3 2.74263 1.42622  0 1 4 2.71048 1.50672  0 0 2 2.69377 1.63808 
11500 4 0 0 0 1 3 3.79778 0.0454591 1.53263 0.00160492 0.0159688 0.666351 1.41262 0.807008 0.123762 0.0736501 0.869861 0 0 3 3.74396 0.0454112  0 0 4 3.71892 0.0408041  0 1 3 2.74263 1.42622  0 1 4 2.71048 1.50672  0 0 2 2.69377 1.63808 
12000 4 0 0 0 1 3 3.79778 0.0454591 1.5349 0.00160492 0.0159688 0.666351 1.41262 0.807008 0.123762 0.0736501 0.869861 0 0 3 3.74396 0.0454112  0 0 4 3.71892 0.0408041  0 1 3 2.74263 1.42622  0 1 4 2.71048 1.50672  0 0 2 2.69377 1.63808 
12500 4 0 0 0 1 3 3.79778 0.0454591 1.54045 0.00160492 0.0159688 0.666351 1.41262 0.807008 0.123762 0.0736501 0.869861 0 0 3 3.74689 0.0458312  0 0 4 3.72472 0.0539851  0 1 3 2.74263 1.42622  0 1 4 2.71048 1.50672  0 0 2 2.69377 1.63808 
13000 4 0 0 0 0 4 3.79778 0.0454591 1.5423 0.00160492 0.0159688 0.867322 1.59078 0.807008 0.123762 0.045249 0.74814 0 0 3 3.77056 0.0420361  0 0 4 3.74569 0.0469148  0 1 3 2.74263 1.42622  0 1 4 2.71048 1.50672  0 0 2 2.69377 1.63808 
13500 4 0 0 0 0 4 3.79778 0.0454591 1.54782 0.00160492 0.0159688 3.27653 1.23428 0.807008 0.123762 0.148178 0.797886 0 0 3 3.77056 0.0420361  0 0 4 3.75154 0.0496001  0 1 3 2.82543 1.56365  0 1 4 2.71048 1.50672  0 0 2 2.69377 1.63808 
14000 4 0 0 0 0 4 3.79778 0.0454591 1.54962 0.00160492 0.0159688 0.8702 1.59514 0.807008 0.123762 0.03419 0.830674 0 0 3 3.77056 0.0420361  0 0 4 3.76903 0.0455286  0 1 3 2.82543 1.56365  0 1 4 2.71048 1.50672  0 0 2 2.69377 1.63808 
14500 4 0 0 0 0 4 3.79778 0.0454591 1.55057 0.00160492 0.0159688 0.8702 1.59514 0.807008 0.123762 0.03419 0.830674 0 0 3 3.77338 0.0477683  0 0 4 3.76903 0.0455286  0 1 3 2.82543 1.56365  0 1 4 2.71048 1.50672  0 0 2 2.69377 1.63808 
15000 4 0 0 0 0 4 3.79778 0.0454591 1.55488 0.00160492 0.0159688 0.8702 1.59514 0.807008 0.123762 0.03419 0.830674 0 0 3 3.77338 0.0477683  0 0 4 3.76903 0.0455286  0 1 3 2.82543 1.56365  0 1 4 2.71048 1.50672  0 0 2 2.69377 1.63808 
15500 4 0 0 0 0 4 3.79778 0.0454591 1.5552 0.00160492 0.0159688 0.528069 1.34398 0.807008 0.123762 0.0766381 0.574469 0 0 3 3.77371 0.0478422  0 0 4 3.76938 0.049671  0 1 3 2.82543 1.56365  0 1 4 2.71048 1.50672  0 0 2 2.69377 1.63808 
16000 4 0 0 0 0 4 3.79778 0.0454591 1.55761 0.00160492 0.0159688 0.528069 1.34398 0.807008 0.123762 0.0766381 0.574469 0 0 3 3.77371 0.0478422  0 0 4 3.76938 0.049671  0 1 3 2.82543 1.56365  0 1 4 2.71048 1.50672  0 0 2 2.69377 1.63808 
16500 4 0 0 0 0 4 3.79778 0.0454591 1.55976 0.00160492 0.0159688 0.530106 1.34424 0.807008 0.123762 0.153811 0.551328 0 0 4 3.77715 0.0473853  0 0 3 3.77371 0.0478422  0 1 3 2.82543 1.56365  0 1 4 2.71048 1.50672  0 0 2 2.69377 1.63808 
17000 4 0 0 0 0 4 3.79778 0.0454591 1.56194 0.00160492 0.0159688 0.530106 1.34424 0.807008 0.123762 0.153811 0.551328 0 0 4 3.77715 0.0473853  0 0 3 3.77371 0.0478422  0 1 3 2.82543 1.56365  0 1 4 2.71048 1.50672  0 0 2 2.69377 1.63808 
17500 4 0 0 0 0 4 3.80005 0.052055 1.56766 0.00160492 0.0159688 0.530106 1.34424 0.812688 0.120502 0.153811 0.551328 0 0 4 3.77715 0.0473853  0 0 3 3.77371 0.0478422  0 1 3 2.82543 1.56365  0 1 4 2.71048 1.50672  0 0 2 2.69377 1.63808 
18000 4 0 0 0 0 4 3.80005 0.052055 1.57181 0.00160492 0.0159688 0.530106 1.34424 0.812688 0.120502 0.153811 0.551328 0 0 4 3.77715 0.0473853  0 0 3 3.77382 0.0503599  0 1 3 2.82543 1.56365  0 0 2 2.72902 1.66651  0 1 4 2.71048 1.50672 
18500 4 0 0 0 0 4 3.80005 0.052055 1.58553 0.00160492 0.0159688 0.530106 1.34424 0.812688 0.120502 0.153811 0.551328 0 0 4 3.77715 0.0473853  0 0 3 3.77382 0.0503599  0 1 3 2.82543 1.56365  0 0 2 2.72902 1.66651  0 1 4 2.71048 1.50672 
19000 4 0 0 0 0 4 3.80005 0.052055 1.5873 0.00160492 0.0159688 0.530106 1.34424 0.812688 0.120502 0.153811 0.551328 0 0 4 3.77715 0.0473853  0 0 3 3.77382 0.0503599  0 1 3 2.82543 1.56365  0 0 2 2.72902 1.66651  0 1 4 2.71048 1.50672 
19500 4 0 0 0 0 4 3.80005 0.052055 1.58866 0.00160492 0.0159688 0.530106 1.34424 0.812688 0.120502 0.153811 0.551328 0 0 4 3.77715 0.0473853  0 0 3 3.77382 0.0503599  0 1 3 2.82543 1.56365  0 0 2 2.72902 1.66651  0 1 4 2.71048 1.50672 
20000 4 0 0 0 0 4 3.80005 0.052055 1.58898 0.00160492 0.0159688 0.530106 1.34424 0.812688 0.120502 0.153811 0.551328 0 0 4 3.77715 0.0473853  0 0 3 3.77382 0.0503599  0 1 3 2.82543 1.56365  0 0 2 2.72902 1.66651  0 1 4 2.71048 1.50672 
