500 4 0 4 0 0 1 3.10912 0.551957 0.0367097 -0.0031114 0.014884 0.00157931 0.0157139 0.493078 0.471499 0.979408 0.596472 0 0 2 0.719603 1.35441  0 0 4 0.51206 1.14739  0 1 5 0.356732 1.04053  0 0 3 0.343557 0.971382  0 0 1 0.280761 0.950258 
1000 3 0 6 0 0 7 3.4544 0.029592 0.24623 0.000659621 0.0265197 1.47501 1.64418 0.351037 0.601745 0.114007 0.688291 0 0 7 1.21739 1.53482  0 4 7 1.06148 1.55558  0 0 3 1.05014 1.60333  0 1 3 0.824996 1.40806  0 1 4 0.788354 1.38021 
1500 4 0 4 0 3 8 3.51569 0.0382939 0.438534 -0.00123719 0.0139967 0.724299 1.29973 0.497925 0.458939 0.0943481 0.721191 0 0 7 1.94851 1.59446  0 3 8 1.65249 1.56597  0 0 8 1.5398 0.136648  0 0 5 1.37053 1.57206  0 1 7 1.30567 1.49272 
2000 3 0 5 0 3 8 3.64915 0.112421 0.578858 0.00502951 0.0414993 0.724299 1.29973 0.387287 0.562229 0.0943481 0.721191 0 0 7 1.94851 1.59446  0 3 8 1.65249 1.56597  0 0 8 1.61735 0.036085  0 0 5 1.37053 1.57206  0 1 7 1.30567 1.49272 
2500 3 0 5 0 3 8 3.64915 0.112421 0.670747 0.00502951 0.0414993 0.724299 1.29973 0.387287 0.562229 0.0943481 0.721191 0 0 7 1.94851 1.59446  0 3 8 1.65249 1.56597  0 0 8 1.61735 0.036085  0 0 6 1.59029 1.57525  0 2 7 1.42004 1.59341 
3000 3 0 5 0 0 6 3.64915 0.112421 0.728718 0.00502951 0.0414993 1.11451 1.52884 0.387287 0.562229 0.13242 0.697758 0 0 7 1.95398 1.60966  0 0 6 1.71137 1.59014  0 0 8 1.68742 0.0509509  0 3 8 1.65249 1.56597  0 2 7 1.42004 1.59341 
3500 3 0 5 0 0 8 3.64915 0.112421 0.775473 0.00502951 0.0414993 1.67434 1.21872 0.387287 0.562229 0.104019 0.820614 0 0 8 2.21972 0.884508  0 0 7 1.95398 1.60966  0 0 6 1.87121 1.78401  0 3 8 1.65249 1.56597  0 2 7 1.42004 1.59341 
4000 3 0 5 0 0 8 3.64915 0.112421 0.807447 0.00502951 0.0414993 1.67434 1.21872 0.387287 0.562229 0.104019 0.820614 0 0 8 2.21972 0.884508  0 0 7 1.95398 1.60966  0 0 6 1.87121 1.78401  0 3 8 1.65249 1.56597  0 0 5 1.43477 1.53141 
4500 2 0 7 0 0 8 3.66599 0.0445466 0.839785 3.3343 1.02478 3.0443 0.346069 0.212979 0.720002 0.0977629 0.786364 0 0 8 2.91756 0.154953  0 0 7 1.98246 1.362  0 0 6 1.87121 1.78401  0 3 8 1.65249 1.56597  0 0 5 1.43477 1.53141 
5000 2 0 7 0 0 8 3.66599 0.0445466 0.859613 3.3343 1.02478 3.11127 0.774778 0.212979 0.720002 0.069797 0.827877 0 0 8 3.22842 0.346857  0 0 7 2.38653 1.07346  0 0 6 1.87121 1.78401  0 3 8 1.65249 1.56597  0 3 7 1.46486 1.6685 
5500 2 0 7 0 0 8 3.66599 0.0445466 0.875533 3.3343 1.02478 2.82519 1.21974 0.212979 0.720002 0.0620116 0.817002 0 0 8 3.25823 0.11747  0 0 7 2.38653 1.07346  0 0 5 1.93917 1.70067  0 0 6 1.87121 1.78401  0 3 8 1.65249 1.56597 
6000 2 0 7 0 0 8 3.66599 0.0445466 0.894305 3.3343 1.02478 2.82519 1.21974 0.212979 0.720002 0.0620116 0.817002 0 0 8 3.25823 0.11747  0 0 7 2.38653 1.07346  0 0 5 1.93917 1.70067  0 0 6 1.87121 1.78401  0 3 8 1.65249 1.56597 
6500 2 0 7 0 0 7 3.66599 0.0445466 0.909875 3.3343 1.02478 2.56389 1.07575 0.212979 0.720002 0.0978812 0.775123 0 0 8 3.45162 0.401417  0 0 7 2.60019 0.903474  0 0 5 1.93917 1.70067  0 0 6 1.87121 1.78401  0 3 8 1.65249 1.56597 
7000 2 0 7 0 0 7 3.66599 0.0445466 0.918829 3.3343 1.02478 3.00469 0.442289 0.212979 0.720002 0.0956571 0.784794 0 0 8 3.45162 0.401417  0 0 7 2.99769 0.0445788  0 0 5 1.93917 1.70067  0 0 6 1.87121 1.78401  0 3 8 1.65249 1.56597 
7500 2 0 7 0 0 7 3.66599 0.0445466 0.935901 3.3343 1.02478 3.00469 0.442289 0.212979 0.720002 0.0956571 0.784794 0 0 8 3.45162 0.401417  0 0 7 2.99769 0.0445788  0 0 5 2.0128 1.65281  0 0 6 1.87121 1.78401  0 3 8 1.65249 1.56597 
8000 2 0 7 0 0 8 3.66599 0.0445466 0.94367 3.3343 1.02478 3.68554 0.38888 0.212979 0.720002 0.184184 0.750401 0 0 8 3.65337 0.0646272  0 0 7 2.99769 0.0445788  0 0 5 2.0128 1.65281  0 0 6 1.87121 1.78401  0 3 8 1.65249 1.56597 
8500 0 0 8 0 0 8 3.71541 0.0582234 0.946385 3.13512 1.37328 3.13512 1.37328 0.0552952 0.857935 0.152704 0.769923 0 0 8 3.71541 0.0582234  0 0 7 2.99769 0.0445788  0 0 5 2.0128 1.65281  0 0 6 1.87121 1.78401  0 3 8 1.65249 1.56597 
9000 0 0 8 0 0 7 3.73927 0.0474042 0.954438 0.00160492 0.0159688 3.00469 0.442289 0.064618 0.853184 0.0956571 0.784794 0 0 8 3.73927 0.0474042  0 0 7 2.99769 0.0445788  0 0 5 2.0128 1.65281  0 0 6 1.87121 1.78401  0 3 8 1.65249 1.56597 
9500 0 0 8 0 0 7 3.73927 0.0474042 0.960123 0.00160492 0.0159688 3.00469 0.442289 0.064618 0.853184 0.0956571 0.784794 0 0 8 3.73927 0.0474042  0 0 7 2.99769 0.0445788  0 0 5 2.0128 1.65281  0 0 6 1.87121 1.78401  0 3 8 1.65249 1.56597 
10000 0 0 8 0 0 7 3.74287 0.0530359 0.969703 0.00160492 0.0159688 3.47279 0.484809 0.0940999 0.830384 0.18505 0.713157 0 0 8 3.74287 0.0530359  0 0 7 3.34248 0.642503  0 0 5 2.0128 1.65281  0 0 6 1.87121 1.78401  0 0 4 1.81796 1.85535 
10500 0 0 8 0 0 7 3.74287 0.0530359 0.977238 0.00160492 0.0159688 3.36137 0.848029 0.0940999 0.830384 0.161673 0.721571 0 0 8 3.74287 0.0530359  0 0 7 3.44634 0.377817  0 0 9 2.23302 1.53741  0 0 5 2.0128 1.65281  0 0 6 1.87121 1.78401 
11000 0 0 8 0 0 7 3.74287 0.0530359 0.986915 0.00160492 0.0159688 3.36137 0.848029 0.0940999 0.830384 0.161673 0.721571 0 0 8 3.74287 0.0530359  0 0 7 3.44634 0.377817  0 0 6 2.87457 1.53507  0 0 5 2.56174 1.54328  0 0 9 2.23302 1.53741 
11500 0 0 8 0 0 7 3.74287 0.0530359 0.992315 0.00160492 0.0159688 3.36137 0.848029 0.0940999 0.830384 0.161673 0.721571 0 0 8 3.74287 0.0530359  0 0 7 3.44634 0.377817  0 0 6 2.87457 1.53507  0 0 5 2.56174 1.54328  0 0 9 2.23302 1.53741 
12000 0 0 8 0 0 7 3.74287 0.0530359 0.996638 0.00160492 0.0159688 3.36137 0.848029 0.0940999 0.830384 0.161673 0.721571 0 0 8 3.74287 0.0530359  0 0 7 3.44634 0.377817  0 0 6 2.87457 1.53507  0 0 5 2.56174 1.54328  0 0 9 2.23302 1.53741 
12500 1 0 8 0 0 9 3.74305 0.0551906 1.00104 0.00149428 0.0160178 2.92355 1.40815 0.1048 0.820163 0.00947782 0.936502 0 0 8 3.74287 0.0530359  0 0 7 3.52584 0.0660955  0 0 6 2.87457 1.53507  0 0 5 2.56174 1.54328  0 0 9 2.23302 1.53741 
13000 1 0 8 0 0 9 3.74305 0.0551906 1.00487 0.00149428 0.0160178 2.92355 1.40815 0.1048 0.820163 0.00947782 0.936502 0 0 8 3.74287 0.0530359  0 0 7 3.52584 0.0660955  0 0 6 2.87457 1.53507  0 0 5 2.56174 1.54328  0 0 9 2.23302 1.53741 
13500 1 0 8 0 0 7 3.74305 0.0551906 1.01048 0.00149428 0.0160178 3.68007 0.390414 0.1048 0.820163 0.26889 0.658421 0 0 8 3.74287 0.0530359  0 0 7 3.55589 0.0724069  0 0 6 2.87457 1.53507  0 0 5 2.56174 1.54328  0 0 9 2.23302 1.53741 
14000 1 0 8 0 0 7 3.74305 0.0551906 1.0168 0.00149428 0.0160178 3.68007 0.390414 0.1048 0.820163 0.26889 0.658421 0 0 8 3.74287 0.0530359  0 0 7 3.55589 0.0724069  0 0 6 2.87457 1.53507  0 0 5 2.56174 1.54328  0 0 9 2.23302 1.53741 
14500 1 0 8 0 0 7 3.74305 0.0551906 1.01998 0.00149428 0.0160178 3.68007 0.390414 0.1048 0.820163 0.26889 0.658421 0 0 8 3.74287 0.0530359  0 0 7 3.55589 0.0724069  0 0 6 2.87457 1.53507  0 0 5 2.56174 1.54328  0 0 9 2.23302 1.53741 
15000 1 0 8 0 0 7 3.74305 0.0551906 1.02393 0.00149428 0.0160178 3.68007 0.390414 0.1048 0.820163 0.26889 0.658421 0 0 8 3.74287 0.0530359  0 0 7 3.55589 0.0724069  0 0 6 2.87457 1.53507  0 0 5 2.56174 1.54328  0 0 9 2.23302 1.53741 
15500 1 0 8 0 0 7 3.74305 0.0551906 1.03071 0.00149428 0.0160178 3.68007 0.390414 0.1048 0.820163 0.26889 0.658421 0 0 8 3.74287 0.0530359  0 0 7 3.55589 0.0724069  0 0 9 3.10024 0.410646  0 0 6 2.87457 1.53507  0 0 5 2.56174 1.54328 
16000 1 0 8 0 0 7 3.74305 0.0551906 1.03555 0.00149428 0.0160178 3.68007 0.390414 0.1048 0.820163 0.26889 0.658421 0 0 8 3.74287 0.0530359  0 0 7 3.55589 0.0724069  0 0 9 3.10024 0.410646  0 0 6 2.89171 1.3425  0 0 5 2.56174 1.54328 
16500 1 0 7 0 0 7 3.77509 0.0468962 1.0391 0.134308 0.709209 3.68007 0.390414 0.182713 0.754661 0.26889 0.658421 0 0 8 3.74287 0.0530359  0 0 7 3.55589 0.0724069  0 0 9 3.10024 0.410646  0 0 6 2.89171 1.3425  0 0 5 2.56174 1.54328 
17000 1 0 7 0 0 7 3.77509 0.0468962 1.04071 0.134308 0.709209 3.68007 0.390414 0.182713 0.754661 0.26889 0.658421 0 0 8 3.74287 0.0530359  0 0 7 3.55589 0.0724069  0 0 9 3.24235 0.348618  0 0 6 2.95453 1.29278  0 0 5 2.56174 1.54328 
17500 1 0 7 0 0 7 3.77509 0.0468962 1.04535 0.134308 0.709209 3.68007 0.390414 0.182713 0.754661 0.26889 0.658421 0 0 8 3.74287 0.0530359  0 0 7 3.55589 0.0724069  0 0 9 3.24235 0.348618  0 0 6 2.95453 1.29278  0 0 5 2.56174 1.54328 
18000 1 0 7 0 0 7 3.77509 0.0468962 1.05113 0.134308 0.709209 3.68007 0.390414 0.182713 0.754661 0.26889 0.658421 0 0 8 3.74287 0.0530359  0 0 7 3.55589 0.0724069  0 0 9 3.24235 0.348618  0 0 6 3.02326 1.1986  0 0 5 2.56174 1.54328 
18500 1 0 7 0 0 7 3.77509 0.0468962 1.05682 0.134308 0.709209 3.68007 0.390414 0.182713 0.754661 0.26889 0.658421 0 0 8 3.74287 0.0530359  0 0 7 3.55589 0.0724069  0 0 9 3.24235 0.348618  0 0 6 3.02326 1.1986  0 0 5 2.56174 1.54328 
19000 1 0 7 0 0 7 3.77509 0.0468962 1.05931 0.134308 0.709209 3.68007 0.390414 0.182713 0.754661 0.26889 0.658421 0 0 8 3.74287 0.0530359  0 0 7 3.55589 0.0724069  0 0 9 3.24235 0.348618  0 0 6 3.02326 1.1986  0 0 5 2.56174 1.54328 
19500 1 0 7 0 0 7 3.77509 0.0468962 1.065 0.134308 0.709209 3.68007 0.390414 0.182713 0.754661 0.26889 0.658421 0 0 8 3.74287 0.0530359  0 0 7 3.55589 0.0724069  0 0 9 3.24235 0.348618  0 0 6 3.02326 1.1986  0 0 5 2.56174 1.54328 
20000 1 0 7 0 0 7 3.77509 0.0468962 1.06784 0.134308 0.709209 3.68007 0.390414 0.182713 0.754661 0.26889 0.658421 0 0 8 3.74287 0.0530359  0 0 7 3.55589 0.0724069  0 0 9 3.24235 0.348618  0 0 6 3.02326 1.1986  0 0 5 2.56174 1.54328 
