500 0 0 18 0 13 29 0.161108 0.587014 0.00376401 0.00344497 0.0292971 0.0800708 0.540725 0.0237935 0.620357 0.00715456 0.977458 0 0 18 0.161108 0.587014  0 24 29 0.0219508 0.136514  0 26 29 0.0199164 0.0946135  0 13 29 0.0196598 0.104602  0 20 29 0.019083 0.109445 
1000 12 0 16 0 2 22 2.90432 0.033053 0.00422463 -0.00102495 0.0103104 0.141015 0.638367 0.420387 0.535347 0.32836 0.554036 0 0 18 0.161108 0.587014  0 27 29 0.0428088 0.212116  0 2 22 0.0317617 0.279071  0 26 29 0.0302383 0.141416  0 18 29 0.0290615 0.124565 
1500 12 0 16 0 2 22 2.90432 0.033053 0.00519616 -0.00102495 0.0103104 0.141015 0.638367 0.420387 0.535347 0.32836 0.554036 0 0 18 0.161108 0.587014  0 27 29 0.0428088 0.212116  0 2 22 0.0317617 0.279071  0 23 28 0.0303828 0.135299  0 26 29 0.0302383 0.141416 
2000 12 0 15 0 2 22 3.09124 0.0366339 0.00642684 -0.00104908 0.0104051 0.141015 0.638367 0.42747 0.530685 0.32836 0.554036 0 0 18 0.161108 0.587014  0 0 15 0.0465547 0.367875  0 27 29 0.0428088 0.212116  0 2 22 0.0317617 0.279071  0 23 28 0.0303828 0.135299 
2500 12 0 15 0 27 29 3.09124 0.0366339 0.00729118 -0.00104908 0.0104051 0.00833996 0.0423169 0.42747 0.530685 0.0302935 0.688029 0 5 12 0.202054 0.784091  0 0 18 0.161108 0.587014  0 0 15 0.0465547 0.367875  0 0 1 0.042889 0.297796  0 27 29 0.0428088 0.212116 
3000 11 0 16 0 25 28 3.36296 0.0441994 0.00817643 0.00572796 0.0401042 0.0184767 0.114828 0.37405 0.55201 0.961867 0.0198179 0 0 18 0.222468 0.585616  0 5 12 0.202054 0.784091  0 0 27 0.0763048 0.160854  0 25 28 0.0605833 0.178945  0 0 8 0.0482072 0.379095 
3500 11 0 16 0 25 28 3.36296 0.0441994 0.00950555 0.00572796 0.0401042 0.0184767 0.114828 0.37405 0.55201 0.961867 0.0198179 0 0 4 0.352109 0.994964  0 0 18 0.222468 0.585616  0 5 12 0.202054 0.784091  0 0 27 0.0763048 0.160854  0 25 28 0.0605833 0.178945 
4000 13 0 14 0 8 25 3.38843 0.0332811 0.0116609 0.260619 0.91173 0.804101 1.25575 0.463728 0.493537 0.22106 0.888271 0 8 25 0.485569 1.07338  0 4 21 0.418664 1.13683  0 0 4 0.352109 0.994964  0 0 18 0.222468 0.585616  0 5 12 0.202054 0.784091 
4500 11 0 16 0 8 25 3.41902 0.0337696 0.0137206 -0.00137532 0.0155993 0.804101 1.25575 0.398884 0.554777 0.22106 0.888271 0 8 25 0.485569 1.07338  0 4 21 0.418664 1.13683  0 0 4 0.352109 0.994964  0 0 18 0.222468 0.585616  0 5 12 0.202054 0.784091 
5000 11 0 16 0 8 25 3.41902 0.0337696 0.0146072 -0.00137532 0.0155993 0.804101 1.25575 0.398884 0.554777 0.22106 0.888271 0 8 25 0.485569 1.07338  0 4 21 0.418664 1.13683  0 0 4 0.352109 0.994964  0 0 18 0.222468 0.585616  0 5 12 0.202054 0.784091 
5500 11 0 16 0 8 25 3.6562 0.0515121 0.0164996 0.00307847 0.019256 0.804101 1.25575 0.399246 0.543956 0.22106 0.888271 0 8 25 0.485569 1.07338  0 4 21 0.418664 1.13683  0 0 4 0.352109 0.994964  0 0 27 0.226076 0.186282  0 0 18 0.222468 0.585616 
6000 11 0 16 0 8 25 3.6562 0.0515121 0.0189675 0.00307847 0.019256 0.804101 1.25575 0.399246 0.543956 0.22106 0.888271 0 8 25 0.485569 1.07338  0 4 21 0.418664 1.13683  0 0 4 0.352109 0.994964  0 0 27 0.226076 0.186282  0 0 18 0.222468 0.585616 
6500 11 0 16 0 0 21 3.6562 0.0515121 0.021413 0.00307847 0.019256 1.01618 1.47547 0.399246 0.543956 0.0726363 0.770359 0 8 25 0.485569 1.07338  0 4 21 0.418664 1.13683  0 0 4 0.352109 0.994964  0 0 21 0.26545 0.855781  0 0 27 0.226076 0.186282 
7000 13 0 15 0 0 21 3.66927 0.0479895 0.0226149 0.0724608 0.479099 1.01618 1.47547 0.444455 0.502269 0.0726363 0.770359 0 8 25 0.485569 1.07338  0 4 21 0.418664 1.13683  0 0 4 0.352109 0.994964  0 1 7 0.273721 0.93198  0 0 21 0.26545 0.855781 
7500 13 0 15 0 0 21 3.66927 0.0479895 0.024885 0.0724608 0.479099 1.01618 1.47547 0.444455 0.502269 0.0726363 0.770359 0 8 25 0.485569 1.07338  0 4 21 0.418664 1.13683  0 0 4 0.352109 0.994964  0 1 7 0.273721 0.93198  0 0 21 0.26545 0.855781 
8000 13 0 15 0 8 25 3.66927 0.0479895 0.0279215 0.0724608 0.479099 0.804101 1.25575 0.444455 0.502269 0.22106 0.888271 0 2 26 0.879087 0.944924  0 8 25 0.485569 1.07338  0 4 21 0.418664 1.13683  0 0 4 0.352109 0.994964  0 1 7 0.273721 0.93198 
8500 13 0 15 0 8 25 3.66927 0.0479895 0.0305449 0.0724608 0.479099 0.804101 1.25575 0.444455 0.502269 0.22106 0.888271 0 2 26 0.879087 0.944924  0 8 25 0.485569 1.07338  0 4 21 0.418664 1.13683  0 0 4 0.352109 0.994964  0 1 7 0.273721 0.93198 
9000 13 0 15 0 8 25 3.66927 0.0479895 0.0330493 0.0724608 0.479099 0.804101 1.25575 0.444455 0.502269 0.22106 0.888271 0 2 26 0.879087 0.944924  0 0 9 0.773216 1.48252  0 8 25 0.485569 1.07338  0 4 21 0.418664 1.13683  0 0 4 0.352109 0.994964 
9500 13 0 15 0 8 25 3.66927 0.0479895 0.0359371 0.0724608 0.479099 0.804101 1.25575 0.444455 0.502269 0.22106 0.888271 0 2 26 0.879087 0.944924  0 0 9 0.773216 1.48252  0 8 25 0.485569 1.07338  0 4 21 0.418664 1.13683  0 0 11 0.417262 1.08955 
10000 13 0 15 0 0 23 3.66927 0.0479895 0.0394756 0.0724608 0.479099 0.864238 1.49428 0.444455 0.502269 0.0391652 0.809303 0 2 26 0.879087 0.944924  0 0 9 0.773216 1.48252  0 8 25 0.485569 1.07338  0 0 23 0.428131 1.10638  0 4 21 0.418664 1.13683 
10500 13 0 15 0 0 23 3.66927 0.0479895 0.0426091 0.0724608 0.479099 0.864238 1.49428 0.444455 0.502269 0.0391652 0.809303 0 2 26 0.879087 0.944924  0 0 9 0.773216 1.48252  0 8 25 0.485569 1.07338  0 0 23 0.428131 1.10638  0 4 21 0.418664 1.13683 
11000 13 0 15 0 0 23 3.66927 0.0479895 0.0470129 0.0724608 0.479099 0.864238 1.49428 0.444455 0.502269 0.0391652 0.809303 0 2 26 0.879087 0.944924  0 0 9 0.773216 1.48252  0 8 25 0.485569 1.07338  0 0 17 0.437529 1.13654  0 0 23 0.428131 1.10638 
11500 13 0 15 0 8 25 3.66927 0.0479895 0.0510877 0.0724608 0.479099 0.804101 1.25575 0.444455 0.502269 0.22106 0.888271 0 2 26 0.879087 0.944924  0 0 9 0.773216 1.48252  0 8 25 0.485569 1.07338  0 2 28 0.442226 0.804543  0 0 17 0.437529 1.13654 
12000 13 0 15 0 8 25 3.66927 0.0479895 0.0554065 0.0724608 0.479099 0.804101 1.25575 0.444455 0.502269 0.22106 0.888271 0 2 26 0.879087 0.944924  0 0 9 0.773216 1.48252  0 8 25 0.485569 1.07338  0 2 28 0.442226 0.804543  0 0 17 0.437529 1.13654 
12500 13 0 15 0 8 25 3.66927 0.0479895 0.0611353 0.0724608 0.479099 0.804101 1.25575 0.444455 0.502269 0.22106 0.888271 0 2 26 0.879087 0.944924  0 0 9 0.773216 1.48252  0 8 25 0.485569 1.07338  0 2 28 0.442226 0.804543  0 0 17 0.437529 1.13654 
13000 13 0 15 0 8 25 3.66927 0.0479895 0.0660416 0.0724608 0.479099 0.804101 1.25575 0.444455 0.502269 0.22106 0.888271 0 2 26 0.879087 0.944924  0 0 9 0.773216 1.48252  0 8 25 0.485569 1.07338  0 2 10 0.464957 1.16883  0 2 28 0.442226 0.804543 
13500 13 0 15 0 8 25 3.66927 0.0479895 0.0716459 0.0724608 0.479099 0.804101 1.25575 0.444455 0.502269 0.22106 0.888271 0 2 26 0.879087 0.944924  0 0 9 0.773216 1.48252  0 8 25 0.485569 1.07338  0 2 10 0.464957 1.16883  0 2 28 0.442226 0.804543 
14000 13 0 15 0 4 26 3.66927 0.0479895 0.0780436 0.0724608 0.479099 1.46062 0.963273 0.444455 0.502269 0.00610357 0.88655 0 2 26 0.879087 0.944924  0 0 9 0.773216 1.48252  0 4 26 0.547874 0.809146  0 8 25 0.485569 1.07338  0 2 10 0.464957 1.16883 
14500 13 0 15 0 4 26 3.66927 0.0479895 0.0840224 0.0724608 0.479099 1.46062 0.963273 0.444455 0.502269 0.00610357 0.88655 0 2 26 0.879087 0.944924  0 0 9 0.773216 1.48252  0 4 26 0.547874 0.809146  0 4 10 0.505721 1.19918  0 8 25 0.485569 1.07338 
15000 13 0 15 0 4 24 3.66927 0.0479895 0.0914756 0.0724608 0.479099 2.08478 0.566626 0.444455 0.502269 0.0139124 0.859707 0 4 24 1.75617 0.91084  0 2 26 0.879087 0.944924  0 0 9 0.773216 1.48252  0 4 26 0.547874 0.809146  0 4 10 0.505721 1.19918 
15500 13 0 15 0 4 24 3.66927 0.0479895 0.0993884 0.0724608 0.479099 2.08478 0.566626 0.444455 0.502269 0.0139124 0.859707 0 4 24 1.75617 0.91084  0 2 26 0.879087 0.944924  0 0 9 0.773216 1.48252  0 7 24 0.680165 1.32673  0 4 26 0.547874 0.809146 
16000 13 0 15 0 4 24 3.66927 0.0479895 0.107927 0.0724608 0.479099 2.08478 0.566626 0.444455 0.502269 0.0139124 0.859707 0 4 24 1.75617 0.91084  0 2 26 0.879087 0.944924  0 0 28 0.805836 0.136272  0 0 9 0.773216 1.48252  0 7 24 0.680165 1.32673 
16500 13 0 15 0 4 24 3.66927 0.0479895 0.116178 0.0724608 0.479099 2.08478 0.566626 0.444455 0.502269 0.0139124 0.859707 0 4 24 1.75617 0.91084  0 2 26 0.879087 0.944924  0 0 28 0.805836 0.136272  0 3 13 0.801763 1.51254  0 0 9 0.773216 1.48252 
17000 13 0 15 0 4 24 3.66927 0.0479895 0.124435 0.0724608 0.479099 2.08478 0.566626 0.444455 0.502269 0.0139124 0.859707 0 4 24 1.75617 0.91084  0 2 26 0.879087 0.944924  0 3 25 0.832635 0.472587  0 0 28 0.805836 0.136272  0 3 13 0.801763 1.51254 
17500 24 0 2 0 4 24 3.73569 0.0503885 0.133484 -0.000910202 0.0060009 1.65265 0.504928 0.828949 0.0918397 0.0303789 0.830207 0 4 24 1.78855 0.175057  0 2 26 0.879087 0.944924  0 3 25 0.832635 0.472587  0 0 28 0.805836 0.136272  0 3 13 0.801763 1.51254 
18000 24 0 2 0 4 24 3.73569 0.0503885 0.144329 -0.000910202 0.0060009 1.65265 0.504928 0.828949 0.0918397 0.0303789 0.830207 0 4 24 1.78855 0.175057  0 2 25 0.960483 0.340188  0 0 26 0.923244 0.177816  0 2 26 0.879087 0.944924  0 3 25 0.832635 0.472587 
18500 24 0 2 0 4 24 3.73569 0.0503885 0.15461 -0.000910202 0.0060009 1.65265 0.504928 0.828949 0.0918397 0.0303789 0.830207 0 4 24 1.78855 0.175057  0 2 25 0.960483 0.340188  0 0 26 0.923244 0.177816  0 2 26 0.879087 0.944924  0 3 25 0.832635 0.472587 
19000 24 0 2 0 4 24 3.73569 0.0503885 0.16541 -0.000910202 0.0060009 1.65265 0.504928 0.828949 0.0918397 0.0303789 0.830207 0 0 25 2.3526 1.62414  0 4 24 1.78855 0.175057  0 2 25 0.960483 0.340188  0 0 26 0.923244 0.177816  0 2 26 0.879087 0.944924 
19500 24 0 2 0 1 24 3.73569 0.0503885 0.176046 -0.000910202 0.0060009 2.40744 0.517465 0.828949 0.0918397 0.0221469 0.824204 0 0 25 2.3526 1.62414  0 1 24 2.34593 0.261121  0 4 24 1.78855 0.175057  0 4 23 1.66136 0.485539  0 2 25 0.960483 0.340188 
20000 26 0 1 0 1 24 3.76341 0.0451028 0.186817 0.00044437 0.00442142 2.40744 0.517465 0.881533 0.0405022 0.0221469 0.824204 0 0 25 2.3526 1.62414  0 1 24 2.34593 0.261121  0 4 24 1.78855 0.175057  0 4 23 1.66136 0.485539  0 5 23 1.43642 0.683565 
