500 2 0 2 0 1 3 3.57879 0.291905 0.679232 0.0728035 0.46254 1.07924 1.5661 0.412968 0.542105 0.170639 0.619962 0 0 3 3.24408 0.03609  0 1 3 1.79991 1.59762  0 2 3 1.5017 1.42632  0 0 2 1.41047 1.48761  0 0 1 1.24432 1.62497 
1000 2 0 2 0 0 4 3.6426 0.153565 1.0893 0.340791 1.069 2.56558 0.411376 0.415598 0.536411 0.146338 0.769491 0 0 3 3.62841 0.044584  0 0 4 2.47053 0.0414539  0 0 2 2.11579 1.2916  0 2 3 2.03683 1.74129  0 1 3 1.79991 1.59762 
1500 0 0 3 0 0 4 3.73888 0.0481854 1.26368 0.541175 1.33898 0.854017 1.56492 0.17366 0.750906 0.0211849 0.833359 0 0 3 3.73888 0.0481854  0 0 4 3.64328 0.0408231  0 1 3 2.47425 1.32415  0 1 4 2.34678 1.62095  0 0 2 2.11579 1.2916 
2000 1 0 3 0 0 4 3.73917 0.0467574 1.34418 0.00408841 0.0320665 0.869531 1.59087 0.211685 0.715506 0.0373087 0.777757 0 0 3 3.73888 0.0481854  0 0 4 3.705 0.0498647  0 1 3 2.6966 1.46322  0 1 4 2.34678 1.62095  0 0 2 2.11579 1.2916 
2500 0 0 4 0 0 3 3.74124 0.0461653 1.41641 0.0447175 0.396257 0.541175 1.33898 0.120963 0.805806 0.0782504 0.466162 0 0 4 3.74124 0.0461653  0 0 3 3.73888 0.0481854  0 1 3 2.6966 1.46322  0 1 4 2.34678 1.62095  0 0 2 2.25038 1.8282 
3000 1 0 3 0 0 3 3.74834 0.0476446 1.4429 0.0402706 0.416684 0.541175 1.33898 0.284814 0.644257 0.0782504 0.466162 0 0 4 3.74124 0.0461653  0 0 3 3.73888 0.0481854  0 1 3 2.6966 1.46322  0 1 4 2.34678 1.62095  0 0 2 2.25038 1.8282 
3500 1 0 3 0 0 3 3.74834 0.0476446 1.46877 0.0402706 0.416684 0.541175 1.33898 0.284814 0.644257 0.0782504 0.466162 0 0 4 3.74124 0.0461653  0 0 3 3.73888 0.0481854  0 1 3 2.6966 1.46322  0 1 4 2.34678 1.62095  0 0 2 2.33931 1.49545 
4000 1 0 3 0 1 3 3.74834 0.0476446 1.48044 0.0402706 0.416684 0.512351 1.2683 0.284814 0.644257 0.0777658 0.533181 0 0 4 3.74124 0.0461653  0 0 3 3.73925 0.145953  0 1 3 2.6966 1.46322  0 0 2 2.49207 1.74354  0 1 4 2.34678 1.62095 
4500 1 0 3 0 1 3 3.74834 0.0476446 1.50716 0.0402706 0.416684 0.512351 1.2683 0.284814 0.644257 0.0777658 0.533181 0 0 4 3.74124 0.0461653  0 0 3 3.74119 0.0525234  0 1 3 2.6966 1.46322  0 0 2 2.60271 1.70397  0 1 4 2.34678 1.62095 
5000 0 0 3 0 1 3 3.76024 0.0483432 1.51331 0.00200581 0.0161248 0.512351 1.2683 0.172266 0.759471 0.0777658 0.533181 0 0 3 3.76024 0.0483432  0 0 4 3.74124 0.0461653  0 1 3 2.6966 1.46322  0 0 2 2.60271 1.70397  0 1 4 2.34678 1.62095 
5500 0 0 3 0 1 3 3.76024 0.0483432 1.51778 0.00200581 0.0161248 0.512351 1.2683 0.172266 0.759471 0.0777658 0.533181 0 0 3 3.76024 0.0483432  0 0 4 3.74124 0.0461653  0 1 3 2.6966 1.46322  0 0 2 2.60271 1.70397  0 1 4 2.34678 1.62095 
6000 0 0 3 0 1 3 3.76024 0.0483432 1.521 0.00200581 0.0161248 0.512351 1.2683 0.172266 0.759471 0.0777658 0.533181 0 0 3 3.76024 0.0483432  0 0 4 3.74124 0.0461653  0 1 3 2.6966 1.46322  0 0 2 2.60271 1.70397  0 1 4 2.34678 1.62095 
6500 0 0 3 0 1 3 3.76024 0.0483432 1.54057 0.00200581 0.0161248 0.512351 1.2683 0.172266 0.759471 0.0777658 0.533181 0 0 3 3.76024 0.0483432  0 0 4 3.74124 0.0461653  0 0 2 2.7202 1.66565  0 1 3 2.6966 1.46322  0 1 4 2.34678 1.62095 
7000 0 0 3 0 1 3 3.76024 0.0483432 1.5504 0.00200581 0.0161248 0.512351 1.2683 0.172266 0.759471 0.0777658 0.533181 0 0 3 3.76024 0.0483432  0 0 4 3.74124 0.0461653  0 0 2 2.7202 1.66565  0 1 3 2.6966 1.46322  0 1 4 2.34678 1.62095 
7500 0 0 3 0 1 3 3.76361 0.0507546 1.55787 0.0417312 0.416569 0.512351 1.2683 0.152398 0.781052 0.0777658 0.533181 0 0 3 3.76361 0.0507546  0 0 4 3.74124 0.0461653  0 0 2 2.7202 1.66565  0 1 3 2.6966 1.46322  0 1 4 2.34678 1.62095 
8000 0 0 3 0 1 3 3.76988 0.0485455 1.56003 0.00160492 0.0159688 0.512351 1.2683 0.176305 0.761568 0.0777658 0.533181 0 0 3 3.76988 0.0485455  0 0 4 3.74124 0.0461653  0 0 2 2.7202 1.66565  0 1 3 2.6966 1.46322  0 1 4 2.34678 1.62095 
8500 0 0 3 0 1 3 3.76988 0.0485455 1.56923 0.00160492 0.0159688 1.10123 1.62953 0.176305 0.761568 0.0690925 0.820975 0 0 3 3.76988 0.0485455  0 0 4 3.74124 0.0461653  0 0 2 2.7202 1.66565  0 1 3 2.69836 1.47831  0 1 4 2.34678 1.62095 
9000 0 0 3 0 1 3 3.77017 0.0477238 1.57203 -0.000745829 0.0172327 1.10123 1.62953 0.178047 0.758204 0.0690925 0.820975 0 0 3 3.77017 0.0477238  0 0 4 3.74124 0.0461653  0 0 2 2.7202 1.66565  0 1 3 2.69836 1.47831  0 1 4 2.44388 1.43291 
9500 0 0 3 0 1 3 3.77017 0.0477238 1.57562 -0.000745829 0.0172327 1.10123 1.62953 0.178047 0.758204 0.0690925 0.820975 0 0 3 3.77017 0.0477238  0 0 4 3.74124 0.0461653  0 0 2 2.7202 1.66565  0 1 3 2.69836 1.47831  0 1 4 2.44388 1.43291 
10000 0 0 3 0 1 3 3.77017 0.0477238 1.57997 -0.000745829 0.0172327 1.10123 1.62953 0.178047 0.758204 0.0690925 0.820975 0 0 3 3.77017 0.0477238  0 0 4 3.74124 0.0461653  0 0 2 2.7202 1.66565  0 1 3 2.69836 1.47831  0 1 4 2.44388 1.43291 
10500 0 0 3 0 1 3 3.77017 0.0477238 1.58747 -0.000745829 0.0172327 1.10123 1.62953 0.178047 0.758204 0.0690925 0.820975 0 0 3 3.77017 0.0477238  0 0 4 3.74124 0.0461653  0 0 2 2.7202 1.66565  0 1 3 2.69836 1.47831  0 1 4 2.44388 1.43291 
11000 0 0 3 0 1 3 3.77017 0.0477238 1.58912 -0.000745829 0.0172327 1.10123 1.62953 0.178047 0.758204 0.0690925 0.820975 0 0 3 3.77017 0.0477238  0 0 4 3.74124 0.0461653  0 0 2 2.7202 1.66565  0 1 3 2.69836 1.47831  0 1 4 2.44388 1.43291 
11500 0 0 3 0 1 3 3.77017 0.0477238 1.59158 -0.000745829 0.0172327 1.10123 1.62953 0.178047 0.758204 0.0690925 0.820975 0 0 3 3.77017 0.0477238  0 0 4 3.74124 0.0461653  0 0 2 2.7202 1.66565  0 1 3 2.69836 1.47831  0 1 4 2.44388 1.43291 
12000 0 0 3 0 1 3 3.77017 0.0477238 1.59354 -0.000745829 0.0172327 1.10123 1.62953 0.178047 0.758204 0.0690925 0.820975 0 0 3 3.77017 0.0477238  0 0 4 3.74124 0.0461653  0 0 2 2.7202 1.66565  0 1 3 2.69836 1.47831  0 1 4 2.44388 1.43291 
12500 0 0 3 0 1 3 3.77017 0.0477238 1.60513 -0.000745829 0.0172327 1.10123 1.62953 0.178047 0.758204 0.0690925 0.820975 0 0 3 3.77017 0.0477238  0 0 4 3.7418 0.0420473  0 0 2 2.83138 1.5109  0 1 3 2.69836 1.47831  0 1 4 2.44388 1.43291 
13000 0 0 3 0 1 3 3.77766 0.0527006 1.60932 -0.000753185 0.0172386 1.10123 1.62953 0.177319 0.762003 0.0690925 0.820975 0 0 3 3.77766 0.0527006  0 0 4 3.7418 0.0420473  0 0 2 2.83138 1.5109  0 1 3 2.69836 1.47831  0 1 4 2.58674 1.35963 
13500 0 0 3 0 1 3 3.77766 0.0527006 1.61815 -0.000753185 0.0172386 1.10123 1.62953 0.177319 0.762003 0.0690925 0.820975 0 0 3 3.77766 0.0527006  0 0 4 3.7418 0.0420473  0 0 2 2.83138 1.5109  0 1 3 2.69836 1.47831  0 1 4 2.58674 1.35963 
14000 0 0 3 0 1 3 3.77766 0.0527006 1.62369 -0.000753185 0.0172386 1.10123 1.62953 0.177319 0.762003 0.0690925 0.820975 0 0 3 3.77766 0.0527006  0 0 4 3.74638 0.0525833  0 0 2 2.83138 1.5109  0 1 3 2.69836 1.47831  0 1 4 2.58674 1.35963 
14500 0 0 3 0 1 3 3.77766 0.0527006 1.62761 -0.000753185 0.0172386 1.10123 1.62953 0.177319 0.762003 0.0690925 0.820975 0 0 3 3.77766 0.0527006  0 0 4 3.75768 0.0434837  0 0 2 2.83138 1.5109  0 1 3 2.69836 1.47831  0 1 4 2.58674 1.35963 
15000 4 0 0 0 1 3 3.78435 0.0479472 1.62847 0.00087591 0.0116667 1.10123 1.62953 0.834193 0.0934052 0.0690925 0.820975 0 0 3 3.77766 0.0527006  0 0 4 3.76616 0.0450288  0 0 2 2.83138 1.5109  0 1 3 2.69836 1.47831  0 1 4 2.58674 1.35963 
15500 4 0 0 0 1 3 3.78435 0.0479472 1.63038 0.00087591 0.0116667 1.10123 1.62953 0.834193 0.0934052 0.0690925 0.820975 0 0 3 3.77766 0.0527006  0 0 4 3.77048 0.0482517  0 0 2 2.83138 1.5109  0 1 4 2.77357 1.49926  0 1 3 2.69836 1.47831 
16000 3 0 0 0 0 2 3.78454 0.0487522 1.63186 0.00110391 0.0142404 0.135679 0.655206 0.775454 0.161819 0.957628 0.0188138 0 0 4 3.78005 0.0464932  0 0 3 3.77766 0.0527006  0 0 2 2.83138 1.5109  0 1 3 2.79638 1.48975  0 1 4 2.77357 1.49926 
16500 3 0 0 0 0 2 3.78454 0.0487522 1.6327 0.00110391 0.0142404 0.135679 0.655206 0.775454 0.161819 0.957628 0.0188138 0 0 4 3.78036 0.0434143  0 0 3 3.77766 0.0527006  0 0 2 2.83138 1.5109  0 1 3 2.79638 1.48975  0 1 4 2.77357 1.49926 
17000 3 0 0 0 0 2 3.78454 0.0487522 1.63395 0.00110391 0.0142404 0.135679 0.655206 0.775454 0.161819 0.957628 0.0188138 0 0 4 3.78448 0.0455967  0 0 3 3.77766 0.0527006  0 0 2 2.83138 1.5109  0 1 3 2.79638 1.48975  0 1 4 2.77357 1.49926 
17500 3 0 0 0 0 2 3.78454 0.0487522 1.63406 0.00110391 0.0142404 0.135679 0.655206 0.775454 0.161819 0.957628 0.0188138 0 0 4 3.78448 0.0455967  0 0 3 3.77911 0.0480127  0 0 2 2.83138 1.5109  0 1 3 2.79638 1.48975  0 1 4 2.77357 1.49926 
18000 3 0 0 0 0 2 3.78454 0.0487522 1.63436 0.00110391 0.0142404 0.135679 0.655206 0.775454 0.161819 0.957628 0.0188138 0 0 4 3.78448 0.0455967  0 0 3 3.77911 0.0480127  0 0 2 2.83138 1.5109  0 1 3 2.79638 1.48975  0 1 4 2.77357 1.49926 
18500 3 0 0 0 0 2 3.78454 0.0487522 1.63797 0.00110391 0.0142404 0.135679 0.655206 0.775454 0.161819 0.957628 0.0188138 0 0 4 3.78448 0.0455967  0 0 3 3.77911 0.0480127  0 0 2 2.83138 1.5109  0 1 3 2.79638 1.48975  0 1 4 2.77357 1.49926 
19000 4 0 0 0 0 2 3.79334 0.0468668 1.64056 0.00123918 0.0136188 0.135679 0.655206 0.800001 0.134506 0.957628 0.0188138 0 0 4 3.78448 0.0455967  0 0 3 3.77911 0.0480127  0 0 2 2.83138 1.5109  0 1 3 2.79638 1.48975  0 1 4 2.77357 1.49926 
19500 4 0 0 0 0 2 3.79334 0.0468668 1.64153 0.00123918 0.0136188 0.135679 0.655206 0.800001 0.134506 0.957628 0.0188138 0 0 4 3.78448 0.0455967  0 0 3 3.77911 0.0480127  0 0 2 2.83138 1.5109  0 1 3 2.79638 1.48975  0 1 4 2.77357 1.49926 
20000 4 0 0 0 0 2 3.79334 0.0468668 1.64501 0.00123918 0.0136188 0.135679 0.655206 0.800001 0.134506 0.957628 0.0188138 0 0 4 3.78448 0.0455967  0 0 3 3.77986 0.0432244  0 1 4 2.84446 1.51173  0 0 2 2.83138 1.5109  0 1 3 2.79638 1.48975 
