500 7 0 6 0 0 9 2.01955 0.0437668 0.00992403 -0.000697884 0.0107576 0.202083 0.616803 0.469515 0.46284 0.286364 0.681456 0 0 9 0.082147 0.369324  0 0 5 0.0481307 0.182829  0 10 14 0.0414437 0.249172  0 7 14 0.0271825 0.135043  0 12 14 0.0262591 0.159301 
1000 3 0 10 0 0 9 3.15914 0.366895 0.0296103 0.0383186 0.345107 0.202083 0.616803 0.224661 0.700962 0.286364 0.681456 0 0 12 0.213963 0.351588  0 0 4 0.213713 0.605179  0 0 9 0.082147 0.369324  0 2 5 0.0515416 0.379022  0 1 11 0.0484986 0.265845 
1500 5 0 8 0 0 11 3.20018 0.0393824 0.0457148 0.000258587 0.00644721 0.118829 0.50042 0.364357 0.577307 0.0195507 0.725109 0 0 11 0.774939 1.09629  0 0 6 0.352017 0.755391  0 0 4 0.228626 0.656326  0 3 11 0.220867 0.548226  0 0 12 0.213963 0.351588 
2000 6 0 8 0 0 13 3.54964 0.034106 0.0678069 0.0354549 0.324404 0.807804 0.817517 0.420329 0.539039 0.012053 0.885389 0 4 8 0.922994 1.46304  0 0 11 0.774939 1.09629  0 2 5 0.760485 1.39108  0 0 13 0.549705 0.73056  0 5 9 0.490332 0.989138 
2500 7 0 7 0 0 13 3.65588 0.0407137 0.100904 0.00417678 0.0290352 1.29335 0.669936 0.483638 0.475743 0.0219491 0.87073 0 0 12 1.65867 0.0415954  0 0 13 1.25131 0.635637  0 0 5 1.15035 1.69005  0 4 8 0.922994 1.46304  0 0 4 0.797035 1.3212 
3000 8 0 6 0 0 12 3.6562 0.0337889 0.145948 0.117231 0.620191 1.58889 0.490343 0.552232 0.405024 0.116562 0.761406 0 0 12 1.67246 0.0386889  0 0 13 1.25131 0.635637  0 0 5 1.15035 1.69005  0 4 8 0.922994 1.46304  0 0 4 0.797035 1.3212 
3500 8 0 6 0 0 12 3.6562 0.0337889 0.19257 0.117231 0.620191 1.66495 0.330378 0.552232 0.405024 0.0988377 0.788729 0 0 12 1.67629 0.0408422  0 0 7 1.6316 1.68075  0 0 13 1.30308 0.59402  0 0 5 1.15035 1.69005  0 3 7 1.12289 1.53771 
4000 6 0 7 0 0 12 3.67085 0.0703996 0.254948 0.00448633 0.0335256 1.66495 0.330378 0.456114 0.497845 0.0988377 0.788729 0 0 12 1.67629 0.0408422  0 0 7 1.6316 1.68075  0 0 13 1.30308 0.59402  0 0 5 1.15035 1.69005  0 3 7 1.12289 1.53771 
4500 6 0 7 0 1 11 3.67085 0.0703996 0.314291 0.00448633 0.0335256 2.19721 1.47054 0.456114 0.497845 0.140959 0.791991 0 0 12 1.67629 0.0408422  0 0 7 1.6316 1.68075  0 0 11 1.47561 1.60148  0 1 11 1.45561 1.59022  0 0 13 1.30308 0.59402 
5000 6 0 7 0 1 11 3.67085 0.0703996 0.387016 0.00448633 0.0335256 2.19721 1.47054 0.456114 0.497845 0.140959 0.791991 0 0 12 1.68439 0.0356435  0 0 7 1.6316 1.68075  0 0 13 1.58069 0.168495  0 0 11 1.47561 1.60148  0 1 11 1.45561 1.59022 
5500 8 0 5 0 1 11 3.69871 0.045361 0.442059 0.00202064 0.0161794 2.19721 1.47054 0.579193 0.374473 0.140959 0.791991 0 0 12 1.68439 0.0356435  0 0 7 1.6316 1.68075  0 0 13 1.58069 0.168495  0 0 11 1.47561 1.60148  0 1 11 1.45561 1.59022 
6000 9 0 4 0 0 12 3.72045 0.0421682 0.496705 0.0391974 0.353328 1.67528 0.330432 0.621427 0.328068 0.111301 0.778149 0 0 6 1.75359 1.6581  0 0 12 1.68439 0.0356435  0 0 7 1.6316 1.68075  0 0 13 1.58069 0.168495  0 0 11 1.47561 1.60148 
6500 9 0 5 0 1 11 3.72319 0.048424 0.542148 0.0734652 0.480171 2.22067 0.339686 0.611203 0.334505 0.0223509 0.810536 0 1 11 2.12063 0.231585  0 0 6 1.75359 1.6581  0 0 12 1.68439 0.0356435  0 0 7 1.6316 1.68075  0 0 13 1.58069 0.168495 
7000 9 0 5 0 0 12 3.72319 0.048424 0.578472 0.0734652 0.480171 2.23895 0.330659 0.611203 0.334505 0.0507974 0.814044 0 0 11 3.09584 1.30494  0 0 12 2.19913 0.0415316  0 1 11 2.12063 0.231585  0 1 12 1.81287 0.848241  0 0 6 1.75359 1.6581 
7500 9 0 5 0 0 12 3.72319 0.048424 0.602717 0.0734652 0.480171 3.33173 0.448824 0.611203 0.334505 0.0342156 0.849703 0 0 11 3.09584 1.30494  0 0 12 3.01509 0.551551  0 1 11 2.15442 0.0530906  0 2 11 1.85282 0.326674  0 1 12 1.81287 0.848241 
8000 9 0 5 0 0 12 3.72319 0.048424 0.625216 0.0734652 0.480171 3.56135 0.583608 0.611203 0.334505 0.0603462 0.854489 0 0 12 3.35264 0.346791  0 0 11 3.09584 1.30494  0 0 8 2.42559 1.63325  0 1 11 2.15442 0.0530906  0 2 11 1.85282 0.326674 
8500 9 0 5 0 0 12 3.72319 0.048424 0.646255 0.0734652 0.480171 3.56135 0.583608 0.611203 0.334505 0.0603462 0.854489 0 0 12 3.35264 0.346791  0 0 11 3.09584 1.30494  0 1 11 2.67575 0.291249  0 0 8 2.42559 1.63325  0 2 11 1.85282 0.326674 
9000 9 0 4 0 0 12 3.75509 0.0441428 0.663094 0.00104845 0.0104319 3.61374 0.403576 0.646787 0.299921 0.156769 0.76251 0 0 12 3.68013 0.0767255  0 0 11 3.09584 1.30494  0 1 11 2.67575 0.291249  0 0 8 2.45634 1.73478  0 0 6 1.95466 1.72288 
9500 9 0 4 0 0 12 3.75509 0.0441428 0.683628 0.00104845 0.0104319 3.61374 0.403576 0.646787 0.299921 0.156769 0.76251 0 0 12 3.68013 0.0767255  0 0 11 3.09584 1.30494  0 1 11 2.67575 0.291249  0 0 8 2.45634 1.73478  0 0 6 1.95466 1.72288 
10000 9 0 4 0 0 12 3.75509 0.0441428 0.700261 0.00104845 0.0104319 3.61374 0.403576 0.646787 0.299921 0.156769 0.76251 0 0 12 3.68013 0.0767255  0 0 11 3.13302 1.26458  0 1 11 2.67575 0.291249  0 0 8 2.45634 1.73478  0 0 6 1.95466 1.72288 
10500 9 0 4 0 0 12 3.75509 0.0441428 0.717214 0.00104845 0.0104319 3.61374 0.403576 0.646787 0.299921 0.156769 0.76251 0 0 12 3.68013 0.0767255  0 0 11 3.13302 1.26458  0 0 9 2.82555 1.54238  0 1 11 2.7017 0.13295  0 0 8 2.45634 1.73478 
11000 9 0 4 0 0 12 3.75509 0.0441428 0.734559 0.00104845 0.0104319 3.61374 0.403576 0.646787 0.299921 0.156769 0.76251 0 0 12 3.68013 0.0767255  0 0 11 3.13302 1.26458  0 0 9 2.82555 1.54238  0 1 11 2.7017 0.13295  0 1 12 2.64188 0.18418 
11500 9 0 4 0 0 12 3.75509 0.0441428 0.749556 0.00104845 0.0104319 3.61374 0.403576 0.646787 0.299921 0.156769 0.76251 0 0 12 3.68013 0.0767255  0 0 11 3.13302 1.26458  0 1 12 2.9026 0.291264  0 0 9 2.82555 1.54238  0 1 11 2.7017 0.13295 
12000 9 0 4 0 0 12 3.75509 0.0441428 0.76201 0.00104845 0.0104319 3.61374 0.403576 0.646787 0.299921 0.156769 0.76251 0 0 12 3.68013 0.0767255  0 0 11 3.13302 1.26458  0 1 12 2.9026 0.291264  0 0 9 2.82555 1.54238  0 1 11 2.7017 0.13295 
12500 9 0 4 0 0 12 3.75509 0.0441428 0.773792 0.00104845 0.0104319 3.61374 0.403576 0.646787 0.299921 0.156769 0.76251 0 0 12 3.68013 0.0767255  0 0 11 3.29918 0.754348  0 1 12 2.9026 0.291264  0 0 9 2.82555 1.54238  0 1 11 2.7017 0.13295 
13000 9 0 4 0 0 12 3.75509 0.0441428 0.78687 0.00104845 0.0104319 3.61374 0.403576 0.646787 0.299921 0.156769 0.76251 0 0 12 3.68013 0.0767255  0 0 11 3.29918 0.754348  0 1 12 2.9026 0.291264  0 0 9 2.82555 1.54238  0 1 11 2.7017 0.13295 
13500 9 0 4 0 0 12 3.75509 0.0441428 0.800449 0.00104845 0.0104319 3.61374 0.403576 0.646787 0.299921 0.156769 0.76251 0 0 12 3.68013 0.0767255  0 0 11 3.32484 1.03917  0 1 12 2.9026 0.291264  0 0 9 2.82555 1.54238  0 1 11 2.7017 0.13295 
14000 9 0 4 0 0 12 3.75509 0.0441428 0.810666 0.00104845 0.0104319 3.61374 0.403576 0.646787 0.299921 0.156769 0.76251 0 0 12 3.68013 0.0767255  0 0 11 3.36636 0.890859  0 1 12 2.9026 0.291264  0 0 9 2.82555 1.54238  0 1 11 2.7017 0.13295 
14500 9 0 4 0 0 12 3.75509 0.0441428 0.823582 0.00104845 0.0104319 3.61374 0.403576 0.646787 0.299921 0.156769 0.76251 0 0 12 3.68013 0.0767255  0 0 11 3.36636 0.890859  0 1 12 2.9026 0.291264  0 0 9 2.82555 1.54238  0 1 11 2.7017 0.13295 
15000 9 0 4 0 0 12 3.75509 0.0441428 0.836913 0.00104845 0.0104319 3.61374 0.403576 0.646787 0.299921 0.156769 0.76251 0 0 12 3.68013 0.0767255  0 0 11 3.36636 0.890859  0 1 12 2.9026 0.291264  0 0 9 2.82555 1.54238  0 1 11 2.7017 0.13295 
15500 9 0 4 0 0 12 3.75509 0.0441428 0.848243 0.00104845 0.0104319 3.61374 0.403576 0.646787 0.299921 0.156769 0.76251 0 0 12 3.68013 0.0767255  0 0 11 3.36636 0.890859  0 1 12 2.9026 0.291264  0 0 9 2.82555 1.54238  0 1 11 2.7017 0.13295 
16000 9 0 4 0 0 12 3.75509 0.0441428 0.858681 0.00104845 0.0104319 3.61374 0.403576 0.646787 0.299921 0.156769 0.76251 0 0 12 3.68013 0.0767255  0 0 11 3.36636 0.890859  0 1 12 2.9026 0.291264  0 0 9 2.82555 1.54238  0 1 11 2.7017 0.13295 
16500 9 0 4 0 0 12 3.75509 0.0441428 0.866237 0.00104845 0.0104319 3.61374 0.403576 0.646787 0.299921 0.156769 0.76251 0 0 12 3.68013 0.0767255  0 0 11 3.36636 0.890859  0 1 12 2.9026 0.291264  0 0 9 2.82555 1.54238  0 1 11 2.7017 0.13295 
17000 9 0 4 0 0 12 3.75509 0.0441428 0.876304 0.00104845 0.0104319 3.61374 0.403576 0.646787 0.299921 0.156769 0.76251 0 0 12 3.68013 0.0767255  0 0 11 3.36636 0.890859  0 0 10 3.03958 1.27384  0 1 12 2.9026 0.291264  0 0 9 2.82555 1.54238 
17500 9 0 4 0 0 12 3.75509 0.0441428 0.887011 0.00104845 0.0104319 3.61374 0.403576 0.646787 0.299921 0.156769 0.76251 0 0 12 3.68013 0.0767255  0 0 11 3.36636 0.890859  0 0 10 3.03958 1.27384  0 1 12 2.9026 0.291264  0 0 9 2.82555 1.54238 
18000 9 0 4 0 0 12 3.75509 0.0441428 0.894146 0.00104845 0.0104319 3.61374 0.403576 0.646787 0.299921 0.156769 0.76251 0 0 12 3.68013 0.0767255  0 0 11 3.36636 0.890859  0 0 10 3.03958 1.27384  0 1 12 2.9026 0.291264  0 0 9 2.82555 1.54238 
18500 9 0 4 0 0 12 3.75509 0.0441428 0.902564 0.00104845 0.0104319 3.61374 0.403576 0.646787 0.299921 0.156769 0.76251 0 0 12 3.68013 0.0767255  0 0 11 3.36636 0.890859  0 0 10 3.03958 1.27384  0 1 12 2.9026 0.291264  0 0 9 2.82555 1.54238 
19000 9 0 4 0 0 12 3.75509 0.0441428 0.908503 0.00104845 0.0104319 3.61374 0.403576 0.646787 0.299921 0.156769 0.76251 0 0 12 3.68013 0.0767255  0 0 11 3.36636 0.890859  0 0 10 3.03958 1.27384  0 1 12 2.9026 0.291264  0 0 9 2.82555 1.54238 
19500 9 0 4 0 0 12 3.75509 0.0441428 0.915025 0.00104845 0.0104319 3.61374 0.403576 0.646787 0.299921 0.156769 0.76251 0 0 12 3.68013 0.0767255  0 0 11 3.36636 0.890859  0 0 10 3.03958 1.27384  0 1 12 2.9026 0.291264  0 0 9 2.82555 1.54238 
20000 9 0 4 0 0 12 3.75509 0.0441428 0.92281 0.00104845 0.0104319 3.61374 0.403576 0.646787 0.299921 0.156769 0.76251 0 0 12 3.68013 0.0767255  0 0 11 3.36636 0.890859  0 0 10 3.03958 1.27384  0 1 12 2.9026 0.291264  0 0 9 2.82555 1.54238 
