500 4 0 9 0 4 10 3.23256 0.0322766 0.0194645 -0.0111876 0.0174275 0.145535 0.679122 0.324267 0.617001 0.0212465 0.568482 0 0 9 0.162576 0.707826  0 4 10 0.114193 0.566679  0 3 9 0.102667 0.525029  0 11 14 0.035024 0.138365  0 13 14 0.0301536 0.133726 
1000 6 0 8 0 4 11 3.38661 0.0361578 0.0470849 -0.00225892 0.0304865 0.729368 1.34091 0.411873 0.545161 0.634282 0.849453 0 0 8 0.651689 1.29735  0 4 11 0.460276 1.09211  0 1 10 0.441208 1.15694  0 0 2 0.403511 1.06552  0 2 8 0.257759 0.878622 
1500 6 0 7 0 4 11 3.52593 0.041876 0.0815236 0.00280713 0.0261137 0.729368 1.34091 0.444825 0.507803 0.634282 0.849453 0 0 10 0.821824 1.51439  0 0 8 0.651689 1.29735  0 1 8 0.544301 1.24191  0 4 11 0.460276 1.09211  0 1 10 0.441208 1.15694 
2000 5 0 8 0 0 12 3.58365 0.0402275 0.123291 0.526169 1.29922 2.5035 0.984217 0.391467 0.560997 0.0897653 0.770426 0 0 12 2.82626 0.348336  0 0 13 1.72683 1.4426  0 1 10 0.833523 1.38911  0 3 11 0.827106 1.35038  0 1 11 0.826889 1.40188 
2500 9 0 4 0 0 12 3.63879 0.0494146 0.16154 0.238263 0.884128 2.64519 0.78411 0.628538 0.302409 0.0774111 0.799326 0 0 12 2.84258 0.0384059  0 0 13 1.72683 1.4426  0 2 11 1.71029 1.40534  0 0 10 0.917688 1.47697  0 1 10 0.833523 1.38911 
3000 9 0 4 0 0 12 3.63879 0.0494146 0.218288 0.238263 0.884128 2.13309 1.45323 0.628538 0.302409 0.0339362 0.83799 0 0 12 2.99708 0.462027  0 1 12 2.85147 0.376873  0 0 10 1.87786 1.71478  0 0 13 1.72683 1.4426  0 2 11 1.71029 1.40534 
3500 9 0 4 0 0 12 3.63879 0.0494146 0.27631 0.238263 0.884128 2.13309 1.45323 0.628538 0.302409 0.0339362 0.83799 0 0 12 2.99708 0.462027  0 1 12 2.85147 0.376873  0 0 10 1.87786 1.71478  0 0 13 1.72683 1.4426  0 2 11 1.71029 1.40534 
4000 8 0 5 0 0 12 3.68231 0.0536161 0.325921 0.00304925 0.0245421 2.13309 1.45323 0.575931 0.352754 0.0339362 0.83799 0 0 12 2.99708 0.462027  0 1 12 2.85147 0.376873  0 0 11 2.42685 1.55997  0 0 10 1.87786 1.71478  0 0 13 1.72683 1.4426 
4500 8 0 5 0 1 12 3.68231 0.0536161 0.366998 0.00304925 0.0245421 1.98721 1.35494 0.575931 0.352754 0.0726057 0.737389 0 0 12 3.05426 0.0383139  0 1 12 2.85147 0.376873  0 0 11 2.42685 1.55997  0 0 10 1.87786 1.71478  0 3 13 1.83617 1.26617 
5000 10 0 3 0 1 12 3.74668 0.0549891 0.414674 0.00104466 0.0103942 1.98721 1.35494 0.671189 0.254164 0.0726057 0.737389 0 0 12 3.10453 0.0445204  0 1 12 2.85147 0.376873  0 0 11 2.42685 1.55997  0 0 10 1.87786 1.71478  0 3 13 1.83617 1.26617 
5500 10 0 3 0 1 11 3.74668 0.0549891 0.464523 0.00104466 0.0103942 2.53505 0.356253 0.671189 0.254164 0.0684619 0.779931 0 0 12 3.10453 0.0445204  0 1 12 2.85147 0.376873  0 0 11 2.42685 1.55997  0 1 11 2.32089 0.0750805  0 2 11 2.10439 0.688516 
6000 10 0 3 0 1 11 3.74668 0.0549891 0.51002 0.00104466 0.0103942 2.53505 0.356253 0.671189 0.254164 0.0684619 0.779931 0 0 12 3.11382 0.0427993  0 1 12 2.85147 0.376873  0 0 13 2.7738 0.495097  0 0 11 2.42685 1.55997  0 1 11 2.32089 0.0750805 
6500 10 0 3 0 1 11 3.74668 0.0549891 0.545668 0.00104466 0.0103942 2.53505 0.356253 0.671189 0.254164 0.0684619 0.779931 0 0 12 3.11382 0.0427993  0 1 12 2.85147 0.376873  0 0 13 2.7738 0.495097  0 0 11 2.42685 1.55997  0 1 11 2.32089 0.0750805 
7000 10 0 3 0 1 11 3.74668 0.0549891 0.57946 0.00104466 0.0103942 2.53505 0.356253 0.671189 0.254164 0.0684619 0.779931 0 0 12 3.11382 0.0427993  0 1 12 2.85147 0.376873  0 0 13 2.7738 0.495097  0 0 11 2.65159 0.80023  0 1 11 2.32089 0.0750805 
7500 10 0 3 0 1 11 3.74668 0.0549891 0.612317 0.00104466 0.0103942 2.53505 0.356253 0.671189 0.254164 0.0684619 0.779931 0 0 12 3.11382 0.0427993  0 1 12 2.85147 0.376873  0 0 13 2.7738 0.495097  0 0 11 2.65159 0.80023  0 1 11 2.32089 0.0750805 
8000 10 0 3 0 1 11 3.74668 0.0549891 0.635006 0.00104466 0.0103942 2.53505 0.356253 0.671189 0.254164 0.0684619 0.779931 0 0 12 3.11382 0.0427993  0 1 12 2.85147 0.376873  0 0 13 2.7738 0.495097  0 0 11 2.65159 0.80023  0 1 11 2.32089 0.0750805 
8500 10 0 3 0 1 11 3.74668 0.0549891 0.653635 0.00104466 0.0103942 2.53505 0.356253 0.671189 0.254164 0.0684619 0.779931 0 0 12 3.28924 0.661957  0 1 12 2.85147 0.376873  0 0 13 2.7738 0.495097  0 0 11 2.65159 0.80023  0 1 11 2.32089 0.0750805 
9000 10 0 3 0 1 11 3.74668 0.0549891 0.674171 0.00104466 0.0103942 2.61848 0.36185 0.671189 0.254164 0.0760714 0.779404 0 0 12 3.28924 0.661957  0 1 12 2.85147 0.376873  0 0 13 2.7738 0.495097  0 0 11 2.65159 0.80023  0 1 11 2.33755 0.417203 
9500 10 0 3 0 1 11 3.74668 0.0549891 0.691124 0.00104466 0.0103942 2.86297 0.33832 0.671189 0.254164 0.052422 0.798485 0 0 12 3.28924 0.661957  0 1 12 2.85147 0.376873  0 0 13 2.7738 0.495097  0 0 11 2.65159 0.80023  0 1 11 2.50428 0.0891352 
10000 10 0 3 0 1 11 3.74668 0.0549891 0.704988 0.00104466 0.0103942 2.81954 0.462634 0.671189 0.254164 0.0516705 0.811052 0 0 12 3.28924 0.661957  0 1 12 2.85147 0.376873  0 0 13 2.7738 0.495097  0 0 11 2.65159 0.80023  0 1 11 2.53787 0.191558 
10500 10 0 3 0 1 11 3.74668 0.0549891 0.722093 0.00104466 0.0103942 2.81954 0.462634 0.671189 0.254164 0.0516705 0.811052 0 0 12 3.28924 0.661957  0 1 12 2.85147 0.376873  0 0 13 2.7738 0.495097  0 0 11 2.65159 0.80023  0 1 11 2.53787 0.191558 
11000 10 0 3 0 1 11 3.74668 0.0549891 0.732622 0.00104466 0.0103942 2.20056 1.31627 0.671189 0.254164 0.0398074 0.809767 0 0 12 3.28924 0.661957  0 1 12 2.85147 0.376873  0 0 13 2.7738 0.495097  0 0 11 2.65159 0.80023  0 1 11 2.63193 0.787633 
11500 10 0 3 0 0 11 3.74668 0.0549891 0.745417 0.00104466 0.0103942 3.11568 1.39625 0.671189 0.254164 0.101059 0.824131 0 0 12 3.28924 0.661957  0 1 12 2.85147 0.376873  0 0 11 2.79723 1.26997  0 0 13 2.7738 0.495097  0 1 11 2.63193 0.787633 
12000 10 0 3 0 0 11 3.74668 0.0549891 0.754937 0.00104466 0.0103942 3.11568 1.39625 0.671189 0.254164 0.101059 0.824131 0 0 12 3.67566 0.0528672  0 1 12 2.85147 0.376873  0 0 11 2.79723 1.26997  0 0 13 2.7738 0.495097  0 1 11 2.63193 0.787633 
12500 10 0 3 0 0 11 3.74668 0.0549891 0.765317 0.00104466 0.0103942 3.11568 1.39625 0.671189 0.254164 0.101059 0.824131 0 0 12 3.67566 0.0528672  0 1 12 3.0681 0.397313  0 0 11 2.79723 1.26997  0 0 13 2.7738 0.495097  0 1 11 2.63193 0.787633 
13000 10 0 3 0 1 11 3.74668 0.0549891 0.773556 0.00104466 0.0103942 1.82175 1.59323 0.671189 0.254164 0.021423 0.85295 0 0 12 3.67566 0.0528672  0 1 12 3.0681 0.397313  0 0 11 2.94808 0.930332  0 1 11 2.81575 0.906309  0 0 13 2.7738 0.495097 
13500 3 0 11 0 1 11 3.77086 0.0558247 0.783271 0.0426013 0.416135 1.82175 1.59323 0.200189 0.738374 0.021423 0.85295 0 0 12 3.67566 0.0528672  0 0 11 3.18126 1.26085  0 1 12 3.0681 0.397313  0 1 11 2.81575 0.906309  0 0 13 2.7738 0.495097 
14000 3 0 11 0 0 13 3.77086 0.0558247 0.790253 0.0426013 0.416135 2.97929 1.03888 0.200189 0.738374 0.00479957 0.889333 0 0 12 3.67566 0.0528672  0 0 11 3.18126 1.26085  0 1 12 3.0681 0.397313  0 0 13 2.9913 0.421864  0 1 11 2.81575 0.906309 
14500 3 0 11 0 0 13 3.77086 0.0558247 0.799722 0.0426013 0.416135 2.97929 1.03888 0.200189 0.738374 0.00479957 0.889333 0 0 12 3.67566 0.0528672  0 0 11 3.18126 1.26085  0 1 12 3.0681 0.397313  0 0 13 2.9913 0.421864  0 1 11 2.81575 0.906309 
15000 3 0 11 0 0 13 3.77086 0.0558247 0.805358 0.0426013 0.416135 2.97929 1.03888 0.200189 0.738374 0.00479957 0.889333 0 0 12 3.67566 0.0528672  0 0 11 3.18126 1.26085  0 1 12 3.0681 0.397313  0 0 13 2.9913 0.421864  0 1 11 2.81575 0.906309 
15500 3 0 11 0 0 13 3.77086 0.0558247 0.812517 0.0426013 0.416135 2.97929 1.03888 0.200189 0.738374 0.00479957 0.889333 0 0 12 3.67566 0.0528672  0 0 11 3.18126 1.26085  0 1 12 3.0681 0.397313  0 0 13 2.9913 0.421864  0 1 11 2.81575 0.906309 
16000 3 0 11 0 0 13 3.77086 0.0558247 0.818305 0.0426013 0.416135 2.97929 1.03888 0.200189 0.738374 0.00479957 0.889333 0 0 12 3.67566 0.0528672  0 0 11 3.18126 1.26085  0 1 12 3.0681 0.397313  0 0 13 2.9913 0.421864  0 1 11 2.81575 0.906309 
16500 3 0 11 0 0 13 3.77086 0.0558247 0.825844 0.0426013 0.416135 2.97929 1.03888 0.200189 0.738374 0.00479957 0.889333 0 0 12 3.67566 0.0528672  0 0 11 3.18126 1.26085  0 1 12 3.0681 0.397313  0 0 13 2.9913 0.421864  0 1 11 2.81575 0.906309 
17000 3 0 11 0 0 13 3.77086 0.0558247 0.831048 0.0426013 0.416135 2.97929 1.03888 0.200189 0.738374 0.00479957 0.889333 0 0 12 3.70336 0.0521473  0 0 11 3.18126 1.26085  0 1 12 3.0681 0.397313  0 0 13 2.9913 0.421864  0 1 11 2.81575 0.906309 
17500 3 0 11 0 0 13 3.77086 0.0558247 0.836635 0.0426013 0.416135 2.97929 1.03888 0.200189 0.738374 0.00479957 0.889333 0 0 12 3.70336 0.0521473  0 0 11 3.18126 1.26085  0 1 12 3.0681 0.397313  0 0 13 2.9913 0.421864  0 1 11 2.81575 0.906309 
18000 3 0 11 0 0 13 3.77086 0.0558247 0.841535 0.0426013 0.416135 2.97929 1.03888 0.200189 0.738374 0.00479957 0.889333 0 0 12 3.72479 0.0590564  0 0 11 3.18126 1.26085  0 1 12 3.0681 0.397313  0 0 13 2.9913 0.421864  0 1 11 2.81575 0.906309 
18500 3 0 11 0 0 13 3.77086 0.0558247 0.849348 0.0426013 0.416135 2.97929 1.03888 0.200189 0.738374 0.00479957 0.889333 0 0 12 3.72479 0.0590564  0 0 11 3.18126 1.26085  0 1 12 3.0681 0.397313  0 0 13 2.9913 0.421864  0 1 11 2.81575 0.906309 
19000 3 0 11 0 0 13 3.77086 0.0558247 0.854354 0.0426013 0.416135 2.97929 1.03888 0.200189 0.738374 0.00479957 0.889333 0 0 12 3.72479 0.0590564  0 0 11 3.18126 1.26085  0 1 12 3.0681 0.397313  0 0 13 2.9913 0.421864  0 1 11 2.81575 0.906309 
19500 3 0 11 0 0 13 3.77086 0.0558247 0.860245 0.0426013 0.416135 2.97929 1.03888 0.200189 0.738374 0.00479957 0.889333 0 0 12 3.72479 0.0590564  0 0 11 3.30716 0.996932  0 1 12 3.0681 0.397313  0 0 13 2.9913 0.421864  0 1 11 2.81575 0.906309 
20000 3 0 11 0 0 13 3.77086 0.0558247 0.865301 0.0426013 0.416135 2.97929 1.03888 0.200189 0.738374 0.00479957 0.889333 0 0 12 3.72479 0.0590564  0 0 11 3.30716 0.996932  0 1 12 3.0681 0.397313  0 0 13 2.9913 0.421864  0 1 11 2.81575 0.906309 
