500 2 0 1 0 0 2 3.62206 0.0439014 0.798322 0.00293598 0.0214145 0.243468 0.88623 0.588837 0.372743 0.957688 0.0212175 0 0 3 3.19138 0.0313642  0 2 4 1.93939 1.68062  0 0 2 1.76963 1.76891  0 1 3 1.71922 1.63368  0 3 4 1.23421 1.65556 
1000 2 0 2 0 0 2 3.6463 0.040032 1.08293 0.11799 0.620088 0.717455 1.43191 0.507684 0.447965 0.72801 0.147758 0 0 3 3.56497 0.151456  0 0 4 2.97809 0.798892  0 1 3 2.54019 1.43143  0 0 2 2.17266 1.68822  0 2 4 1.93939 1.68062 
1500 2 0 2 0 0 4 3.66876 0.0414308 1.19169 0.239218 0.853173 0.645056 1.29286 0.548184 0.407515 0.0496729 0.751114 0 0 3 3.56497 0.151456  0 0 4 2.97809 0.798892  0 1 3 2.54019 1.43143  0 0 2 2.19578 1.59413  0 2 4 1.93939 1.68062 
2000 2 0 1 0 0 4 3.66955 0.0452579 1.2409 0.100719 0.574247 0.645056 1.29286 0.584194 0.37221 0.0496729 0.751114 0 0 3 3.61128 0.0347672  0 0 4 2.97809 0.798892  0 1 3 2.54019 1.43143  0 0 2 2.22772 1.67612  0 1 4 1.9757 1.63218 
2500 2 0 1 0 0 4 3.66955 0.0452579 1.29024 0.100719 0.574247 1.00783 1.57482 0.584194 0.37221 0.0530923 0.772735 0 0 3 3.61128 0.0347672  0 0 4 3.31751 0.526679  0 0 2 2.6137 1.59408  0 1 3 2.55209 1.43817  0 1 4 2.06345 1.60433 
3000 2 0 1 0 0 4 3.66955 0.0452579 1.34088 0.100719 0.574247 1.44525 1.70535 0.584194 0.37221 0.0645436 0.801366 0 0 3 3.61128 0.0347672  0 0 4 3.43206 0.201273  0 0 2 2.6137 1.59408  0 1 3 2.55209 1.43817  0 1 4 2.06345 1.60433 
3500 2 0 1 0 0 4 3.66955 0.0452579 1.35324 0.100719 0.574247 0.518646 1.32674 0.584194 0.37221 0.175819 0.559621 0 0 3 3.61128 0.0347672  0 0 4 3.43577 0.616245  0 0 2 2.6137 1.59408  0 1 3 2.59787 1.3803  0 1 4 2.06477 1.53327 
4000 3 0 1 0 0 4 3.73174 0.0536421 1.37771 0.22368 0.845896 0.518646 1.32674 0.732271 0.210756 0.175819 0.559621 0 0 3 3.61128 0.0347672  0 0 4 3.43577 0.616245  0 1 3 2.62388 1.39936  0 0 2 2.6137 1.59408  0 1 4 2.06477 1.53327 
4500 3 0 1 0 1 4 3.73756 0.10949 1.38851 0.438928 1.16076 0.162451 0.736427 0.737852 0.205687 0.964456 0.0221858 0 0 3 3.61128 0.0347672  0 0 4 3.56217 0.0361873  0 0 2 2.65959 1.54541  0 1 3 2.62388 1.39936  0 1 4 2.26779 1.4497 
5000 3 0 1 0 1 4 3.75985 0.0754734 1.40466 0.101224 0.575014 0.162451 0.736427 0.695137 0.248397 0.964456 0.0221858 0 0 3 3.61128 0.0347672  0 0 4 3.56217 0.0361873  0 0 2 2.65959 1.54541  0 1 3 2.62388 1.39936  0 1 4 2.26779 1.4497 
5500 3 0 1 0 1 4 3.75985 0.0754734 1.41477 0.101224 0.575014 0.162451 0.736427 0.695137 0.248397 0.964456 0.0221858 0 0 3 3.61128 0.0347672  0 0 4 3.56217 0.0361873  0 0 2 2.65959 1.54541  0 1 3 2.62388 1.39936  0 1 4 2.26779 1.4497 
6000 4 0 0 0 1 4 3.77766 0.0495825 1.43066 0.00222365 0.016561 0.162451 0.736427 0.833093 0.099281 0.964456 0.0221858 0 0 3 3.61128 0.0347672  0 0 4 3.56217 0.0361873  0 0 2 2.65959 1.54541  0 1 3 2.62388 1.39936  0 1 4 2.26779 1.4497 
6500 3 0 0 0 1 4 3.78564 0.0453059 1.44715 0.238844 0.889494 0.162451 0.736427 0.755439 0.187297 0.964456 0.0221858 0 0 3 3.61128 0.0347672  0 0 4 3.56217 0.0361873  0 0 2 2.65959 1.54541  0 1 3 2.62388 1.39936  0 1 4 2.26779 1.4497 
7000 3 0 0 0 1 4 3.7901 0.0478783 1.45992 0.401084 1.12087 0.162451 0.736427 0.772722 0.167908 0.964456 0.0221858 0 0 3 3.61128 0.0347672  0 0 4 3.56217 0.0361873  0 0 2 2.65959 1.54541  0 1 3 2.62388 1.39936  0 1 4 2.26779 1.4497 
7500 3 0 0 0 1 4 3.79451 0.0492645 1.46313 0.0519095 0.404058 0.162451 0.736427 0.774212 0.167577 0.964456 0.0221858 0 0 3 3.61128 0.0347672  0 0 4 3.56217 0.0361873  0 0 2 2.65959 1.54541  0 1 3 2.62388 1.39936  0 1 4 2.26779 1.4497 
8000 3 0 0 0 1 4 3.79451 0.0492645 1.46928 0.0519095 0.404058 0.162451 0.736427 0.774212 0.167577 0.964456 0.0221858 0 0 3 3.61128 0.0347672  0 0 4 3.56276 0.03523  0 0 2 2.65959 1.54541  0 1 3 2.62388 1.39936  0 1 4 2.26779 1.4497 
8500 3 0 0 0 1 4 3.79451 0.0492645 1.459 0.0519095 0.404058 0.162451 0.736427 0.774212 0.167577 0.964456 0.0221858 0 0 3 3.61128 0.0347672  0 0 4 3.56276 0.03523  0 0 2 2.65959 1.54541  0 1 3 2.62388 1.39936  0 1 4 2.26779 1.4497 
9000 4 0 0 0 1 4 3.79513 0.043159 1.44959 0.294797 0.99406 0.162451 0.736427 0.817512 0.120051 0.964456 0.0221858 0 0 3 3.61128 0.0347672  0 0 4 3.56276 0.03523  0 0 2 2.65959 1.54541  0 1 3 2.62388 1.39936  0 1 4 2.26779 1.4497 
9500 4 0 0 0 1 4 3.79708 0.0449578 1.45136 0.102044 0.599511 0.162451 0.736427 0.812571 0.125794 0.964456 0.0221858 0 0 3 3.61926 0.03195  0 0 4 3.56276 0.03523  0 0 2 2.65959 1.54541  0 1 3 2.62388 1.39936  0 1 4 2.26779 1.4497 
10000 4 0 0 0 1 4 3.79708 0.0449578 1.45635 0.102044 0.599511 0.162451 0.736427 0.812571 0.125794 0.964456 0.0221858 0 0 3 3.61926 0.03195  0 0 4 3.56276 0.03523  0 0 2 2.65959 1.54541  0 1 3 2.62388 1.39936  0 1 4 2.26779 1.4497 
10500 4 0 0 0 1 4 3.79708 0.0449578 1.45814 0.102044 0.599511 0.162451 0.736427 0.812571 0.125794 0.964456 0.0221858 0 0 3 3.61926 0.03195  0 0 4 3.59316 0.0432479  0 0 2 2.65959 1.54541  0 1 3 2.62388 1.39936  0 1 4 2.26779 1.4497 
11000 4 0 0 0 1 4 3.79708 0.0449578 1.46054 0.102044 0.599511 0.162451 0.736427 0.812571 0.125794 0.964456 0.0221858 0 0 3 3.61926 0.03195  0 0 4 3.59316 0.0432479  0 0 2 2.65959 1.54541  0 1 3 2.62388 1.39936  0 1 4 2.26779 1.4497 
11500 4 0 0 0 1 4 3.79708 0.0449578 1.46316 0.102044 0.599511 0.162451 0.736427 0.812571 0.125794 0.964456 0.0221858 0 0 3 3.61926 0.03195  0 0 4 3.59316 0.0432479  0 0 2 2.65959 1.54541  0 1 3 2.62388 1.39936  0 1 4 2.26779 1.4497 
12000 4 0 0 0 1 4 3.79708 0.0449578 1.46679 0.102044 0.599511 0.162451 0.736427 0.812571 0.125794 0.964456 0.0221858 0 0 3 3.64779 0.418401  0 0 4 3.59316 0.0432479  0 0 2 2.65959 1.54541  0 1 3 2.62388 1.39936  0 1 4 2.26779 1.4497 
12500 4 0 0 0 1 4 3.79708 0.0449578 1.46888 0.102044 0.599511 0.162451 0.736427 0.812571 0.125794 0.964456 0.0221858 0 0 3 3.64779 0.418401  0 0 4 3.59316 0.0432479  0 0 2 2.65959 1.54541  0 1 3 2.62388 1.39936  0 1 4 2.26779 1.4497 
13000 4 0 0 0 1 4 3.79708 0.0449578 1.47058 0.102044 0.599511 0.162451 0.736427 0.812571 0.125794 0.964456 0.0221858 0 0 3 3.64779 0.418401  0 0 4 3.60556 0.0409337  0 0 2 2.65959 1.54541  0 1 3 2.62388 1.39936  0 1 4 2.26779 1.4497 
13500 4 0 0 0 1 4 3.79708 0.0449578 1.47872 0.102044 0.599511 0.162451 0.736427 0.812571 0.125794 0.964456 0.0221858 0 0 3 3.66128 0.0355922  0 0 4 3.60556 0.0409337  0 1 3 2.71774 1.46011  0 0 2 2.65959 1.54541  0 1 4 2.26779 1.4497 
14000 4 0 0 0 1 4 3.79708 0.0449578 1.48604 0.102044 0.599511 0.162451 0.736427 0.812571 0.125794 0.964456 0.0221858 0 0 3 3.69546 0.0402869  0 0 4 3.60556 0.0409337  0 1 3 2.71774 1.46011  0 0 2 2.65959 1.54541  0 1 4 2.26779 1.4497 
14500 4 0 0 0 1 4 3.79708 0.0449578 1.49013 0.102044 0.599511 0.162451 0.736427 0.812571 0.125794 0.964456 0.0221858 0 0 3 3.69546 0.0402869  0 0 4 3.60556 0.0409337  0 1 3 2.71774 1.46011  0 0 2 2.65959 1.54541  0 1 4 2.26779 1.4497 
15000 4 0 0 0 1 4 3.79708 0.0449578 1.49543 0.102044 0.599511 0.162451 0.736427 0.812571 0.125794 0.964456 0.0221858 0 0 3 3.69546 0.0402869  0 0 4 3.66669 0.040816  0 1 3 2.71774 1.46011  0 0 2 2.65959 1.54541  0 1 4 2.26779 1.4497 
15500 4 0 0 0 0 4 3.79708 0.0449578 1.5167 0.102044 0.599511 0.858775 1.57407 0.812571 0.125794 0.0218687 0.819175 0 0 3 3.69546 0.0402869  0 0 4 3.69504 0.0437768  0 1 3 2.71774 1.46011  0 0 2 2.65959 1.54541  0 1 4 2.26779 1.4497 
16000 4 0 0 0 1 4 3.79708 0.0449578 1.53359 0.102044 0.599511 0.843007 1.45995 0.812571 0.125794 0.0852441 0.788538 0 0 4 3.70947 0.0483108  0 0 3 3.69546 0.0402869  0 1 3 2.71774 1.46011  0 0 2 2.65959 1.54541  0 1 4 2.28748 1.47217 
16500 4 0 0 0 1 4 3.79708 0.0449578 1.54252 0.102044 0.599511 0.843007 1.45995 0.812571 0.125794 0.0852441 0.788538 0 0 4 3.75474 0.0446028  0 0 3 3.69546 0.0402869  0 1 3 2.71774 1.46011  0 0 2 2.65959 1.54541  0 1 4 2.28748 1.47217 
17000 4 0 0 0 1 4 3.79708 0.0449578 1.54958 0.102044 0.599511 0.843007 1.45995 0.812571 0.125794 0.0852441 0.788538 0 0 3 3.77489 0.0508092  0 0 4 3.76624 0.0433755  0 1 3 2.71774 1.46011  0 0 2 2.65959 1.54541  0 1 4 2.28748 1.47217 
17500 4 0 0 0 1 4 3.79708 0.0449578 1.55063 0.102044 0.599511 0.843007 1.45995 0.812571 0.125794 0.0852441 0.788538 0 0 3 3.77489 0.0508092  0 0 4 3.77064 0.0486307  0 1 3 2.71774 1.46011  0 0 2 2.65959 1.54541  0 1 4 2.28748 1.47217 
18000 4 0 0 0 1 4 3.79708 0.0449578 1.5526 0.102044 0.599511 0.843007 1.45995 0.812571 0.125794 0.0852441 0.788538 0 0 3 3.78173 0.0461683  0 0 4 3.77064 0.0486307  0 1 3 2.71774 1.46011  0 0 2 2.65959 1.54541  0 1 4 2.28748 1.47217 
18500 4 0 0 0 1 4 3.79708 0.0449578 1.55299 0.102044 0.599511 0.843007 1.45995 0.812571 0.125794 0.0852441 0.788538 0 0 3 3.78173 0.0461683  0 0 4 3.77064 0.0486307  0 1 3 2.71774 1.46011  0 0 2 2.65959 1.54541  0 1 4 2.28748 1.47217 
19000 3 0 0 0 1 4 3.79809 0.0429419 1.55318 0.00172833 0.0119757 0.843007 1.45995 0.792777 0.147095 0.0852441 0.788538 0 0 3 3.78173 0.0461683  0 0 4 3.78007 0.0471608  0 1 3 2.71774 1.46011  0 0 2 2.65959 1.54541  0 1 4 2.28748 1.47217 
19500 3 0 0 0 1 4 3.79809 0.0429419 1.55754 0.00172833 0.0119757 0.28368 0.958886 0.792777 0.147095 0.623595 0.361446 0 0 3 3.78173 0.0461683  0 0 4 3.78007 0.0471608  0 1 3 2.71774 1.46011  0 0 2 2.65959 1.54541  0 1 4 2.32438 1.67016 
20000 3 0 0 0 1 4 3.79809 0.0429419 1.5654 0.00172833 0.0119757 0.082862 0.516507 0.792777 0.147095 0.411268 0.570154 0 0 3 3.78189 0.0480949  0 0 4 3.78007 0.0471608  0 1 3 2.71774 1.46011  0 0 2 2.65959 1.54541  0 1 4 2.40232 1.54301 
