500 7 0 6 0 0 13 2.35995 0.0489876 0.0104537 2.27518 0.330589 0.0198063 0.122175 0.471504 0.465378 0.0134424 0.724941 0 3 12 0.264705 0.616327  0 0 13 0.0887986 0.145478  0 11 14 0.0415777 0.157046  0 13 14 0.0310127 0.21761  0 10 14 0.0258579 0.123151 
1000 7 0 6 0 0 3 3.1338 0.0559289 0.024887 0.030543 0.273899 0.0365409 0.342546 0.530115 0.426032 0.371662 0.596861 0 3 12 0.264705 0.616327  0 0 13 0.210495 0.203339  0 0 3 0.19444 0.729551  0 11 14 0.0415777 0.157046  0 2 13 0.0384396 0.088452 
1500 7 0 6 0 0 12 3.1338 0.0559289 0.038952 0.030543 0.273899 0.150879 0.307404 0.530115 0.426032 0.0506091 0.759623 0 1 8 0.391763 0.809574  0 0 12 0.274705 0.238142  0 3 12 0.264705 0.616327  0 2 10 0.230576 0.557739  0 0 13 0.210495 0.203339 
2000 6 0 7 0 0 9 3.58289 0.0378128 0.0626437 -0.00226678 0.0300137 0.396502 1.12622 0.440431 0.518907 0.121261 0.491267 0 0 12 1.54794 0.0444973  0 0 8 1.13515 1.63949  0 0 9 0.675033 1.35181  0 0 10 0.630277 1.02123  0 1 5 0.4415 1.02286 
2500 6 0 7 0 1 11 3.58289 0.0378128 0.132871 -0.00226678 0.0300137 1.74147 1.27349 0.440431 0.518907 0.0313216 0.753699 0 0 11 1.82173 1.35991  0 0 12 1.54794 0.0444973  0 1 11 1.54475 1.10298  0 0 6 1.48245 1.57692  0 0 8 1.13515 1.63949 
3000 3 0 10 0 1 11 3.69446 0.043496 0.221833 -0.000583932 0.0151275 1.74147 1.27349 0.261877 0.683183 0.0313216 0.753699 0 0 11 1.82173 1.35991  0 0 12 1.54794 0.0444973  0 1 11 1.54475 1.10298  0 0 6 1.48245 1.57692  0 0 8 1.13515 1.63949 
3500 2 0 11 0 1 11 3.72121 0.0433942 0.302153 -0.00115746 0.0132409 2.406 0.350472 0.141662 0.784845 0.0411788 0.806346 0 0 11 3.37835 0.937466  0 1 11 2.03482 0.409588  0 0 8 1.64418 1.5182  0 0 12 1.54794 0.0444973  0 0 6 1.48245 1.57692 
4000 2 0 11 0 1 11 3.72121 0.0433942 0.375957 -0.00115746 0.0132409 2.406 0.350472 0.141662 0.784845 0.0411788 0.806346 0 0 11 3.37835 0.937466  0 0 9 2.66741 1.54279  0 1 11 2.03482 0.409588  0 2 11 1.79778 0.478868  0 0 6 1.65436 1.53114 
4500 2 0 11 0 1 11 3.72121 0.0433942 0.435657 -0.00115746 0.0132409 2.406 0.350472 0.141662 0.784845 0.0411788 0.806346 0 0 11 3.37835 0.937466  0 0 9 2.66741 1.54279  0 1 11 2.03482 0.409588  0 0 6 1.95771 1.79015  0 2 11 1.93692 0.580319 
5000 2 0 11 0 1 11 3.72121 0.0433942 0.480486 -0.00115746 0.0132409 2.406 0.350472 0.141662 0.784845 0.0411788 0.806346 0 0 11 3.37835 0.937466  0 0 9 2.66741 1.54279  0 1 11 2.03482 0.409588  0 0 6 1.95771 1.79015  0 2 11 1.93692 0.580319 
5500 2 0 11 0 1 11 3.72121 0.0433942 0.526262 -0.00115746 0.0132409 2.406 0.350472 0.141662 0.784845 0.0411788 0.806346 0 0 11 3.37835 0.937466  0 0 9 2.66741 1.54279  0 1 11 2.03482 0.409588  0 0 7 1.96682 1.75414  0 0 6 1.95771 1.79015 
6000 2 0 11 0 1 11 3.72121 0.0433942 0.566824 -0.00115746 0.0132409 2.406 0.350472 0.141662 0.784845 0.0411788 0.806346 0 0 11 3.37835 0.937466  0 0 9 2.66741 1.54279  0 0 7 2.12111 1.76997  0 1 11 2.03482 0.409588  0 0 6 1.95771 1.79015 
6500 12 0 1 0 0 12 3.74656 0.0511349 0.601193 0.00176023 0.0167708 1.1748 1.25801 0.818889 0.10333 0.0570797 0.792897 0 0 11 3.37835 0.937466  0 0 9 2.76301 1.51796  0 0 12 2.42396 0.434021  0 0 7 2.12111 1.76997  0 0 8 2.08644 1.77781 
7000 12 0 1 0 1 11 3.74656 0.0511349 0.628484 0.00176023 0.0167708 2.3354 0.478857 0.818889 0.10333 0.0501409 0.7735 0 0 11 3.37835 0.937466  0 0 9 2.76301 1.51796  0 0 12 2.42396 0.434021  0 1 10 2.35723 1.36247  0 1 11 2.19778 0.15725 
7500 12 0 1 0 1 11 3.74656 0.0511349 0.654811 0.00176023 0.0167708 2.3354 0.478857 0.818889 0.10333 0.0501409 0.7735 0 0 11 3.37835 0.937466  0 0 9 2.76301 1.51796  0 0 12 2.42396 0.434021  0 1 10 2.35723 1.36247  0 1 11 2.19778 0.15725 
8000 12 0 1 0 0 13 3.74656 0.0511349 0.680108 0.00176023 0.0167708 2.79834 1.25678 0.818889 0.10333 0.00013515 0.937906 0 0 11 3.37835 0.937466  0 0 9 2.76301 1.51796  0 0 13 2.55659 1.29754  0 0 12 2.49868 0.993587  0 1 10 2.35723 1.36247 
