500 3 0 0 0 0 4 3.55324 0.0506943 0.819659 3.71623e-05 0.00585933 1.26327 1.50559 0.754497 0.165329 0.100334 0.744934 0 0 3 3.39494 0.0321619  0 0 2 2.44243 1.48576  0 0 4 2.32677 1.41491  0 1 3 2.00651 1.48998  0 0 1 1.28732 1.62118 
1000 2 0 1 0 0 4 3.68521 0.0471083 1.08556 -0.00126473 0.00919668 1.45124 1.45339 0.540865 0.399441 0.159836 0.698185 0 0 3 3.48655 0.0383581  0 0 4 2.88426 1.062  0 0 2 2.44243 1.48576  0 1 3 2.00651 1.48998  0 0 1 1.29622 1.62332 
1500 2 0 2 0 0 4 3.69801 0.0417033 1.20503 -0.00106901 0.0340692 1.27771 1.51461 0.474019 0.466327 0.0921058 0.744952 0 0 3 3.4925 0.0392732  0 0 4 3.23044 0.034381  0 0 2 2.44243 1.48576  0 1 3 2.00651 1.48998  0 0 1 1.47641 1.72261 
2000 3 0 0 0 0 4 3.75173 0.0501452 1.2873 0.00220348 0.0228955 0.891142 1.50189 0.742388 0.18541 0.0424036 0.796281 0 0 3 3.52349 0.0376497  0 0 4 3.41823 0.17253  0 0 2 2.66277 1.51796  0 1 3 2.219 1.40021  0 1 4 1.94139 1.48767 
2500 4 0 0 0 0 4 3.77573 0.0472577 1.33894 0.00105063 0.017588 2.34825 1.62917 0.84064 0.0877748 0.076317 0.806287 0 0 3 3.52349 0.0376497  0 0 4 3.47566 0.0479764  0 0 2 2.67647 1.4658  0 1 3 2.29609 1.20638  0 1 4 1.94139 1.48767 
3000 4 0 0 0 1 3 3.77672 0.0465745 1.38043 -0.000679687 0.00901596 0.611154 1.1678 0.854448 0.0699997 0.285596 0.593959 0 0 3 3.74824 0.0444503  0 0 4 3.71354 0.0369146  0 0 2 2.67647 1.4658  0 1 3 2.43088 1.29383  0 1 4 2.10315 1.46449 
3500 3 0 1 0 1 3 3.78126 0.0458262 1.40936 -0.00249984 0.00926447 0.611644 1.17013 0.705431 0.229616 0.203751 0.620863 0 0 3 3.74824 0.0444503  0 0 4 3.71671 0.0424662  0 0 2 2.67647 1.4658  0 1 3 2.44279 1.28911  0 1 4 2.29906 1.40821 
4000 3 0 0 0 0 3 3.78211 0.043918 1.43014 0.0369635 0.33959 0.608825 1.33399 0.738763 0.195546 0.825043 0.140212 0 0 3 3.74824 0.0444503  0 0 4 3.72548 0.045111  0 0 2 2.67647 1.4658  0 1 3 2.46403 1.31191  0 1 4 2.29906 1.40821 
4500 3 0 0 0 0 3 3.78211 0.043918 1.43191 0.0369635 0.33959 0.664618 1.448 0.738763 0.195546 0.136384 0.518068 0 0 3 3.76045 0.0535567  0 0 4 3.73769 0.0453675  0 0 2 2.67647 1.4658  0 1 3 2.46403 1.31191  0 1 4 2.29906 1.40821 
5000 3 0 0 0 0 3 3.78211 0.043918 1.44845 0.0369635 0.33959 0.664618 1.448 0.738763 0.195546 0.136384 0.518068 0 0 4 3.76528 0.0478905  0 0 3 3.76045 0.0535567  0 0 2 2.67647 1.4658  0 1 3 2.46403 1.31191  0 1 4 2.29906 1.40821 
5500 3 0 0 0 0 3 3.78437 0.0506091 1.45747 -0.00176638 0.00869554 0.411747 1.13588 0.753258 0.186773 0.876183 0.0979077 0 0 4 3.76949 0.0503789  0 0 3 3.7688 0.0462324  0 0 2 2.67647 1.4658  0 1 3 2.46403 1.31191  0 1 4 2.33735 1.39483 
6000 3 0 0 0 0 4 3.78937 0.0519508 1.46878 0.102598 0.599561 0.881789 1.598 0.742548 0.19026 0.0456417 0.796582 0 0 3 3.77325 0.0512536  0 0 4 3.77124 0.0450623  0 0 2 2.82596 1.59991  0 1 3 2.46403 1.31191  0 1 4 2.33735 1.39483 
6500 3 0 0 0 0 4 3.78937 0.0519508 1.49819 0.102598 0.599561 3.13055 1.40069 0.742548 0.19026 0.162247 0.773612 0 0 3 3.77325 0.0512536  0 0 4 3.77249 0.0491583  0 0 2 2.82596 1.59991  0 1 3 2.46403 1.31191  0 1 4 2.43928 1.40099 
7000 3 0 0 0 0 4 3.78937 0.0519508 1.50763 0.102598 0.599561 3.13055 1.40069 0.742548 0.19026 0.162247 0.773612 0 0 3 3.77325 0.0512536  0 0 4 3.77249 0.0491583  0 0 2 2.82596 1.59991  0 1 3 2.46403 1.31191  0 1 4 2.43928 1.40099 
7500 3 0 0 0 0 4 3.78937 0.0519508 1.51637 0.102598 0.599561 3.13055 1.40069 0.742548 0.19026 0.162247 0.773612 0 0 3 3.77325 0.0512536  0 0 4 3.77249 0.0491583  0 0 2 2.82596 1.59991  0 1 3 2.49801 1.29675  0 1 4 2.43928 1.40099 
8000 3 0 0 0 0 4 3.78937 0.0519508 1.5269 0.102598 0.599561 3.13055 1.40069 0.742548 0.19026 0.162247 0.773612 0 0 3 3.77325 0.0512536  0 0 4 3.77249 0.0491583  0 0 2 2.82596 1.59991  0 1 3 2.49801 1.29675  0 1 4 2.43928 1.40099 
8500 3 0 1 0 0 4 3.7911 0.0478907 1.53283 -0.00230812 0.0230832 3.13055 1.40069 0.724011 0.21125 0.162247 0.773612 0 0 3 3.77325 0.0512536  0 0 4 3.77249 0.0491583  0 0 2 2.82596 1.59991  0 1 3 2.49801 1.29675  0 1 4 2.43928 1.40099 
9000 3 0 1 0 0 4 3.7911 0.0478907 1.54512 -0.00230812 0.0230832 3.13055 1.40069 0.724011 0.21125 0.162247 0.773612 0 0 3 3.77325 0.0512536  0 0 4 3.77249 0.0491583  0 0 2 2.82596 1.59991  0 1 3 2.49801 1.29675  0 1 4 2.43928 1.40099 
9500 3 0 1 0 0 4 3.7911 0.0478907 1.54027 -0.00230812 0.0230832 3.13055 1.40069 0.724011 0.21125 0.162247 0.773612 0 0 3 3.77325 0.0512536  0 0 4 3.77249 0.0491583  0 0 2 2.82596 1.59991  0 1 3 2.49801 1.29675  0 1 4 2.43928 1.40099 
10000 3 0 1 0 0 4 3.7911 0.0478907 1.53187 -0.00230812 0.0230832 3.13055 1.40069 0.724011 0.21125 0.162247 0.773612 0 0 3 3.77325 0.0512536  0 0 4 3.77249 0.0491583  0 0 2 2.82596 1.59991  0 1 3 2.49801 1.29675  0 1 4 2.43928 1.40099 
10500 3 0 1 0 0 4 3.7911 0.0478907 1.54 -0.00230812 0.0230832 3.13055 1.40069 0.724011 0.21125 0.162247 0.773612 0 0 3 3.77325 0.0512536  0 0 4 3.77249 0.0491583  0 0 2 2.82596 1.59991  0 1 3 2.49801 1.29675  0 1 4 2.43928 1.40099 
11000 3 0 1 0 0 4 3.7911 0.0478907 1.56152 -0.00230812 0.0230832 3.13055 1.40069 0.724011 0.21125 0.162247 0.773612 0 0 3 3.77325 0.0512536  0 0 4 3.77249 0.0491583  0 0 2 2.82596 1.59991  0 1 3 2.49801 1.29675  0 1 4 2.43928 1.40099 
11500 3 0 1 0 0 4 3.7911 0.0478907 1.56521 -0.00230812 0.0230832 3.13055 1.40069 0.724011 0.21125 0.162247 0.773612 0 0 3 3.77325 0.0512536  0 0 4 3.77249 0.0491583  0 0 2 2.82596 1.59991  0 1 3 2.49801 1.29675  0 1 4 2.43928 1.40099 
12000 3 0 1 0 0 4 3.7911 0.0478907 1.56675 -0.00230812 0.0230832 3.13055 1.40069 0.724011 0.21125 0.162247 0.773612 0 0 3 3.77325 0.0512536  0 0 4 3.77249 0.0491583  0 0 2 2.82596 1.59991  0 1 3 2.49801 1.29675  0 1 4 2.43928 1.40099 
12500 3 0 1 0 0 4 3.7911 0.0478907 1.56787 -0.00230812 0.0230832 3.13055 1.40069 0.724011 0.21125 0.162247 0.773612 0 0 3 3.77379 0.0431814  0 0 4 3.77249 0.0491583  0 0 2 2.82596 1.59991  0 1 3 2.49801 1.29675  0 1 4 2.43928 1.40099 
13000 3 0 1 0 0 4 3.7911 0.0478907 1.57077 -0.00230812 0.0230832 3.13055 1.40069 0.724011 0.21125 0.162247 0.773612 0 0 3 3.77467 0.0470885  0 0 4 3.77249 0.0491583  0 0 2 2.82596 1.59991  0 1 3 2.49801 1.29675  0 1 4 2.43928 1.40099 
13500 3 0 1 0 0 4 3.7911 0.0478907 1.57278 -0.00230812 0.0230832 3.13055 1.40069 0.724011 0.21125 0.162247 0.773612 0 0 3 3.77652 0.0525172  0 0 4 3.77249 0.0491583  0 0 2 2.82596 1.59991  0 1 3 2.49801 1.29675  0 1 4 2.43928 1.40099 
14000 3 0 1 0 0 4 3.7911 0.0478907 1.58034 -0.00230812 0.0230832 3.13055 1.40069 0.724011 0.21125 0.162247 0.773612 0 0 3 3.77652 0.0525172  0 0 4 3.77249 0.0491583  0 0 2 2.82596 1.59991  0 1 3 2.49801 1.29675  0 1 4 2.43928 1.40099 
14500 3 0 1 0 0 2 3.7911 0.0478907 1.58146 -0.00230812 0.0230832 0.579244 1.30014 0.724011 0.21125 0.672849 0.234055 0 0 4 3.7777 0.044538  0 0 3 3.77652 0.0525172  0 0 2 2.82596 1.59991  0 1 3 2.49801 1.29675  0 1 4 2.43928 1.40099 
15000 3 0 1 0 0 2 3.7911 0.0478907 1.59077 -0.00230812 0.0230832 0.644106 1.33702 0.724011 0.21125 0.815142 0.151125 0 0 4 3.7777 0.044538  0 0 3 3.77652 0.0525172  0 0 2 3.00552 1.47755  0 1 3 2.49801 1.29675  0 1 4 2.43928 1.40099 
15500 3 0 1 0 1 4 3.7911 0.0478907 1.59148 -0.00230812 0.0230832 1.56521 1.84839 0.724011 0.21125 0.0384421 0.916883 0 0 4 3.7777 0.044538  0 0 3 3.77652 0.0525172  0 0 2 3.00552 1.47755  0 1 3 2.49801 1.29675  0 1 4 2.44042 1.70913 
16000 3 0 1 0 1 4 3.7911 0.0478907 1.59465 -0.00230812 0.0230832 1.56521 1.84839 0.724011 0.21125 0.0384421 0.916883 0 0 4 3.7777 0.044538  0 0 3 3.77652 0.0525172  0 0 2 3.00552 1.47755  0 1 3 2.49801 1.29675  0 1 4 2.44042 1.70913 
16500 3 0 1 0 1 4 3.7911 0.0478907 1.59548 -0.00230812 0.0230832 1.56521 1.84839 0.724011 0.21125 0.0384421 0.916883 0 0 4 3.7777 0.044538  0 0 3 3.77652 0.0525172  0 0 2 3.00552 1.47755  0 1 3 2.49801 1.29675  0 1 4 2.44042 1.70913 
17000 3 0 1 0 1 4 3.7911 0.0478907 1.59955 -0.00230812 0.0230832 1.56521 1.84839 0.724011 0.21125 0.0384421 0.916883 0 0 4 3.7777 0.044538  0 0 3 3.77652 0.0525172  0 0 2 3.00552 1.47755  0 1 3 2.49801 1.29675  0 1 4 2.44042 1.70913 
17500 3 0 1 0 1 4 3.7911 0.0478907 1.59963 -0.00230812 0.0230832 1.56521 1.84839 0.724011 0.21125 0.0384421 0.916883 0 0 4 3.7777 0.044538  0 0 3 3.77765 0.0538089  0 0 2 3.00552 1.47755  0 1 3 2.49801 1.29675  0 1 4 2.44042 1.70913 
18000 3 0 1 0 0 2 3.7911 0.0478907 1.60215 -0.00230812 0.0230832 0.644106 1.33702 0.724011 0.21125 0.815142 0.151125 0 0 3 3.77927 0.046992  0 0 4 3.7777 0.044538  0 0 2 3.00552 1.47755  0 1 4 2.5992 1.4214  0 1 3 2.49801 1.29675 
18500 3 0 1 0 0 2 3.7911 0.0478907 1.59402 -0.00230812 0.0230832 0.644106 1.33702 0.724011 0.21125 0.815142 0.151125 0 0 3 3.77927 0.046992  0 0 4 3.7777 0.044538  0 0 2 3.00552 1.47755  0 1 4 2.5992 1.4214  0 1 3 2.49801 1.29675 
19000 3 0 1 0 0 2 3.7911 0.0478907 1.59541 -0.00230812 0.0230832 0.644106 1.33702 0.724011 0.21125 0.815142 0.151125 0 0 3 3.77927 0.046992  0 0 4 3.7777 0.044538  0 0 2 3.00552 1.47755  0 1 4 2.5992 1.4214  0 1 3 2.49801 1.29675 
19500 3 0 1 0 0 2 3.7911 0.0478907 1.60167 -0.00230812 0.0230832 0.644106 1.33702 0.724011 0.21125 0.815142 0.151125 0 0 3 3.77927 0.046992  0 0 4 3.7777 0.044538  0 0 2 3.00552 1.47755  0 1 4 2.5992 1.4214  0 1 3 2.49801 1.29675 
20000 4 0 0 0 0 2 3.79116 0.0459902 1.60826 3.22143e-05 0.0270321 0.644106 1.33702 0.818608 0.114134 0.815142 0.151125 0 0 3 3.77927 0.046992  0 0 4 3.7777 0.044538  0 0 2 3.00552 1.47755  0 1 4 2.5992 1.4214  0 1 3 2.49801 1.29675 
