500 5 0 3 0 0 8 2.62518 0.0387001 0.0455969 -0.00843766 0.0233329 0.201687 0.660569 0.584937 0.343191 0.0163927 0.876134 0 0 5 0.175196 0.391768  0 1 2 0.145334 0.574683  0 0 8 0.0460602 0.265127  0 7 9 0.0428446 0.332137  0 8 9 0.0406691 0.163052 
1000 7 0 1 0 0 2 3.39511 0.0403394 0.180129 0.325533 1.00945 0.286577 0.964616 0.770781 0.131086 0.283318 0.703848 0 0 8 1.35646 1.55478  0 2 6 1.04335 1.16654  0 1 3 0.867361 1.50177  0 0 2 0.802719 1.42362  0 0 7 0.760199 1.11442 
1500 5 0 3 0 1 6 3.58822 0.0405326 0.342476 0.157904 0.73573 0.423616 1.04791 0.543497 0.391939 0.100986 0.787976 0 1 5 1.38054 1.5342  0 0 7 1.37165 1.59127  0 0 8 1.35646 1.55478  0 2 6 1.05708 1.32659  0 1 6 0.96756 1.3413 
2000 8 0 1 0 0 7 3.69372 0.0586252 0.533441 0.00115141 0.0114564 2.72608 1.35553 0.811145 0.104597 0.257998 0.689276 0 0 8 2.23641 1.42527  0 2 7 1.51371 1.5732  0 0 7 1.47953 1.64495  0 1 5 1.38054 1.5342  0 0 4 1.07226 1.42928 
2500 8 0 1 0 0 7 3.69372 0.0586252 0.64302 0.00115141 0.0114564 2.72608 1.35553 0.811145 0.104597 0.257998 0.689276 0 0 8 2.96721 0.0334477  0 2 7 1.51371 1.5732  0 0 7 1.47953 1.64495  0 1 7 1.41894 1.55755  0 0 3 1.40819 1.51305 
3000 7 0 2 0 0 7 3.70958 0.166547 0.718708 0.00160492 0.0159688 2.72608 1.35553 0.708649 0.217173 0.257998 0.689276 0 0 8 2.96721 0.0334477  0 1 5 1.58068 1.59381  0 2 7 1.51371 1.5732  0 0 7 1.47953 1.64495  0 1 7 1.41894 1.55755 
3500 7 0 2 0 0 7 3.70958 0.166547 0.779242 0.00160492 0.0159688 2.72608 1.35553 0.708649 0.217173 0.257998 0.689276 0 0 8 2.96721 0.0334477  0 1 5 1.58068 1.59381  0 2 7 1.51371 1.5732  0 0 7 1.47953 1.64495  0 1 7 1.41894 1.55755 
4000 8 0 0 0 0 8 3.71049 0.0501281 0.824572 0.0011267 0.025434 1.37732 1.58026 0.824417 0.0991626 0.0773645 0.752272 0 0 8 2.98743 0.0350173  0 3 8 1.99776 1.58092  0 0 5 1.58418 1.71071  0 1 5 1.58068 1.59381  0 2 7 1.51371 1.5732 
4500 8 0 0 0 0 7 3.71902 0.0600393 0.858583 0.00151731 0.0160013 1.15822 1.59203 0.821734 0.0929504 0.0721192 0.746961 0 0 8 3.01963 0.0391903  0 0 5 2.24463 1.63846  0 3 8 1.99776 1.58092  0 0 7 1.61663 1.57201  0 1 5 1.58068 1.59381 
5000 8 0 1 0 0 8 3.7227 0.0386688 0.881593 -0.00289037 0.0234118 1.84701 1.67738 0.811356 0.110802 0.101321 0.781406 0 0 8 3.27251 0.226037  0 0 6 2.46273 1.5758  0 0 5 2.24463 1.63846  0 3 8 1.99776 1.58092  0 0 7 1.76355 1.59283 
5500 6 0 2 0 0 8 3.73279 0.0598935 0.904823 0.00160492 0.0159688 1.84701 1.67738 0.651586 0.273533 0.101321 0.781406 0 0 8 3.27251 0.226037  0 0 6 2.46273 1.5758  0 0 5 2.24463 1.63846  0 3 8 1.99776 1.58092  0 0 4 1.93708 1.6442 
6000 7 0 1 0 0 8 3.73403 0.0539118 0.919647 0.00130258 0.0161387 1.84701 1.67738 0.745872 0.179029 0.101321 0.781406 0 0 8 3.27251 0.226037  0 0 6 2.46273 1.5758  0 0 5 2.24463 1.63846  0 3 8 1.99776 1.58092  0 0 4 1.93708 1.6442 
6500 7 0 1 0 0 8 3.73403 0.0539118 0.942039 0.00130258 0.0161387 1.84701 1.67738 0.745872 0.179029 0.101321 0.781406 0 0 8 3.27251 0.226037  0 0 6 2.46273 1.5758  0 0 5 2.24463 1.63846  0 3 8 1.99776 1.58092  0 0 4 1.93708 1.6442 
7000 7 0 1 0 0 8 3.73403 0.0539118 0.957999 0.00130258 0.0161387 1.84701 1.67738 0.745872 0.179029 0.101321 0.781406 0 0 8 3.27251 0.226037  0 0 6 2.46273 1.5758  0 0 5 2.24463 1.63846  0 2 8 2.22846 1.49635  0 3 8 1.99776 1.58092 
7500 7 0 1 0 0 8 3.73403 0.0539118 0.970085 0.00130258 0.0161387 1.84701 1.67738 0.745872 0.179029 0.101321 0.781406 0 0 8 3.27251 0.226037  0 0 7 2.83211 0.406381  0 0 6 2.46273 1.5758  0 0 5 2.24463 1.63846  0 2 8 2.22846 1.49635 
8000 7 0 1 0 0 7 3.73403 0.0539118 0.979697 0.00130258 0.0161387 1.30495 1.2662 0.745872 0.179029 0.222188 0.587452 0 0 8 3.55516 0.040599  0 0 7 2.83211 0.406381  0 0 6 2.46273 1.5758  0 0 5 2.24463 1.63846  0 2 8 2.22846 1.49635 
8500 6 0 2 0 0 7 3.73565 0.058148 0.987972 0.00200908 0.0164279 1.30495 1.2662 0.670518 0.255487 0.222188 0.587452 0 0 8 3.55516 0.040599  0 0 7 2.83211 0.406381  0 0 6 2.46273 1.5758  0 0 5 2.24463 1.63846  0 2 8 2.22846 1.49635 
9000 6 0 2 0 0 7 3.73565 0.058148 0.995888 0.00200908 0.0164279 1.30495 1.2662 0.670518 0.255487 0.222188 0.587452 0 0 8 3.55516 0.040599  0 0 7 2.83211 0.406381  0 0 6 2.50989 1.56781  0 0 5 2.4096 1.59194  0 2 8 2.22846 1.49635 
9500 6 0 2 0 0 8 3.73565 0.058148 1.00423 0.00200908 0.0164279 0.827011 1.51815 0.670518 0.255487 0.0280355 0.814095 0 0 8 3.55516 0.040599  0 0 7 3.03412 1.12686  0 0 6 2.55932 1.58669  0 0 5 2.4096 1.59194  0 2 8 2.22846 1.49635 
10000 7 0 1 0 0 8 3.74678 0.0411303 1.01431 0.00124611 0.0123986 0.827011 1.51815 0.794694 0.13095 0.0280355 0.814095 0 0 8 3.55516 0.040599  0 0 7 3.03412 1.12686  0 0 6 2.55932 1.58669  0 0 5 2.4096 1.59194  0 2 8 2.22846 1.49635 
10500 8 0 1 0 0 7 3.76005 0.0471517 1.02013 0.000813724 0.0108537 0.518109 1.28331 0.801858 0.127978 0.363878 0.540733 0 0 8 3.57408 0.038663  0 0 7 3.03412 1.12686  0 0 6 2.55932 1.58669  0 0 5 2.4096 1.59194  0 2 8 2.22846 1.49635 
11000 8 0 1 0 0 7 3.76005 0.0471517 1.03151 0.000813724 0.0108537 0.518109 1.28331 0.801858 0.127978 0.363878 0.540733 0 0 8 3.57408 0.038663  0 0 7 3.03412 1.12686  0 0 6 2.55932 1.58669  0 0 5 2.4096 1.59194  0 2 8 2.22846 1.49635 
11500 8 0 1 0 0 7 3.76005 0.0471517 1.0372 0.000813724 0.0108537 2.76851 1.23885 0.801858 0.127978 0.124318 0.758989 0 0 8 3.57408 0.038663  0 0 7 3.12029 0.0478944  0 0 6 2.55932 1.58669  0 0 5 2.4096 1.59194  0 2 8 2.22846 1.49635 
12000 7 0 1 0 0 7 3.76055 0.0448431 1.04523 -0.00110313 0.0146029 2.76851 1.23885 0.799877 0.131928 0.124318 0.758989 0 0 8 3.57408 0.038663  0 0 7 3.12029 0.0478944  0 0 6 2.55932 1.58669  0 0 5 2.4096 1.59194  0 2 8 2.22846 1.49635 
12500 7 0 1 0 0 7 3.76055 0.0448431 1.05199 -0.00110313 0.0146029 3.27898 0.338445 0.799877 0.131928 0.137248 0.763728 0 0 8 3.57408 0.038663  0 0 7 3.13705 0.0422485  0 0 6 2.5934 1.46046  0 0 5 2.4096 1.59194  0 2 8 2.22846 1.49635 
13000 7 0 1 0 0 7 3.76055 0.0448431 1.06233 -0.00110313 0.0146029 3.27898 0.338445 0.799877 0.131928 0.137248 0.763728 0 0 8 3.57408 0.038663  0 0 7 3.13705 0.0422485  0 0 6 2.5934 1.46046  0 0 5 2.4096 1.59194  0 2 8 2.22846 1.49635 
13500 7 0 1 0 0 7 3.76055 0.0448431 1.07185 -0.00110313 0.0146029 3.27898 0.338445 0.799877 0.131928 0.137248 0.763728 0 0 8 3.57408 0.038663  0 0 7 3.13705 0.0422485  0 0 6 2.5934 1.46046  0 0 5 2.4096 1.59194  0 2 8 2.22846 1.49635 
14000 8 0 0 0 0 7 3.76986 0.0461133 1.08124 -0.00172845 0.012861 3.27898 0.338445 0.825878 0.0968521 0.137248 0.763728 0 0 8 3.57408 0.038663  0 0 7 3.13705 0.0422485  0 0 6 2.5934 1.46046  0 0 5 2.4096 1.59194  0 2 8 2.22846 1.49635 
14500 8 0 0 0 0 8 3.76986 0.0461133 1.08727 -0.00172845 0.012861 3.38764 0.897037 0.825878 0.0968521 0.0831497 0.82829 0 0 8 3.60625 0.0527327  0 0 7 3.13705 0.0422485  0 0 6 2.5934 1.46046  0 0 5 2.4096 1.59194  0 2 8 2.22846 1.49635 
15000 8 0 0 0 0 7 3.76986 0.0461133 1.09235 -0.00172845 0.012861 3.55899 0.355251 0.825878 0.0968521 0.226871 0.694942 0 0 8 3.61162 0.0475645  0 0 7 3.49638 0.0539993  0 0 6 2.5934 1.46046  0 0 5 2.4096 1.59194  0 0 9 2.28274 0.0434547 
15500 8 0 0 0 0 8 3.76986 0.0461133 1.09946 -0.00172845 0.012861 3.59449 0.498137 0.825878 0.0968521 0.0836268 0.839042 0 0 8 3.64213 0.0519743  0 0 7 3.51085 0.045991  0 0 6 2.5934 1.46046  0 0 5 2.4096 1.59194  0 0 9 2.28274 0.0434547 
16000 8 0 0 0 0 9 3.76986 0.0461133 1.10472 -0.00172845 0.012861 2.4022 0.674584 0.825878 0.0968521 0.000722823 0.945208 0 0 8 3.66296 0.054188  0 0 7 3.5189 0.0504838  0 0 6 2.65786 1.62207  0 0 9 2.5556 0.0468834  0 0 5 2.4096 1.59194 
16500 8 0 0 0 0 9 3.76986 0.0461133 1.10919 -0.00172845 0.012861 2.8523 0.753718 0.825878 0.0968521 0.00162672 0.913729 0 0 8 3.66454 0.0467908  0 0 7 3.5189 0.0504838  0 0 9 3.02063 0.0763651  0 0 6 2.65786 1.62207  0 0 5 2.4096 1.59194 
17000 8 0 0 0 0 9 3.76986 0.0461133 1.11948 -0.00172845 0.012861 3.01974 0.361182 0.825878 0.0968521 0.000812526 0.928591 0 0 8 3.71196 0.0547384  0 0 7 3.5189 0.0504838  0 0 9 3.02314 0.0580348  0 0 6 2.65786 1.62207  0 0 5 2.4096 1.59194 
17500 8 0 0 0 0 9 3.76986 0.0461133 1.12982 -0.00172845 0.012861 3.01974 0.361182 0.825878 0.0968521 0.000812526 0.928591 0 0 8 3.71196 0.0547384  0 0 7 3.5189 0.0504838  0 0 9 3.02314 0.0580348  0 0 6 2.65786 1.62207  0 0 5 2.4096 1.59194 
18000 8 0 0 0 0 9 3.76986 0.0461133 1.13436 -0.00172845 0.012861 3.01974 0.361182 0.825878 0.0968521 0.000812526 0.928591 0 0 8 3.75257 0.0474645  0 0 7 3.5189 0.0504838  0 0 9 3.02314 0.0580348  0 0 6 2.65786 1.62207  0 0 5 2.4096 1.59194 
18500 8 0 0 0 0 9 3.76986 0.0461133 1.13723 -0.00172845 0.012861 3.01974 0.361182 0.825878 0.0968521 0.000812526 0.928591 0 0 8 3.75257 0.0474645  0 0 7 3.5189 0.0504838  0 0 9 3.02314 0.0580348  0 0 6 2.65786 1.62207  0 0 5 2.4096 1.59194 
19000 7 0 1 0 0 9 3.77366 0.0519715 1.14045 0.00127066 0.0126429 3.01974 0.361182 0.763333 0.172363 0.000812526 0.928591 0 0 8 3.75257 0.0474645  0 0 7 3.5189 0.0504838  0 0 9 3.02314 0.0580348  0 0 6 2.65786 1.62207  0 0 5 2.4096 1.59194 
19500 7 0 1 0 0 9 3.77366 0.0519715 1.14481 0.00127066 0.0126429 3.14757 0.76993 0.763333 0.172363 0.000135148 0.92629 0 0 8 3.75257 0.0474645  0 0 7 3.5189 0.0504838  0 0 9 3.30798 0.047785  0 0 6 2.65786 1.62207  0 0 5 2.4096 1.59194 
20000 7 0 1 0 0 9 3.77366 0.0519715 1.14634 0.00127066 0.0126429 3.14757 0.76993 0.763333 0.172363 0.000135148 0.92629 0 0 8 3.75257 0.0474645  0 0 7 3.53084 0.0471051  0 0 9 3.30798 0.047785  0 0 6 2.65786 1.62207  0 0 5 2.4096 1.59194 
