500 1 0 2 0 1 4 3.58636 0.0384388 0.971578 0.0457173 0.417161 0.335037 1.04981 0.356048 0.595841 0.397054 0.100556 0 0 3 3.22974 0.0380365  0 1 4 2.0154 1.64048  0 0 2 1.50003 1.65299  0 0 1 1.19853 1.67432  0 2 4 1.02211 1.0678 
1000 2 0 2 0 1 4 3.67802 0.0445518 1.22096 0.00158903 0.0158107 0.00401728 0.0366786 0.51258 0.437914 0.0866945 0.306067 0 0 3 3.31958 0.0308149  0 1 3 2.27585 1.72013  0 1 4 2.19989 1.58183  0 0 2 2.17136 1.70169  0 2 3 1.86172 1.78474 
1500 2 0 2 0 1 4 3.68736 0.0434569 1.2476 0.00160492 0.0159688 0.329257 1.02882 0.54033 0.406269 0.217637 0.22386 0 0 3 3.33373 0.0307713  0 1 3 2.35719 1.6525  0 1 4 2.24299 1.52111  0 0 2 2.19457 1.71814  0 2 3 2.05523 1.76224 
2000 2 0 1 0 0 3 3.69422 0.0480577 1.25597 0.00131419 0.0130761 0.330694 1.03196 0.577108 0.365474 0.247858 0.249741 0 0 3 3.38081 0.0365406  0 1 3 2.44568 1.63968  0 1 4 2.24299 1.52111  0 0 2 2.21126 1.72655  0 2 3 2.05523 1.76224 
2500 2 0 1 0 0 3 3.69422 0.0480577 1.24306 0.00131419 0.0130761 0.330694 1.03196 0.577108 0.365474 0.247858 0.249741 0 0 3 3.38081 0.0365406  0 1 3 2.54011 1.51454  0 1 4 2.24299 1.52111  0 0 2 2.21126 1.72655  0 2 3 2.05523 1.76224 
3000 2 0 2 0 0 3 3.6944 0.0471309 1.28039 0.0013944 0.0138741 0.330694 1.03196 0.536384 0.404768 0.247858 0.249741 0 0 3 3.38081 0.0365406  0 1 3 2.54011 1.51454  0 1 4 2.24299 1.52111  0 0 2 2.22206 1.5992  0 2 3 2.09908 1.7858 
3500 2 0 2 0 1 3 3.6944 0.0471309 1.29536 0.0013944 0.0138741 0.395783 1.14547 0.536384 0.404768 0.566159 0.0495054 0 0 3 3.38081 0.0365406  0 1 3 2.68589 1.43563  0 1 4 2.49416 1.48582  0 0 2 2.33579 1.64631  0 2 3 2.09908 1.7858 
4000 2 0 2 0 1 3 3.6944 0.0471309 1.29516 0.0013944 0.0138741 0.395783 1.14547 0.536384 0.404768 0.566159 0.0495054 0 0 3 3.41187 0.03888  0 1 3 2.68589 1.43563  0 1 4 2.49416 1.48582  0 0 2 2.35613 1.51297  0 2 3 2.09908 1.7858 
4500 2 0 2 0 1 3 3.6944 0.0471309 1.3042 0.0013944 0.0138741 0.395783 1.14547 0.536384 0.404768 0.566159 0.0495054 0 0 3 3.41187 0.03888  0 1 3 2.68589 1.43563  0 1 4 2.49416 1.48582  0 0 2 2.45369 1.4552  0 2 3 2.09908 1.7858 
5000 3 0 1 0 1 3 3.72204 0.0421819 1.31958 0.00112188 0.0111625 0.395783 1.14547 0.630585 0.312444 0.566159 0.0495054 0 0 3 3.44542 0.0375377  0 1 3 2.68589 1.43563  0 1 4 2.49416 1.48582  0 0 2 2.4665 1.38569  0 2 3 2.09908 1.7858 
5500 3 0 0 0 0 4 3.75099 0.0428837 1.3275 0.00160492 0.0159688 0.705002 1.29364 0.766609 0.164113 0.0373389 0.786321 0 0 3 3.50835 0.0285898  0 0 4 2.85125 0.647689  0 1 3 2.7201 1.51184  0 1 4 2.49416 1.48582  0 0 2 2.4665 1.38569 
6000 3 0 1 0 0 4 3.76508 0.0492055 1.33309 0.00160492 0.0159688 0.705002 1.29364 0.723711 0.211311 0.0373389 0.786321 0 0 3 3.54002 0.0356203  0 0 4 2.85125 0.647689  0 1 3 2.7201 1.51184  0 1 4 2.49416 1.48582  0 0 2 2.4665 1.38569 
6500 3 0 1 0 0 4 3.76613 0.0475908 1.35248 0.00160492 0.0159688 1.55106 1.68565 0.717752 0.218071 0.0681344 0.793932 0 0 3 3.54002 0.0356203  0 0 4 3.34525 0.0380499  0 1 3 2.7201 1.51184  0 1 4 2.49416 1.48582  0 0 2 2.47234 1.42233 
7000 3 0 1 0 0 4 3.76877 0.046215 1.38653 0.00160492 0.0159688 0.211448 0.806536 0.710289 0.222822 0.0123476 0.789663 0 0 3 3.54776 0.0370903  0 0 4 3.3512 0.0385988  0 1 3 2.7201 1.51184  0 1 4 2.49416 1.48582  0 0 2 2.47234 1.42233 
7500 3 0 1 0 0 4 3.77323 0.0470318 1.40792 0.00160492 0.0159688 0.211448 0.806536 0.686084 0.247495 0.0123476 0.789663 0 0 3 3.54776 0.0370903  0 0 4 3.3512 0.0385988  0 1 3 2.7201 1.51184  0 1 4 2.49416 1.48582  0 0 2 2.47234 1.42233 
8000 3 0 1 0 0 4 3.77932 0.0477412 1.41355 0.00160492 0.0159688 1.45807 1.69338 0.657383 0.277474 0.060769 0.810177 0 0 3 3.56115 0.273749  0 0 4 3.36852 0.388902  0 1 3 2.7201 1.51184  0 1 4 2.49416 1.48582  0 0 2 2.47234 1.42233 
8500 3 0 1 0 0 4 3.77932 0.0477412 1.41413 0.00160492 0.0159688 1.45807 1.69338 0.657383 0.277474 0.060769 0.810177 0 0 3 3.56115 0.273749  0 0 4 3.36852 0.388902  0 1 3 2.7201 1.51184  0 1 4 2.49416 1.48582  0 0 2 2.47234 1.42233 
9000 3 0 1 0 0 4 3.77932 0.0477412 1.4208 0.00160492 0.0159688 1.20438 1.631 0.657383 0.277474 0.0525868 0.801908 0 0 3 3.56115 0.273749  0 0 4 3.41428 0.0358736  0 1 3 2.7201 1.51184  0 1 4 2.49416 1.48582  0 0 2 2.47234 1.42233 
9500 3 0 1 0 0 4 3.77932 0.0477412 1.43484 0.00160492 0.0159688 1.20438 1.631 0.657383 0.277474 0.0525868 0.801908 0 0 3 3.57334 0.0400356  0 0 4 3.41428 0.0358736  0 1 3 2.7201 1.51184  0 0 2 2.5302 1.65447  0 1 4 2.49416 1.48582 
10000 3 0 1 0 0 4 3.77932 0.0477412 1.44368 0.00160492 0.0159688 1.20438 1.631 0.657383 0.277474 0.0525868 0.801908 0 0 3 3.57676 0.0421238  0 0 4 3.41428 0.0358736  0 1 3 2.7201 1.51184  0 0 2 2.5302 1.65447  0 1 4 2.49416 1.48582 
10500 3 0 1 0 0 4 3.77932 0.0477412 1.44901 0.00160492 0.0159688 1.21026 1.71991 0.657383 0.277474 0.219789 0.620871 0 0 3 3.57676 0.0421238  0 0 4 3.51872 0.0322024  0 1 3 2.73022 1.44882  0 0 2 2.5302 1.65447  0 1 4 2.49416 1.48582 
11000 3 0 0 0 0 4 3.78227 0.0486048 1.45129 0.00160492 0.0159688 1.21026 1.71991 0.785697 0.147714 0.219789 0.620871 0 0 3 3.58103 0.0301148  0 0 4 3.51872 0.0322024  0 1 3 2.73022 1.44882  0 0 2 2.5302 1.65447  0 1 4 2.49416 1.48582 
11500 3 0 0 0 0 4 3.78758 0.048713 1.45396 0.00160492 0.0159688 1.21026 1.71991 0.75752 0.181495 0.219789 0.620871 0 0 3 3.58103 0.0301148  0 0 4 3.51872 0.0322024  0 1 3 2.73022 1.44882  0 0 2 2.5302 1.65447  0 1 4 2.49416 1.48582 
12000 3 0 0 0 0 4 3.78758 0.048713 1.47042 0.00160492 0.0159688 1.21026 1.71991 0.75752 0.181495 0.219789 0.620871 0 0 3 3.58987 0.040818  0 0 4 3.51872 0.0322024  0 1 3 2.73022 1.44882  0 0 2 2.5302 1.65447  0 1 4 2.49416 1.48582 
12500 3 0 0 0 0 4 3.78758 0.048713 1.47231 0.00160492 0.0159688 1.21026 1.71991 0.75752 0.181495 0.219789 0.620871 0 0 3 3.58987 0.040818  0 0 4 3.51872 0.0322024  0 1 3 2.73022 1.44882  0 0 2 2.5302 1.65447  0 1 4 2.49416 1.48582 
13000 3 0 0 0 0 4 3.78758 0.048713 1.47549 0.00160492 0.0159688 1.21026 1.71991 0.75752 0.181495 0.219789 0.620871 0 0 3 3.58987 0.040818  0 0 4 3.51872 0.0322024  0 1 3 2.73022 1.44882  0 0 2 2.56815 1.4075  0 1 4 2.49416 1.48582 
13500 3 0 0 0 0 4 3.78758 0.048713 1.47743 0.00160492 0.0159688 0.529088 1.31059 0.75752 0.181495 0.239447 0.455541 0 0 3 3.58987 0.040818  0 0 4 3.53285 0.219623  0 1 3 2.73022 1.44882  0 0 2 2.56815 1.4075  0 1 4 2.49416 1.48582 
14000 3 0 0 0 0 4 3.78758 0.048713 1.4651 0.00160492 0.0159688 0.529088 1.31059 0.75752 0.181495 0.239447 0.455541 0 0 3 3.58987 0.040818  0 0 4 3.53285 0.219623  0 1 3 2.73022 1.44882  0 0 2 2.56815 1.4075  0 1 4 2.49416 1.48582 
14500 3 0 0 0 0 4 3.78758 0.048713 1.48538 0.00160492 0.0159688 0.529088 1.31059 0.75752 0.181495 0.239447 0.455541 0 0 3 3.60312 0.0469176  0 0 4 3.53285 0.219623  0 1 3 2.73022 1.44882  0 0 2 2.56815 1.4075  0 1 4 2.49416 1.48582 
15000 3 0 0 0 0 4 3.78758 0.048713 1.49038 0.00160492 0.0159688 0.529088 1.31059 0.75752 0.181495 0.239447 0.455541 0 0 3 3.61965 0.039775  0 0 4 3.53285 0.219623  0 1 3 2.73022 1.44882  0 0 2 2.56815 1.4075  0 1 4 2.49416 1.48582 
15500 3 0 0 0 0 4 3.78869 0.0437366 1.49606 0.00160492 0.0159688 0.529088 1.31059 0.786777 0.146931 0.239447 0.455541 0 0 3 3.61965 0.039775  0 0 4 3.53285 0.219623  0 1 3 2.73022 1.44882  0 0 2 2.56815 1.4075  0 1 4 2.49416 1.48582 
16000 3 0 0 0 0 4 3.78869 0.0437366 1.49607 0.00160492 0.0159688 0.529088 1.31059 0.786777 0.146931 0.239447 0.455541 0 0 3 3.61965 0.039775  0 0 4 3.53285 0.219623  0 1 3 2.73022 1.44882  0 0 2 2.56815 1.4075  0 1 4 2.49416 1.48582 
16500 3 0 0 0 0 4 3.78922 0.0455962 1.50064 0.00160492 0.0159688 0.223534 0.873334 0.763633 0.176329 0.0220908 0.703503 0 0 3 3.61965 0.039775  0 0 4 3.55488 0.0392112  0 1 3 2.73022 1.44882  0 0 2 2.56815 1.4075  0 1 4 2.49416 1.48582 
17000 3 0 0 0 0 4 3.78922 0.0455962 1.50309 0.00160492 0.0159688 0.223534 0.873334 0.763633 0.176329 0.0220908 0.703503 0 0 3 3.61965 0.039775  0 0 4 3.55488 0.0392112  0 1 3 2.73022 1.44882  0 0 2 2.56815 1.4075  0 1 4 2.49416 1.48582 
17500 3 0 0 0 0 4 3.78922 0.0455962 1.50565 0.00160492 0.0159688 0.223534 0.873334 0.763633 0.176329 0.0220908 0.703503 0 0 3 3.61965 0.039775  0 0 4 3.55488 0.0392112  0 1 3 2.73022 1.44882  0 0 2 2.56815 1.4075  0 1 4 2.49416 1.48582 
18000 3 0 0 0 0 4 3.78922 0.0455962 1.50676 0.00160492 0.0159688 0.223534 0.873334 0.763633 0.176329 0.0220908 0.703503 0 0 3 3.61965 0.039775  0 0 4 3.55488 0.0392112  0 1 3 2.73022 1.44882  0 0 2 2.56815 1.4075  0 1 4 2.49416 1.48582 
18500 3 0 0 0 0 4 3.78922 0.0455962 1.50818 0.00160492 0.0159688 0.223534 0.873334 0.763633 0.176329 0.0220908 0.703503 0 0 3 3.61965 0.039775  0 0 4 3.55488 0.0392112  0 1 3 2.73022 1.44882  0 0 2 2.56815 1.4075  0 1 4 2.49416 1.48582 
19000 3 0 0 0 0 4 3.78922 0.0455962 1.51065 0.00160492 0.0159688 0.236989 0.911298 0.763633 0.176329 0.141741 0.522879 0 0 3 3.61965 0.039775  0 0 4 3.58533 0.197032  0 1 3 2.73022 1.44882  0 0 2 2.56815 1.4075  0 1 4 2.49416 1.48582 
19500 3 0 0 0 0 4 3.78922 0.0455962 1.51183 0.00160492 0.0159688 0.236989 0.911298 0.763633 0.176329 0.141741 0.522879 0 0 3 3.61965 0.039775  0 0 4 3.58533 0.197032  0 1 3 2.73022 1.44882  0 0 2 2.56815 1.4075  0 1 4 2.49416 1.48582 
20000 3 0 0 0 0 4 3.78922 0.0455962 1.51216 0.00160492 0.0159688 0.236989 0.911298 0.763633 0.176329 0.141741 0.522879 0 0 3 3.61965 0.039775  0 0 4 3.58533 0.197032  0 1 3 2.73022 1.44882  0 0 2 2.56815 1.4075  0 1 4 2.49416 1.48582 
