500 2 0 2 0 0 3 3.62547 0.0435246 0.699444 -0.00167317 0.0154987 1.39618 1.64718 0.527415 0.435275 0.101381 0.734757 0 0 3 3.26812 0.207109  0 0 4 2.51418 1.37014  0 0 2 2.01091 1.65847  0 1 4 1.83575 1.65349  0 2 3 1.44245 1.53406 
1000 2 0 2 0 1 4 3.67753 0.04814 1.05557 -0.00153852 0.0154407 0.439545 1.05831 0.531955 0.421484 0.0397323 0.729136 0 0 3 3.56348 0.104735  0 0 2 2.54854 1.36067  0 0 4 2.51418 1.37014  0 1 3 2.4538 1.40756  0 1 4 1.86028 1.37392 
1500 4 0 0 0 1 4 3.72854 0.0482578 1.19216 0.00176023 0.0167708 0.643619 1.19786 0.876364 0.0438799 0.0604642 0.914843 0 0 3 3.63814 0.036543  0 0 4 3.53804 0.0351725  0 0 2 2.54854 1.36067  0 1 3 2.4538 1.40756  0 1 4 1.87532 1.32625 
2000 4 0 0 0 0 3 3.74106 0.0485924 1.25922 0.00176023 0.0167708 0.517727 1.32002 0.887082 0.0362394 0.174821 0.513674 0 0 3 3.63814 0.036543  0 0 4 3.53804 0.0351725  0 0 2 2.54854 1.36067  0 1 3 2.4538 1.40756  0 1 4 2.31057 1.45484 
2500 4 0 0 0 0 3 3.77731 0.0429455 1.25967 -0.000239623 0.0108704 0.517727 1.32002 0.822823 0.107186 0.174821 0.513674 0 0 3 3.63814 0.036543  0 0 4 3.53804 0.0351725  0 0 2 2.54854 1.36067  0 1 3 2.4538 1.40756  0 1 4 2.31057 1.45484 
3000 4 0 0 0 0 3 3.77731 0.0429455 1.31339 -0.000239623 0.0108704 0.517727 1.32002 0.822823 0.107186 0.174821 0.513674 0 0 3 3.63814 0.036543  0 0 4 3.53804 0.0351725  0 0 2 2.54854 1.36067  0 1 3 2.4538 1.40756  0 1 4 2.31057 1.45484 
3500 4 0 0 0 1 4 3.77731 0.0429455 1.32685 -0.000239623 0.0108704 1.05177 1.38685 0.822823 0.107186 0.265748 0.842811 0 0 3 3.63814 0.036543  0 0 4 3.53804 0.0351725  0 0 2 2.54854 1.36067  0 1 3 2.4538 1.40756  0 1 4 2.39355 1.29351 
4000 4 0 0 0 1 4 3.79672 0.0448571 1.34611 0.00115031 0.0114455 1.05177 1.38685 0.808119 0.127857 0.265748 0.842811 0 0 3 3.6397 0.0379477  0 0 4 3.53804 0.0351725  0 0 2 2.54854 1.36067  0 1 3 2.46696 1.44843  0 1 4 2.39355 1.29351 
4500 4 0 0 0 1 4 3.79672 0.0448571 1.35177 0.00115031 0.0114455 1.05177 1.38685 0.808119 0.127857 0.265748 0.842811 0 0 3 3.6397 0.0379477  0 0 4 3.53804 0.0351725  0 0 2 2.54854 1.36067  0 1 3 2.46696 1.44843  0 1 4 2.39355 1.29351 
5000 4 0 0 0 1 4 3.79672 0.0448571 1.38391 0.00115031 0.0114455 1.05177 1.38685 0.808119 0.127857 0.265748 0.842811 0 0 3 3.6397 0.0379477  0 0 4 3.53804 0.0351725  0 0 2 2.54854 1.36067  0 1 3 2.47223 1.30643  0 1 4 2.39355 1.29351 
5500 4 0 0 0 1 4 3.79672 0.0448571 1.40428 0.00115031 0.0114455 1.05177 1.38685 0.808119 0.127857 0.265748 0.842811 0 0 3 3.6397 0.0379477  0 0 4 3.53804 0.0351725  0 0 2 2.54854 1.36067  0 1 3 2.53646 1.42129  0 1 4 2.39355 1.29351 
6000 4 0 0 0 1 4 3.79672 0.0448571 1.41171 0.00115031 0.0114455 1.05177 1.38685 0.808119 0.127857 0.265748 0.842811 0 0 3 3.6397 0.0379477  0 0 4 3.53804 0.0351725  0 0 2 2.54854 1.36067  0 1 3 2.53646 1.42129  0 1 4 2.39355 1.29351 
6500 4 0 0 0 1 4 3.79672 0.0448571 1.43094 0.00115031 0.0114455 1.05177 1.38685 0.808119 0.127857 0.265748 0.842811 0 0 3 3.6397 0.0379477  0 0 4 3.53804 0.0351725  0 0 2 2.54854 1.36067  0 1 3 2.53646 1.42129  0 1 4 2.39355 1.29351 
7000 4 0 0 0 1 4 3.79672 0.0448571 1.43949 0.00115031 0.0114455 1.05177 1.38685 0.808119 0.127857 0.265748 0.842811 0 0 3 3.65837 0.0413784  0 0 4 3.53804 0.0351725  0 0 2 2.54854 1.36067  0 1 3 2.53646 1.42129  0 1 4 2.39355 1.29351 
7500 4 0 0 0 1 4 3.79672 0.0448571 1.45006 0.00115031 0.0114455 1.05177 1.38685 0.808119 0.127857 0.265748 0.842811 0 0 3 3.65837 0.0413784  0 0 4 3.57251 0.0416441  0 0 2 2.54854 1.36067  0 1 3 2.53646 1.42129  0 1 4 2.39355 1.29351 
8000 4 0 0 0 1 4 3.79672 0.0448571 1.45915 0.00115031 0.0114455 1.05177 1.38685 0.808119 0.127857 0.265748 0.842811 0 0 3 3.65837 0.0413784  0 0 4 3.57251 0.0416441  0 0 2 2.70743 1.52197  0 1 3 2.53646 1.42129  0 1 4 2.39355 1.29351 
8500 4 0 0 0 1 4 3.79725 0.0448922 1.4723 0.00115031 0.0114455 1.05177 1.38685 0.803475 0.132773 0.265748 0.842811 0 0 3 3.65837 0.0413784  0 0 4 3.57251 0.0416441  0 0 2 2.70743 1.52197  0 1 3 2.53646 1.42129  0 1 4 2.39355 1.29351 
9000 4 0 0 0 1 4 3.79725 0.0448922 1.47767 0.00115031 0.0114455 1.05177 1.38685 0.803475 0.132773 0.265748 0.842811 0 0 3 3.65837 0.0413784  0 0 4 3.57251 0.0416441  0 0 2 2.70743 1.52197  0 1 3 2.53646 1.42129  0 1 4 2.39355 1.29351 
9500 4 0 0 0 1 4 3.79725 0.0448922 1.48079 0.00115031 0.0114455 1.05177 1.38685 0.803475 0.132773 0.265748 0.842811 0 0 4 3.73086 0.0526166  0 0 3 3.65837 0.0413784  0 0 2 2.70743 1.52197  0 1 3 2.53646 1.42129  0 1 4 2.39355 1.29351 
10000 4 0 0 0 1 4 3.79725 0.0448922 1.48331 0.00115031 0.0114455 1.05177 1.38685 0.803475 0.132773 0.265748 0.842811 0 0 3 3.73331 0.0423267  0 0 4 3.73086 0.0526166  0 0 2 2.70743 1.52197  0 1 3 2.53646 1.42129  0 1 4 2.39355 1.29351 
10500 4 0 0 0 1 4 3.79725 0.0448922 1.487 0.00115031 0.0114455 1.05177 1.38685 0.803475 0.132773 0.265748 0.842811 0 0 3 3.73331 0.0423267  0 0 4 3.73086 0.0526166  0 0 2 2.70743 1.52197  0 1 3 2.53646 1.42129  0 1 4 2.39355 1.29351 
11000 4 0 0 0 1 4 3.79725 0.0448922 1.48999 0.00115031 0.0114455 1.05177 1.38685 0.803475 0.132773 0.265748 0.842811 0 0 3 3.73331 0.0423267  0 0 4 3.73086 0.0526166  0 0 2 2.70743 1.52197  0 1 3 2.53646 1.42129  0 1 4 2.39355 1.29351 
11500 4 0 0 0 1 4 3.79725 0.0448922 1.49286 0.00115031 0.0114455 1.05177 1.38685 0.803475 0.132773 0.265748 0.842811 0 0 3 3.73331 0.0423267  0 0 4 3.73086 0.0526166  0 0 2 2.70743 1.52197  0 1 3 2.53646 1.42129  0 1 4 2.39355 1.29351 
12000 4 0 0 0 1 4 3.79725 0.0448922 1.50304 0.00115031 0.0114455 1.05177 1.38685 0.803475 0.132773 0.265748 0.842811 0 0 3 3.76912 0.0522066  0 0 4 3.73086 0.0526166  0 0 2 2.70743 1.52197  0 1 3 2.53646 1.42129  0 1 4 2.39355 1.29351 
12500 4 0 0 0 1 4 3.79725 0.0448922 1.50619 0.00115031 0.0114455 1.05177 1.38685 0.803475 0.132773 0.265748 0.842811 0 0 3 3.76912 0.0522066  0 0 4 3.73086 0.0526166  0 0 2 2.70743 1.52197  0 1 3 2.53646 1.42129  0 1 4 2.39355 1.29351 
13000 4 0 0 0 1 4 3.79725 0.0448922 1.51158 0.00115031 0.0114455 1.05177 1.38685 0.803475 0.132773 0.265748 0.842811 0 0 3 3.76912 0.0522066  0 0 4 3.73086 0.0526166  0 0 2 2.70743 1.52197  0 1 3 2.6703 1.47235  0 1 4 2.39355 1.29351 
13500 4 0 0 0 1 4 3.79725 0.0448922 1.51446 0.00115031 0.0114455 1.05177 1.38685 0.803475 0.132773 0.265748 0.842811 0 0 3 3.76912 0.0522066  0 0 4 3.73293 0.0461555  0 0 2 2.70743 1.52197  0 1 3 2.6703 1.47235  0 1 4 2.39355 1.29351 
14000 4 0 0 0 1 4 3.79725 0.0448922 1.51615 0.00115031 0.0114455 1.05177 1.38685 0.803475 0.132773 0.265748 0.842811 0 0 3 3.76912 0.0522066  0 0 4 3.73293 0.0461555  0 0 2 2.70743 1.52197  0 1 3 2.6703 1.47235  0 1 4 2.39355 1.29351 
14500 4 0 0 0 1 4 3.79725 0.0448922 1.51962 0.00115031 0.0114455 1.05177 1.38685 0.803475 0.132773 0.265748 0.842811 0 0 3 3.76912 0.0522066  0 0 4 3.73293 0.0461555  0 0 2 2.70743 1.52197  0 1 3 2.6703 1.47235  0 1 4 2.39355 1.29351 
15000 4 0 0 0 1 4 3.79725 0.0448922 1.53429 0.00115031 0.0114455 1.05177 1.38685 0.803475 0.132773 0.265748 0.842811 0 0 3 3.76912 0.0522066  0 0 4 3.73293 0.0461555  0 0 2 2.70743 1.52197  0 1 3 2.6703 1.47235  0 1 4 2.39355 1.29351 
15500 4 0 0 0 0 4 3.79725 0.0448922 1.53532 0.00115031 0.0114455 1.72463 1.87342 0.803475 0.132773 0.073781 0.778545 0 0 3 3.76912 0.0522066  0 0 4 3.75612 0.0468876  0 0 2 2.70743 1.52197  0 1 3 2.6703 1.47235  0 1 4 2.39355 1.29351 
16000 4 0 0 0 0 4 3.79725 0.0448922 1.53579 0.00115031 0.0114455 1.72463 1.87342 0.803475 0.132773 0.073781 0.778545 0 0 3 3.76912 0.0522066  0 0 4 3.75612 0.0468876  0 0 2 2.70743 1.52197  0 1 3 2.6703 1.47235  0 1 4 2.39355 1.29351 
16500 4 0 0 0 0 4 3.79725 0.0448922 1.53664 0.00115031 0.0114455 1.72463 1.87342 0.803475 0.132773 0.073781 0.778545 0 0 3 3.76912 0.0522066  0 0 4 3.75612 0.0468876  0 0 2 2.70743 1.52197  0 1 3 2.6703 1.47235  0 1 4 2.39355 1.29351 
17000 4 0 0 0 0 4 3.79943 0.0485097 1.54253 0.00115352 0.0114774 1.72463 1.87342 0.808785 0.130716 0.073781 0.778545 0 0 3 3.76912 0.0522066  0 0 4 3.75612 0.0468876  0 0 2 2.70743 1.52197  0 1 3 2.6703 1.47235  0 1 4 2.50521 1.38313 
17500 4 0 0 0 0 4 3.79943 0.0485097 1.54535 0.00115352 0.0114774 1.72463 1.87342 0.808785 0.130716 0.073781 0.778545 0 0 3 3.76912 0.0522066  0 0 4 3.75612 0.0468876  0 0 2 2.72354 1.41742  0 1 3 2.6703 1.47235  0 1 4 2.50521 1.38313 
18000 4 0 0 0 0 4 3.79943 0.0485097 1.54793 0.00115352 0.0114774 1.72463 1.87342 0.808785 0.130716 0.073781 0.778545 0 0 3 3.76912 0.0522066  0 0 4 3.75612 0.0468876  0 0 2 2.72354 1.41742  0 1 3 2.6703 1.47235  0 1 4 2.50521 1.38313 
18500 4 0 0 0 0 4 3.79943 0.0485097 1.5554 0.00115352 0.0114774 2.79141 1.63539 0.808785 0.130716 0.369943 0.590566 0 0 3 3.76912 0.0522066  0 0 4 3.76659 0.0478284  0 0 2 2.72354 1.41742  0 1 3 2.70298 1.42403  0 1 4 2.50521 1.38313 
19000 4 0 0 0 0 3 3.79943 0.0485097 1.55541 0.00115352 0.0114774 0.660693 1.45265 0.808785 0.130716 0.45715 0.448142 0 0 3 3.76912 0.0522066  0 0 4 3.76729 0.0433507  0 0 2 2.72354 1.41742  0 1 3 2.70298 1.42403  0 1 4 2.50521 1.38313 
19500 4 0 0 0 0 3 3.79943 0.0485097 1.56163 0.00115352 0.0114774 0.660693 1.45265 0.808785 0.130716 0.45715 0.448142 0 0 3 3.76912 0.0522066  0 0 4 3.76729 0.0433507  0 0 2 2.72354 1.41742  0 1 3 2.70298 1.42403  0 1 4 2.50521 1.38313 
20000 4 0 0 0 0 3 3.79943 0.0485097 1.56361 0.00115352 0.0114774 0.660693 1.45265 0.808785 0.130716 0.45715 0.448142 0 0 3 3.76912 0.0522066  0 0 4 3.76729 0.0433507  0 0 2 2.72354 1.41742  0 1 3 2.70298 1.42403  0 1 4 2.50521 1.38313 
