500 1 0 2 0 0 4 3.62694 0.0334095 0.909985 0.00151095 0.0150338 0.769821 1.41958 0.375314 0.566885 0.0334995 0.80216 0 0 3 3.4114 0.110202  0 0 4 3.23163 0.0473719  0 0 2 2.11682 1.66089  0 0 1 1.38559 1.55352  0 0 0 0.754249 1.44211 
1000 1 0 2 0 0 4 3.65274 0.0365581 1.1133 0.00118937 0.0153252 0.769821 1.41958 0.381627 0.560594 0.0334995 0.80216 0 0 3 3.62443 0.107272  0 0 4 3.23163 0.0473719  0 0 2 2.48809 1.28858  0 0 1 2.11692 1.76956  0 2 4 1.37064 1.70443 
1500 1 0 2 0 0 4 3.65274 0.0365581 1.21166 0.00118937 0.0153252 0.734683 1.42254 0.381627 0.560594 0.0328675 0.800799 0 0 3 3.62443 0.107272  0 0 4 3.43443 0.290622  0 0 2 2.48809 1.28858  0 0 1 2.11692 1.76956  0 1 3 1.49011 1.69125 
2000 2 0 2 0 0 4 3.68378 0.0419037 1.28366 0.00160492 0.0159688 1.49403 1.72566 0.473766 0.47236 0.0573578 0.807612 0 0 3 3.62443 0.107272  0 0 4 3.4486 0.335912  0 0 2 2.48809 1.28858  0 0 1 2.11692 1.76956  0 1 3 2.06518 1.54976 
2500 4 0 0 0 1 3 3.729 0.0482233 1.35026 0.000816602 0.00812509 0.00159138 0.015834 0.861772 0.0570595 0.987305 0.767035 0 0 3 3.62443 0.107272  0 0 4 3.50641 0.405242  0 0 2 2.48809 1.28858  0 1 3 2.48341 1.28182  0 0 1 2.11692 1.76956 
3000 4 0 0 0 1 3 3.729 0.0482233 1.40193 0.000816602 0.00812509 0.00159138 0.015834 0.861772 0.0570595 0.987305 0.767035 0 0 3 3.62443 0.107272  0 0 4 3.6054 0.0498738  0 0 2 2.48809 1.28858  0 1 3 2.48341 1.28182  0 0 1 2.11692 1.76956 
3500 0 0 4 0 1 3 3.74112 0.0568604 1.41754 0.0014989 0.0160142 0.00159138 0.015834 0.0508178 0.869757 0.987305 0.767035 0 0 4 3.74112 0.0568604  0 0 3 3.62443 0.107272  0 0 2 2.48809 1.28858  0 1 3 2.48341 1.28182  0 0 1 2.11692 1.76956 
4000 0 0 4 0 0 4 3.74202 0.0458116 1.43699 1.41586 1.81825 1.41586 1.81825 0.0436686 0.876727 0.0458983 0.836822 0 0 4 3.74202 0.0458116  0 0 3 3.66216 0.0427309  0 0 2 2.53002 1.69691  0 1 3 2.48341 1.28182  0 1 4 2.29261 1.40056 
4500 0 0 4 0 0 4 3.74202 0.0458116 1.45384 1.41586 1.81825 1.41586 1.81825 0.0436686 0.876727 0.0458983 0.836822 0 0 4 3.74202 0.0458116  0 0 3 3.67329 0.0390772  0 0 2 2.53002 1.69691  0 1 3 2.48341 1.28182  0 1 4 2.29261 1.40056 
5000 0 0 4 0 0 4 3.74993 0.0451273 1.46571 0.872028 1.59768 0.872028 1.59768 0.0427181 0.87812 0.031422 0.838804 0 0 4 3.74993 0.0451273  0 0 3 3.67329 0.0390772  0 0 2 2.73325 1.39153  0 1 3 2.54434 1.35819  0 1 4 2.30576 1.47735 
5500 0 0 4 0 0 4 3.74993 0.0451273 1.45688 0.872028 1.59768 0.872028 1.59768 0.0427181 0.87812 0.031422 0.838804 0 0 4 3.74993 0.0451273  0 0 3 3.67329 0.0390772  0 0 2 2.73325 1.39153  0 1 3 2.54434 1.35819  0 1 4 2.30576 1.47735 
6000 0 0 4 0 0 4 3.74993 0.0451273 1.46396 0.872028 1.59768 0.872028 1.59768 0.0427181 0.87812 0.031422 0.838804 0 0 4 3.74993 0.0451273  0 0 3 3.67329 0.0390772  0 0 2 2.73325 1.39153  0 1 3 2.54434 1.35819  0 1 4 2.30576 1.47735 
6500 0 0 4 0 0 4 3.74993 0.0451273 1.47104 0.872028 1.59768 0.872028 1.59768 0.0427181 0.87812 0.031422 0.838804 0 0 4 3.74993 0.0451273  0 0 3 3.67329 0.0390772  0 0 2 2.73325 1.39153  0 1 3 2.58535 1.334  0 1 4 2.30576 1.47735 
7000 0 0 4 0 0 4 3.74993 0.0451273 1.47715 0.872028 1.59768 0.872028 1.59768 0.0427181 0.87812 0.031422 0.838804 0 0 4 3.74993 0.0451273  0 0 3 3.67329 0.0390772  0 0 2 2.73325 1.39153  0 1 3 2.58535 1.334  0 1 4 2.30576 1.47735 
7500 3 0 0 0 0 4 3.76078 0.0472649 1.49895 0.00144643 0.0142234 0.872028 1.59768 0.792337 0.139114 0.031422 0.838804 0 0 4 3.74993 0.0451273  0 0 3 3.67329 0.0390772  0 0 2 2.73325 1.39153  0 1 3 2.58535 1.334  0 1 4 2.31224 1.4579 
8000 3 0 0 0 0 4 3.76078 0.0472649 1.50877 0.00144643 0.0142234 0.872028 1.59768 0.792337 0.139114 0.031422 0.838804 0 0 4 3.74993 0.0451273  0 0 3 3.67329 0.0390772  0 0 2 2.73325 1.39153  0 1 3 2.58535 1.334  0 1 4 2.38577 1.42794 
8500 4 0 0 0 0 4 3.78279 0.0481355 1.53326 0.00158929 0.0158133 0.872028 1.59768 0.804257 0.12833 0.031422 0.838804 0 0 4 3.74993 0.0451273  0 0 3 3.67329 0.0390772  0 0 2 2.73325 1.39153  0 1 3 2.58535 1.334  0 1 4 2.38577 1.42794 
9000 4 0 0 0 0 4 3.78279 0.0481355 1.53767 0.00158929 0.0158133 0.872028 1.59768 0.804257 0.12833 0.031422 0.838804 0 0 4 3.74993 0.0451273  0 0 3 3.67329 0.0390772  0 0 2 2.73325 1.39153  0 1 3 2.58535 1.334  0 1 4 2.38577 1.42794 
9500 4 0 0 0 0 4 3.78279 0.0481355 1.5455 0.00158929 0.0158133 0.872028 1.59768 0.804257 0.12833 0.031422 0.838804 0 0 4 3.74993 0.0451273  0 0 3 3.67329 0.0390772  0 0 2 2.73325 1.39153  0 1 3 2.58535 1.334  0 1 4 2.38577 1.42794 
10000 4 0 0 0 0 4 3.78279 0.0481355 1.55147 0.00158929 0.0158133 0.872028 1.59768 0.804257 0.12833 0.031422 0.838804 0 0 4 3.74993 0.0451273  0 0 3 3.67329 0.0390772  0 0 2 2.73325 1.39153  0 1 3 2.58535 1.334  0 1 4 2.38577 1.42794 
10500 4 0 0 0 0 4 3.78279 0.0481355 1.55513 0.00158929 0.0158133 0.872028 1.59768 0.804257 0.12833 0.031422 0.838804 0 0 4 3.74993 0.0451273  0 0 3 3.67329 0.0390772  0 0 2 2.73325 1.39153  0 1 3 2.58535 1.334  0 1 4 2.38577 1.42794 
11000 4 0 0 0 0 4 3.78279 0.0481355 1.56548 0.00158929 0.0158133 0.872028 1.59768 0.804257 0.12833 0.031422 0.838804 0 0 4 3.74993 0.0451273  0 0 3 3.67329 0.0390772  0 0 2 2.73325 1.39153  0 1 3 2.70719 1.45326  0 1 4 2.38577 1.42794 
11500 4 0 0 0 0 4 3.78279 0.0481355 1.56866 0.00158929 0.0158133 0.872028 1.59768 0.804257 0.12833 0.031422 0.838804 0 0 4 3.74993 0.0451273  0 0 3 3.67329 0.0390772  0 0 2 2.73325 1.39153  0 1 3 2.70719 1.45326  0 1 4 2.38577 1.42794 
12000 4 0 0 0 0 4 3.78279 0.0481355 1.56969 0.00158929 0.0158133 0.872028 1.59768 0.804257 0.12833 0.031422 0.838804 0 0 4 3.74993 0.0451273  0 0 3 3.67329 0.0390772  0 0 2 2.73325 1.39153  0 1 3 2.70719 1.45326  0 1 4 2.38577 1.42794 
12500 4 0 0 0 0 4 3.78279 0.0481355 1.57189 0.00158929 0.0158133 0.872028 1.59768 0.804257 0.12833 0.031422 0.838804 0 0 4 3.74993 0.0451273  0 0 3 3.71063 0.0592823  0 0 2 2.73325 1.39153  0 1 3 2.70719 1.45326  0 1 4 2.38577 1.42794 
13000 4 0 0 0 1 4 3.78279 0.0481355 1.57428 0.00158929 0.0158133 0.00160492 0.0159688 0.804257 0.12833 0.984818 0.751793 0 0 4 3.75096 0.0545243  0 0 3 3.71063 0.0592823  0 0 2 2.73325 1.39153  0 1 3 2.70719 1.45326  0 1 4 2.38577 1.42794 
13500 4 0 0 0 1 4 3.78279 0.0481355 1.58664 0.00158929 0.0158133 0.00160492 0.0159688 0.804257 0.12833 0.984818 0.751793 0 0 4 3.75096 0.0545243  0 0 3 3.71063 0.0592823  0 0 2 2.73325 1.39153  0 1 3 2.70719 1.45326  0 1 4 2.38577 1.42794 
14000 4 0 0 0 1 4 3.78279 0.0481355 1.58763 0.00158929 0.0158133 0.00160492 0.0159688 0.804257 0.12833 0.984818 0.751793 0 0 4 3.75096 0.0545243  0 0 3 3.71063 0.0592823  0 0 2 2.73325 1.39153  0 1 3 2.70719 1.45326  0 1 4 2.38577 1.42794 
14500 3 0 0 0 1 4 3.78546 0.0442307 1.5941 0.0011719 0.013333 0.00160492 0.0159688 0.791052 0.14741 0.984818 0.751793 0 0 4 3.75096 0.0545243  0 0 3 3.71063 0.0592823  0 0 2 2.73325 1.39153  0 1 3 2.70719 1.45326  0 1 4 2.38577 1.42794 
15000 3 0 0 0 1 4 3.78546 0.0442307 1.59686 0.0011719 0.013333 0.00160492 0.0159688 0.791052 0.14741 0.984818 0.751793 0 0 4 3.75096 0.0545243  0 0 3 3.71063 0.0592823  0 0 2 2.73325 1.39153  0 1 3 2.70719 1.45326  0 1 4 2.38577 1.42794 
15500 3 0 0 0 1 4 3.78546 0.0442307 1.60162 0.0011719 0.013333 0.00160492 0.0159688 0.791052 0.14741 0.984818 0.751793 0 0 4 3.75096 0.0545243  0 0 3 3.72333 0.0473012  0 0 2 2.73325 1.39153  0 1 3 2.70719 1.45326  0 1 4 2.38577 1.42794 
16000 3 0 0 0 1 4 3.78546 0.0442307 1.60441 0.0011719 0.013333 0.00160492 0.0159688 0.791052 0.14741 0.984818 0.751793 0 0 4 3.75096 0.0545243  0 0 3 3.72333 0.0473012  0 0 2 2.73325 1.39153  0 1 3 2.70719 1.45326  0 1 4 2.38577 1.42794 
16500 3 0 0 0 1 4 3.78546 0.0442307 1.61189 0.0011719 0.013333 0.00160492 0.0159688 0.791052 0.14741 0.984818 0.751793 0 0 4 3.75096 0.0545243  0 0 3 3.72333 0.0473012  0 0 2 2.73325 1.39153  0 1 3 2.70719 1.45326  0 1 4 2.38577 1.42794 
17000 3 0 0 0 1 4 3.78546 0.0442307 1.61517 0.0011719 0.013333 0.00160492 0.0159688 0.791052 0.14741 0.984818 0.751793 0 0 4 3.75096 0.0545243  0 0 3 3.72333 0.0473012  0 0 2 2.73325 1.39153  0 1 3 2.70719 1.45326  0 1 4 2.38577 1.42794 
17500 3 0 0 0 1 4 3.78546 0.0442307 1.61689 0.0011719 0.013333 0.00160492 0.0159688 0.791052 0.14741 0.984818 0.751793 0 0 4 3.75096 0.0545243  0 0 3 3.72333 0.0473012  0 0 2 2.73325 1.39153  0 1 3 2.70719 1.45326  0 1 4 2.38577 1.42794 
18000 3 0 0 0 1 4 3.78546 0.0442307 1.62021 0.0011719 0.013333 0.00160492 0.0159688 0.791052 0.14741 0.984818 0.751793 0 0 4 3.75096 0.0545243  0 0 3 3.72333 0.0473012  0 0 2 2.73325 1.39153  0 1 3 2.70719 1.45326  0 1 4 2.38577 1.42794 
18500 3 0 0 0 1 4 3.78546 0.0442307 1.62309 0.0011719 0.013333 0.00160492 0.0159688 0.791052 0.14741 0.984818 0.751793 0 0 4 3.75096 0.0545243  0 0 3 3.72333 0.0473012  0 0 2 2.77134 1.37345  0 1 3 2.70719 1.45326  0 1 4 2.38577 1.42794 
19000 3 0 0 0 1 4 3.78546 0.0442307 1.62425 0.0011719 0.013333 0.00160492 0.0159688 0.791052 0.14741 0.984818 0.751793 0 0 4 3.75096 0.0545243  0 0 3 3.72565 0.0492347  0 0 2 2.77134 1.37345  0 1 3 2.70719 1.45326  0 1 4 2.38577 1.42794 
19500 3 0 1 0 1 4 3.78842 0.04654 1.6258 0.00160492 0.0159688 0.00160492 0.0159688 0.734497 0.208214 0.984818 0.751793 0 0 4 3.75096 0.0545243  0 0 3 3.72565 0.0492347  0 0 2 2.77134 1.37345  0 1 3 2.70719 1.45326  0 1 4 2.38577 1.42794 
20000 3 0 1 0 1 4 3.78842 0.04654 1.62675 0.00160492 0.0159688 0.00160492 0.0159688 0.734497 0.208214 0.984818 0.751793 0 0 4 3.75096 0.0545243  0 0 3 3.72565 0.0492347  0 0 2 2.77134 1.37345  0 1 3 2.70719 1.45326  0 1 4 2.38577 1.42794 
