500 6 0 7 0 12 13 3.4267 0.0460332 0.017651 0.00107831 0.012097 0.00160492 0.0159688 0.432989 0.510609 0.984818 0.751793 0 12 13 0.0349372 0.153746  0 6 14 0.0243744 0.173635  0 13 14 0.0228487 0.109191  0 8 14 0.0221565 0.124077  0 10 14 0.0188798 0.102621 
1000 6 0 7 0 0 11 3.4267 0.0460332 0.0444485 0.00107831 0.012097 0.498837 1.23234 0.432989 0.510609 0.0856888 0.595264 0 0 11 1.72275 1.66968  0 4 9 0.826715 1.38365  0 1 3 0.487535 1.17664  0 0 7 0.190209 0.429277  0 0 9 0.169726 0.728961 
1500 8 0 5 0 1 10 3.63237 0.0516859 0.0997024 0.00160492 0.0159688 1.14905 1.51085 0.594175 0.333817 0.142374 0.663742 0 0 11 1.72275 1.66968  0 4 9 0.826715 1.38365  0 0 7 0.631475 1.26233  0 1 10 0.605873 1.22774  0 1 3 0.487535 1.17664 
2000 10 0 2 0 0 11 3.63745 0.0564081 0.193001 0.00115094 0.0114517 0.498837 1.23234 0.730969 0.184656 0.0856888 0.595264 0 0 11 1.72275 1.66968  0 1 11 1.00909 1.05766  0 4 9 0.826715 1.38365  0 4 8 0.789437 1.35956  0 0 12 0.765961 1.41817 
2500 10 0 3 0 0 10 3.73219 0.0484138 0.303214 0.00160492 0.0159688 0.502884 1.26122 0.68711 0.238145 0.0552202 0.607938 0 0 11 1.72275 1.66968  0 5 12 1.0425 1.48706  0 0 10 1.01172 1.54653  0 1 11 1.00909 1.05766  0 4 9 0.826715 1.38365 
3000 10 0 3 0 0 13 3.73219 0.0484138 0.393512 0.00160492 0.0159688 2.65695 0.440121 0.68711 0.238145 0.00225332 0.919861 0 0 12 3.14946 0.628029  0 0 13 2.67806 0.0623368  0 0 11 1.72275 1.66968  0 5 12 1.0425 1.48706  0 0 10 1.01172 1.54653 
3500 10 0 3 0 0 13 3.73219 0.0484138 0.460757 0.00160492 0.0159688 2.65695 0.440121 0.68711 0.238145 0.00225332 0.919861 0 0 12 3.5764 0.226647  0 0 13 2.67806 0.0623368  0 0 7 1.83203 1.81403  0 0 11 1.72275 1.66968  0 1 5 1.05251 1.47142 
4000 10 0 3 0 0 13 3.73219 0.0484138 0.513092 0.00160492 0.0159688 2.65695 0.440121 0.68711 0.238145 0.00225332 0.919861 0 0 12 3.5764 0.226647  0 0 13 2.67806 0.0623368  0 0 7 1.83203 1.81403  0 0 11 1.72275 1.66968  0 0 6 1.53334 1.8075 
4500 10 0 3 0 0 11 3.73219 0.0484138 0.555022 0.00160492 0.0159688 2.73234 0.349585 0.68711 0.238145 0.0904678 0.774594 0 0 12 3.71371 0.0479559  0 0 13 2.67806 0.0623368  0 0 11 2.60111 0.0555177  0 0 7 1.83203 1.81403  0 1 12 1.68898 0.474733 
5000 10 0 3 0 0 11 3.73219 0.0484138 0.587294 0.00160492 0.0159688 2.73234 0.349585 0.68711 0.238145 0.0904678 0.774594 0 0 12 3.71901 0.062283  0 0 13 2.67806 0.0623368  0 0 11 2.60111 0.0555177  0 0 7 2.21197 1.78163  0 1 9 2.14513 1.67722 
5500 10 0 3 0 0 11 3.73219 0.0484138 0.609527 0.00160492 0.0159688 2.73234 0.349585 0.68711 0.238145 0.0904678 0.774594 0 0 12 3.71901 0.062283  0 0 13 2.67806 0.0623368  0 0 11 2.60111 0.0555177  0 0 7 2.21197 1.78163  0 1 9 2.14513 1.67722 
6000 10 0 3 0 0 13 3.73219 0.0484138 0.630945 0.00160492 0.0159688 2.65695 0.440121 0.68711 0.238145 0.00225332 0.919861 0 0 12 3.71901 0.062283  0 0 11 3.43381 0.787378  0 0 13 2.67806 0.0623368  0 0 8 2.50318 1.61089  0 0 7 2.21197 1.78163 
6500 10 0 3 0 0 13 3.73219 0.0484138 0.646928 0.00160492 0.0159688 2.65695 0.440121 0.68711 0.238145 0.00225332 0.919861 0 0 12 3.71901 0.062283  0 0 11 3.43381 0.787378  0 0 13 2.67806 0.0623368  0 0 8 2.50318 1.61089  0 1 12 2.25819 0.612141 
7000 10 0 3 0 0 13 3.73219 0.0484138 0.662126 0.00160492 0.0159688 2.65695 0.440121 0.68711 0.238145 0.00225332 0.919861 0 0 12 3.71901 0.062283  0 0 11 3.43381 0.787378  0 0 13 2.67806 0.0623368  0 0 8 2.50318 1.61089  0 1 12 2.25819 0.612141 
7500 11 0 2 0 0 13 3.75314 0.0492293 0.67582 0.00160492 0.0159688 2.65695 0.440121 0.779152 0.14574 0.00225332 0.919861 0 0 12 3.71901 0.062283  0 0 11 3.43381 0.787378  0 0 13 2.67806 0.0623368  0 0 10 2.53968 1.55868  0 0 8 2.50318 1.61089 
8000 11 0 2 0 0 13 3.75314 0.0492293 0.690233 0.00160492 0.0159688 2.65695 0.440121 0.779152 0.14574 0.00225332 0.919861 0 0 12 3.72967 0.0632081  0 0 11 3.43381 0.787378  0 0 13 2.67806 0.0623368  0 0 10 2.53968 1.55868  0 0 8 2.50318 1.61089 
8500 11 0 2 0 1 11 3.75314 0.0492293 0.702966 0.00160492 0.0159688 3.19301 0.338449 0.779152 0.14574 0.0784398 0.814586 0 0 12 3.72967 0.0632081  0 0 11 3.43381 0.787378  0 0 9 2.81533 1.58743  0 1 11 2.68964 0.292507  0 0 13 2.67806 0.0623368 
9000 13 0 0 0 0 13 3.75769 0.0476172 0.719447 0.00044437 0.00442142 3.66657 0.382225 0.872328 0.0500874 0.0738851 0.856337 0 0 12 3.73461 0.0529879  0 0 13 3.71488 0.0555919  0 0 11 3.43381 0.787378  0 0 9 2.81533 1.58743  0 1 11 2.68964 0.292507 
9500 13 0 0 0 0 13 3.75769 0.0476172 0.730648 0.00044437 0.00442142 3.66657 0.382225 0.872328 0.0500874 0.0738851 0.856337 0 0 12 3.73461 0.0529879  0 0 13 3.71488 0.0555919  0 0 11 3.43381 0.787378  0 0 9 2.81533 1.58743  0 1 11 2.68964 0.292507 
10000 13 0 0 0 0 13 3.75769 0.0476172 0.74842 0.00044437 0.00442142 3.66657 0.382225 0.872328 0.0500874 0.0738851 0.856337 0 0 12 3.73461 0.0529879  0 0 13 3.71488 0.0555919  0 0 11 3.43381 0.787378  0 0 9 2.81533 1.58743  0 1 11 2.68964 0.292507 
10500 13 0 0 0 0 13 3.75769 0.0476172 0.761192 0.00044437 0.00442142 3.67044 0.383389 0.872328 0.0500874 0.0779511 0.853855 0 0 12 3.73461 0.0529879  0 0 13 3.71572 0.0547556  0 0 11 3.43381 0.787378  0 0 9 2.81533 1.58743  0 1 11 2.68964 0.292507 
11000 13 0 0 0 0 13 3.75769 0.0476172 0.775286 0.00044437 0.00442142 3.67044 0.383389 0.872328 0.0500874 0.0779511 0.853855 0 0 12 3.73461 0.0529879  0 0 13 3.71572 0.0547556  0 0 11 3.43381 0.787378  0 0 10 3.05844 1.41047  0 0 9 2.81533 1.58743 
11500 13 0 0 0 0 13 3.75769 0.0476172 0.789054 0.00044437 0.00442142 3.67044 0.383389 0.872328 0.0500874 0.0779511 0.853855 0 0 12 3.73461 0.0529879  0 0 13 3.71572 0.0547556  0 0 11 3.43381 0.787378  0 0 10 3.05844 1.41047  0 0 9 2.81533 1.58743 
12000 12 0 1 0 0 13 3.75911 0.0568288 0.799502 0.00106607 0.0106072 3.67044 0.383389 0.840505 0.0855358 0.0779511 0.853855 0 0 12 3.73461 0.0529879  0 0 13 3.71572 0.0547556  0 0 11 3.43381 0.787378  0 0 10 3.05844 1.41047  0 0 9 2.81533 1.58743 
12500 11 0 1 0 0 13 3.7598 0.0497593 0.80942 0.00160492 0.0159688 3.67044 0.383389 0.796664 0.129005 0.0779511 0.853855 0 0 12 3.73461 0.0529879  0 0 13 3.71572 0.0547556  0 0 11 3.43381 0.787378  0 0 10 3.05844 1.41047  0 0 9 2.81533 1.58743 
13000 11 0 2 0 0 13 3.76335 0.0582625 0.818429 0.00160492 0.0159688 3.67044 0.383389 0.756278 0.172408 0.0779511 0.853855 0 0 12 3.73504 0.0545021  0 0 13 3.71572 0.0547556  0 0 11 3.43381 0.787378  0 0 10 3.05844 1.41047  0 0 9 2.81533 1.58743 
13500 11 0 2 0 0 13 3.76335 0.0582625 0.828645 0.00160492 0.0159688 3.1374 1.35864 0.756278 0.172408 0.131373 0.788512 0 0 13 3.73607 0.0565947  0 0 12 3.73504 0.0545021  0 0 11 3.43381 0.787378  0 0 10 3.05844 1.41047  0 0 9 2.81533 1.58743 
14000 11 0 2 0 0 13 3.76335 0.0582625 0.840097 0.00160492 0.0159688 3.1374 1.35864 0.756278 0.172408 0.131373 0.788512 0 0 13 3.73607 0.0565947  0 0 12 3.73504 0.0545021  0 0 11 3.43381 0.787378  0 0 10 3.05844 1.41047  0 0 9 2.81533 1.58743 
14500 11 0 2 0 0 13 3.76335 0.0582625 0.849476 0.00160492 0.0159688 3.1374 1.35864 0.756278 0.172408 0.131373 0.788512 0 0 13 3.73607 0.0565947  0 0 12 3.73504 0.0545021  0 0 11 3.43381 0.787378  0 0 10 3.05844 1.41047  0 0 9 2.81533 1.58743 
15000 11 0 2 0 0 13 3.76335 0.0582625 0.85417 0.00160492 0.0159688 3.1374 1.35864 0.756278 0.172408 0.131373 0.788512 0 0 13 3.73607 0.0565947  0 0 12 3.73504 0.0545021  0 0 11 3.43381 0.787378  0 0 10 3.05844 1.41047  0 0 9 2.81533 1.58743 
15500 10 0 3 0 0 13 3.76471 0.0537376 0.863729 0.00160492 0.0159688 3.1374 1.35864 0.703457 0.226128 0.131373 0.788512 0 0 13 3.73607 0.0565947  0 0 12 3.73504 0.0545021  0 0 11 3.43381 0.787378  0 0 10 3.05844 1.41047  0 0 9 2.81533 1.58743 
16000 10 0 3 0 0 13 3.76471 0.0537376 0.868518 0.00160492 0.0159688 3.1374 1.35864 0.703457 0.226128 0.131373 0.788512 0 0 13 3.73607 0.0565947  0 0 12 3.73504 0.0545021  0 0 11 3.43381 0.787378  0 0 10 3.05844 1.41047  0 0 9 2.81533 1.58743 
16500 10 0 3 0 0 13 3.76742 0.0539984 0.880318 0.00160492 0.0159688 3.1374 1.35864 0.726567 0.203302 0.131373 0.788512 0 0 13 3.73607 0.0565947  0 0 12 3.73504 0.0545021  0 0 11 3.43381 0.787378  0 0 10 3.05844 1.41047  0 0 9 2.81533 1.58743 
17000 10 0 3 0 0 13 3.76742 0.0539984 0.886704 0.00160492 0.0159688 3.1374 1.35864 0.726567 0.203302 0.131373 0.788512 0 0 13 3.73607 0.0565947  0 0 12 3.73504 0.0545021  0 0 11 3.43381 0.787378  0 0 10 3.05844 1.41047  0 0 9 2.81533 1.58743 
17500 10 0 3 0 0 13 3.76742 0.0539984 0.893723 0.00160492 0.0159688 3.1374 1.35864 0.726567 0.203302 0.131373 0.788512 0 0 13 3.73607 0.0565947  0 0 12 3.73504 0.0545021  0 0 11 3.43381 0.787378  0 0 10 3.05844 1.41047  0 0 9 2.81533 1.58743 
18000 10 0 3 0 0 13 3.77044 0.0454575 0.90056 0.00160492 0.0159688 3.1374 1.35864 0.708797 0.223515 0.131373 0.788512 0 0 13 3.73607 0.0565947  0 0 12 3.73504 0.0545021  0 0 11 3.43381 0.787378  0 0 10 3.05844 1.41047  0 0 9 2.81533 1.58743 
18500 10 0 3 0 0 13 3.77044 0.0454575 0.908806 0.00160492 0.0159688 3.1374 1.35864 0.708797 0.223515 0.131373 0.788512 0 0 13 3.73607 0.0565947  0 0 12 3.73504 0.0545021  0 0 11 3.43381 0.787378  0 0 10 3.05844 1.41047  0 0 9 2.81533 1.58743 
19000 10 0 3 0 0 13 3.77044 0.0454575 0.915089 0.00160492 0.0159688 3.1374 1.35864 0.708797 0.223515 0.131373 0.788512 0 0 13 3.73607 0.0565947  0 0 12 3.73504 0.0545021  0 0 11 3.43381 0.787378  0 0 10 3.05844 1.41047  0 0 9 2.81533 1.58743 
19500 10 0 3 0 0 13 3.77044 0.0454575 0.919658 0.00160492 0.0159688 3.1374 1.35864 0.708797 0.223515 0.131373 0.788512 0 0 13 3.73607 0.0565947  0 0 12 3.73504 0.0545021  0 0 11 3.43381 0.787378  0 0 10 3.05844 1.41047  0 0 9 2.81533 1.58743 
20000 10 0 3 0 0 13 3.77044 0.0454575 0.927404 0.00160492 0.0159688 3.1374 1.35864 0.708797 0.223515 0.131373 0.788512 0 0 12 3.73684 0.0478022  0 0 13 3.73607 0.0565947  0 0 11 3.43381 0.787378  0 0 10 3.05844 1.41047  0 0 9 2.81533 1.58743 
