500 21 25 7 0 25 29 0.0391885 0.175494 0.0037916 0.00160492 0.0159688 0.00160492 0.0159688 0.723641 0.257744 0.984818 0.751793 0 25 29 0.0252559 0.132845  0 24 29 0.02337 0.152638  0 27 29 0.0233628 0.115537  0 26 29 0.0209828 0.106568  0 11 21 0.0178017 0.0946277 
1000 13 0 14 0 24 28 1.88868 0.0327181 0.00487673 0.00131787 0.00683222 0.00160492 0.0159688 0.441783 0.491575 0.984818 0.751793 0 24 28 0.0256144 0.130218  0 25 29 0.0252559 0.132845  0 15 29 0.0241878 0.107095  0 24 29 0.02337 0.152638  0 27 29 0.0233628 0.115537 
1500 13 0 15 0 20 29 3.34236 0.0380781 0.00718458 0.0368401 0.334497 0.00160492 0.0159688 0.446351 0.50953 0.984818 0.751793 0 20 29 0.0266004 0.15525  0 24 28 0.0256144 0.130218  0 25 29 0.0252559 0.132845  0 11 28 0.0244661 0.114617  0 15 29 0.0241878 0.107095 
2000 20 0 7 0 1 8 3.49368 0.145388 0.00873684 -0.000647944 0.0172962 0.0920606 0.442146 0.698443 0.235715 0.883426 0.100176 0 1 8 0.070479 0.418335  0 0 26 0.0272811 0.0632301  0 20 29 0.0266004 0.15525  0 24 28 0.0256144 0.130218  0 25 29 0.0252559 0.132845 
2500 13 0 15 0 0 18 3.5525 0.0403549 0.0102332 0.520415 1.28985 0.149217 0.708567 0.450738 0.509821 0.0180938 0.672273 0 1 4 0.241485 0.879788  0 0 18 0.111734 0.596432  0 1 8 0.070479 0.418335  0 0 26 0.0272811 0.0632301  0 20 29 0.0266004 0.15525 
3000 13 0 15 0 0 18 3.5525 0.0403549 0.0113825 0.520415 1.28985 0.149217 0.708567 0.450738 0.509821 0.0180938 0.672273 0 1 4 0.241485 0.879788  0 0 18 0.111734 0.596432  0 27 29 0.0793395 0.474101  0 1 8 0.070479 0.418335  0 13 18 0.037638 0.212854 
3500 13 0 15 0 0 26 3.5525 0.0403549 0.0134348 0.520415 1.28985 0.5514 0.484521 0.450738 0.509821 0.0658359 0.839828 0 0 26 0.8991 0.0316541  0 8 21 0.300001 0.939503  0 1 4 0.241485 0.879788  0 0 29 0.164845 0.689121  0 7 11 0.145306 0.595603 
4000 13 0 15 0 0 26 3.5525 0.0403549 0.014824 0.520415 1.28985 0.5514 0.484521 0.450738 0.509821 0.0658359 0.839828 0 0 26 0.8991 0.0316541  0 0 3 0.303922 0.977285  0 8 21 0.300001 0.939503  0 1 4 0.241485 0.879788  0 0 29 0.164845 0.689121 
4500 13 0 15 0 0 26 3.5525 0.0403549 0.0163975 0.520415 1.28985 0.5514 0.484521 0.450738 0.509821 0.0658359 0.839828 0 0 26 0.8991 0.0316541  0 0 3 0.303922 0.977285  0 8 21 0.300001 0.939503  0 1 4 0.241485 0.879788  0 0 29 0.164845 0.689121 
5000 13 0 15 0 0 26 3.5525 0.0403549 0.0183435 0.520415 1.28985 0.5514 0.484521 0.450738 0.509821 0.0658359 0.839828 0 0 26 0.8991 0.0316541  0 0 3 0.303922 0.977285  0 8 21 0.300001 0.939503  0 1 4 0.241485 0.879788  0 0 29 0.164845 0.689121 
5500 15 0 12 0 0 26 3.57731 0.0357151 0.0203328 0.00491079 0.0473714 0.5514 0.484521 0.52831 0.431625 0.0658359 0.839828 0 0 26 0.8991 0.0316541  0 0 21 0.629985 0.813993  0 0 3 0.303922 0.977285  0 8 21 0.300001 0.939503  0 1 4 0.241485 0.879788 
6000 15 0 12 0 0 26 3.57731 0.0357151 0.022069 0.00491079 0.0473714 0.5514 0.484521 0.52831 0.431625 0.0658359 0.839828 0 0 26 0.8991 0.0316541  0 0 21 0.629985 0.813993  0 0 3 0.303922 0.977285  0 8 21 0.300001 0.939503  0 21 26 0.244831 0.796546 
6500 15 0 12 0 0 26 3.57731 0.0357151 0.024251 0.00491079 0.0473714 0.5514 0.484521 0.52831 0.431625 0.0658359 0.839828 0 0 26 0.8991 0.0316541  0 0 21 0.629985 0.813993  0 0 3 0.303922 0.977285  0 8 21 0.300001 0.939503  0 21 26 0.244831 0.796546 
7000 15 0 12 0 0 26 3.57731 0.0357151 0.0274734 0.00491079 0.0473714 0.5514 0.484521 0.52831 0.431625 0.0658359 0.839828 0 0 26 0.8991 0.0316541  0 0 21 0.629985 0.813993  0 0 3 0.303922 0.977285  0 8 21 0.300001 0.939503  0 21 26 0.244831 0.796546 
7500 15 0 12 0 0 26 3.57731 0.0357151 0.0301706 0.00491079 0.0473714 0.5514 0.484521 0.52831 0.431625 0.0658359 0.839828 0 0 26 0.8991 0.0316541  0 0 21 0.629985 0.813993  0 0 3 0.303922 0.977285  0 8 21 0.300001 0.939503  0 21 26 0.244831 0.796546 
8000 15 0 12 0 0 26 3.57731 0.0357151 0.0325877 0.00491079 0.0473714 0.5514 0.484521 0.52831 0.431625 0.0658359 0.839828 0 0 26 0.8991 0.0316541  0 0 21 0.629985 0.813993  0 0 3 0.303922 0.977285  0 8 21 0.300001 0.939503  0 21 26 0.244831 0.796546 
8500 15 0 12 0 0 26 3.57731 0.0357151 0.0360241 0.00491079 0.0473714 0.5514 0.484521 0.52831 0.431625 0.0658359 0.839828 0 0 26 0.8991 0.0316541  0 0 19 0.752925 1.3829  0 0 11 0.6345 1.37463  0 0 21 0.629985 0.813993  0 1 22 0.553772 0.839339 
9000 15 0 12 0 0 26 3.57731 0.0357151 0.0385162 0.00491079 0.0473714 0.5514 0.484521 0.52831 0.431625 0.0658359 0.839828 0 0 26 0.8991 0.0316541  0 0 19 0.752925 1.3829  0 0 11 0.6345 1.37463  0 0 21 0.629985 0.813993  0 1 22 0.553772 0.839339 
9500 24 0 2 0 0 26 3.61614 0.0478811 0.0413702 0.000776907 0.00773012 0.5514 0.484521 0.829706 0.0815122 0.0658359 0.839828 0 0 26 0.8991 0.0316541  0 0 19 0.752925 1.3829  0 0 11 0.6345 1.37463  0 0 21 0.629985 0.813993  0 1 22 0.553772 0.839339 
10000 24 0 2 0 2 20 3.61614 0.0478811 0.0455562 0.000776907 0.00773012 1.28055 0.69243 0.829706 0.0815122 0.063236 0.733886 0 2 20 1.08434 0.791334  0 0 26 0.8991 0.0316541  0 0 19 0.752925 1.3829  0 0 11 0.6345 1.37463  0 0 21 0.629985 0.813993 
10500 17 0 10 0 2 20 3.63485 0.0420318 0.0493384 0.0721086 0.480157 1.28055 0.69243 0.599405 0.356368 0.063236 0.733886 0 2 20 1.08434 0.791334  0 0 26 0.8991 0.0316541  0 1 24 0.789194 0.253222  0 0 19 0.752925 1.3829  0 0 11 0.6345 1.37463 
11000 17 0 10 0 2 20 3.63485 0.0420318 0.0548117 0.0721086 0.480157 1.28055 0.69243 0.599405 0.356368 0.063236 0.733886 0 2 20 1.08434 0.791334  0 0 26 0.8991 0.0316541  0 1 24 0.843041 0.18132  0 0 19 0.752925 1.3829  0 0 11 0.6345 1.37463 
11500 17 0 10 0 2 20 3.63485 0.0420318 0.0612171 0.0721086 0.480157 1.28055 0.69243 0.599405 0.356368 0.063236 0.733886 0 2 20 1.08434 0.791334  0 0 26 0.8991 0.0316541  0 1 24 0.843041 0.18132  0 0 19 0.752925 1.3829  0 0 11 0.6345 1.37463 
12000 17 0 10 0 2 20 3.63485 0.0420318 0.0663859 0.0721086 0.480157 1.28055 0.69243 0.599405 0.356368 0.063236 0.733886 0 2 20 1.08434 0.791334  0 0 26 0.8991 0.0316541  0 1 24 0.843041 0.18132  0 1 26 0.761972 0.306676  0 0 19 0.752925 1.3829 
12500 17 0 10 0 2 20 3.63485 0.0420318 0.0718579 0.0721086 0.480157 1.28055 0.69243 0.599405 0.356368 0.063236 0.733886 0 0 25 1.31454 0.0554051  0 2 20 1.08434 0.791334  0 0 26 0.8991 0.0316541  0 1 24 0.843041 0.18132  0 1 26 0.761972 0.306676 
13000 23 0 4 0 2 20 3.65502 0.0458685 0.0780509 -0.00060642 0.00847652 1.28055 0.69243 0.793448 0.135755 0.063236 0.733886 0 0 25 1.31454 0.0554051  0 2 20 1.08434 0.791334  0 0 26 0.8991 0.0316541  0 1 24 0.843041 0.18132  0 1 26 0.761972 0.306676 
13500 4 0 22 0 4 23 3.7252 0.0546471 0.085074 0.0015162 0.016002 1.50327 0.470145 0.160953 0.757928 0.0298771 0.804622 0 2 22 1.7616 0.57538  0 2 24 1.63972 0.134517  0 4 23 1.48167 0.364839  0 0 25 1.31454 0.0554051  0 2 20 1.08434 0.791334 
14000 4 0 22 0 4 23 3.7252 0.0546471 0.0923665 0.0015162 0.016002 1.50327 0.470145 0.160953 0.757928 0.0298771 0.804622 0 2 22 1.7616 0.57538  0 2 24 1.63972 0.134517  0 4 23 1.48167 0.364839  0 0 25 1.31454 0.0554051  0 2 20 1.08434 0.791334 
14500 4 0 22 0 4 24 3.7252 0.0546471 0.100483 0.0015162 0.016002 1.53644 0.533849 0.160953 0.757928 0.00681033 0.867795 0 2 22 1.7616 0.57538  0 2 24 1.63972 0.134517  0 4 23 1.48167 0.364839  0 0 25 1.31454 0.0554051  0 4 24 1.22747 0.697756 
15000 4 0 22 0 2 25 3.7252 0.0546471 0.109947 0.0015162 0.016002 1.63906 0.371249 0.160953 0.757928 0.0150365 0.864295 0 2 22 1.7616 0.57538  0 2 25 1.70094 0.0441515  0 2 24 1.63972 0.134517  0 4 23 1.48167 0.364839  0 0 25 1.31454 0.0554051 
15500 4 0 22 0 2 25 3.7252 0.0546471 0.117376 0.0015162 0.016002 1.63906 0.371249 0.160953 0.757928 0.0150365 0.864295 0 2 22 1.7616 0.57538  0 2 25 1.70094 0.0441515  0 2 24 1.63972 0.134517  0 4 23 1.48167 0.364839  0 0 25 1.31454 0.0554051 
16000 4 0 22 0 2 25 3.7252 0.0546471 0.126723 0.0015162 0.016002 1.63906 0.371249 0.160953 0.757928 0.0150365 0.864295 0 2 22 1.7616 0.57538  0 2 25 1.70094 0.0441515  0 2 24 1.63972 0.134517  0 3 24 1.58409 0.165159  0 4 23 1.48167 0.364839 
16500 4 0 22 0 2 25 3.7252 0.0546471 0.136083 0.0015162 0.016002 1.63906 0.371249 0.160953 0.757928 0.0150365 0.864295 0 2 22 1.7616 0.57538  0 2 25 1.70094 0.0441515  0 4 23 1.64843 0.962905  0 2 24 1.63972 0.134517  0 3 24 1.58409 0.165159 
17000 4 0 22 0 1 25 3.7252 0.0546471 0.147695 0.0015162 0.016002 1.97673 0.655491 0.160953 0.757928 0.0238517 0.838183 0 1 25 2.07041 0.134686  0 2 22 1.7616 0.57538  0 2 25 1.70094 0.0441515  0 4 23 1.64843 0.962905  0 2 24 1.63972 0.134517 
17500 4 0 22 0 1 21 3.7252 0.0546471 0.160718 0.0015162 0.016002 3.02168 1.09618 0.160953 0.757928 0.0306082 0.845581 0 1 25 2.07041 0.134686  0 1 21 2.02585 1.40539  0 2 22 1.7616 0.57538  0 2 25 1.70094 0.0441515  0 4 23 1.64843 0.962905 
18000 4 0 22 0 1 21 3.7252 0.0546471 0.172723 0.0015162 0.016002 3.02168 1.09618 0.160953 0.757928 0.0306082 0.845581 0 1 25 2.07041 0.134686  0 1 21 2.02585 1.40539  0 2 22 1.7616 0.57538  0 2 25 1.70094 0.0441515  0 4 23 1.64843 0.962905 
18500 4 0 22 0 1 21 3.7252 0.0546471 0.184956 0.0015162 0.016002 3.02168 1.09618 0.160953 0.757928 0.0306082 0.845581 0 1 25 2.07041 0.134686  0 0 24 2.06413 0.0565557  0 1 21 2.02585 1.40539  0 2 22 1.7616 0.57538  0 2 25 1.70094 0.0441515 
19000 4 0 22 0 1 21 3.7252 0.0546471 0.195494 0.0015162 0.016002 3.02168 1.09618 0.160953 0.757928 0.0306082 0.845581 0 1 25 2.07041 0.134686  0 0 24 2.06413 0.0565557  0 1 21 2.02585 1.40539  0 2 22 1.7616 0.57538  0 2 25 1.70094 0.0441515 
19500 2 0 24 0 1 21 3.72875 0.0655382 0.208886 0.00151544 0.0160025 3.02168 1.09618 0.095389 0.826324 0.0306082 0.845581 0 1 25 2.07041 0.134686  0 0 24 2.06413 0.0565557  0 1 21 2.02585 1.40539  0 2 22 1.7616 0.57538  0 2 25 1.70094 0.0441515 
20000 2 0 24 0 1 21 3.72875 0.0655382 0.220257 0.00151544 0.0160025 3.02168 1.09618 0.095389 0.826324 0.0306082 0.845581 0 1 25 2.07041 0.134686  0 0 24 2.06413 0.0565557  0 1 21 2.02585 1.40539  0 2 23 1.78087 0.217774  0 2 22 1.7616 0.57538 
