500 4 0 9 0 1 14 3.33832 0.0427344 0.017234 0.0767619 0.542091 0.0468397 0.31041 0.328351 0.615509 0.00167025 0.957371 0 0 7 0.917445 0.865979  0 1 14 0.0651076 0.271337  0 1 7 0.0419077 0.256957  0 9 14 0.0260627 0.140053  0 12 14 0.022464 0.14248 
1000 5 0 9 0 0 12 3.46826 0.039114 0.0420291 -0.00142588 0.0300383 0.48166 0.841737 0.350001 0.602048 0.0159214 0.855698 0 0 12 1.66306 0.46045  0 0 7 0.917445 0.865979  0 0 5 0.357516 1.02338  0 1 14 0.0651076 0.271337  0 1 7 0.0419077 0.256957 
1500 11 0 1 0 0 11 3.49122 0.288843 0.0637831 0.000418079 0.00415984 1.8436 1.77315 0.782884 0.132269 0.106969 0.779959 0 0 12 1.83843 0.0507777  0 0 13 1.80411 0.252253  0 0 11 1.02434 1.5505  0 0 7 0.917445 0.865979  0 0 5 0.719594 0.78038 
2000 11 0 1 0 0 11 3.60521 0.0767312 0.0945759 -0.000133909 0.00403172 1.8436 1.77315 0.795392 0.110039 0.106969 0.779959 0 0 12 2.39573 0.236399  0 0 13 1.80411 0.252253  0 0 11 1.02434 1.5505  0 0 7 0.917445 0.865979  0 0 5 0.719594 0.78038 
2500 11 0 2 0 0 11 3.68186 0.0580802 0.13821 0.000295335 0.00291471 1.8436 1.77315 0.759089 0.159429 0.106969 0.779959 0 0 12 2.39573 0.236399  0 0 13 1.80411 0.252253  0 2 12 1.35348 0.582438  0 0 11 1.02434 1.5505  0 0 7 0.917445 0.865979 
3000 11 0 2 0 0 11 3.68186 0.0580802 0.183826 0.000295335 0.00291471 1.8436 1.77315 0.759089 0.159429 0.106969 0.779959 0 0 12 2.39573 0.236399  0 0 13 1.80411 0.252253  0 2 12 1.35348 0.582438  0 2 13 1.15859 0.488316  0 0 11 1.02434 1.5505 
3500 11 0 2 0 0 12 3.68186 0.0580802 0.22693 0.000295335 0.00291471 0.871334 1.19507 0.759089 0.159429 0.0862109 0.839009 0 0 12 2.39573 0.236399  0 0 13 1.80411 0.252253  0 0 11 1.51666 1.73944  0 2 12 1.35348 0.582438  0 2 13 1.15859 0.488316 
4000 12 0 0 0 0 13 3.70044 0.0622436 0.274598 0.00176023 0.0167708 2.41276 1.19477 0.860101 0.0535584 0.0310299 0.876177 0 0 13 2.95233 0.0477693  0 0 12 2.58285 0.522321  0 2 13 1.58333 1.44837  0 0 11 1.51666 1.73944  0 2 12 1.35348 0.582438 
4500 12 0 1 0 0 13 3.71599 0.0478537 0.322106 5.78307e-06 0.0027373 2.41276 1.19477 0.804102 0.118042 0.0310299 0.876177 0 0 13 2.95233 0.0477693  0 0 12 2.58285 0.522321  0 2 13 1.58333 1.44837  0 0 11 1.51666 1.73944  0 2 12 1.35348 0.582438 
5000 12 0 1 0 0 13 3.72405 0.0570981 0.382261 1.65326e-05 0.00266656 2.41276 1.19477 0.815529 0.104467 0.0310299 0.876177 0 0 13 2.95233 0.0477693  0 0 12 2.58285 0.522321  0 2 13 1.58333 1.44837  0 0 11 1.51666 1.73944  0 2 12 1.35348 0.582438 
5500 13 0 0 0 0 13 3.72723 0.0530124 0.426863 0.00176023 0.0167708 2.41276 1.19477 0.885253 0.0355218 0.0310299 0.876177 0 0 13 2.95233 0.0477693  0 0 12 2.58285 0.522321  0 2 13 1.58333 1.44837  0 0 11 1.51666 1.73944  0 2 12 1.35348 0.582438 
6000 2 0 11 0 0 13 3.74671 0.0412178 0.473137 0.728941 1.49486 2.41276 1.19477 0.194569 0.742462 0.0310299 0.876177 0 0 13 2.95233 0.0477693  0 0 12 2.58285 0.522321  0 2 13 1.58333 1.44837  0 0 11 1.51666 1.73944  0 2 12 1.35348 0.582438 
6500 2 0 11 0 0 12 3.74671 0.0412178 0.509153 0.728941 1.49486 3.49387 0.707007 0.194569 0.742462 0.0861044 0.836127 0 0 12 3.60483 0.182276  0 0 13 2.95233 0.0477693  0 0 8 2.29792 1.72378  0 1 12 1.78368 0.596639  0 2 13 1.58333 1.44837 
7000 11 0 1 0 0 12 3.74698 0.0494258 0.552179 0.000816602 0.00812509 3.49387 0.707007 0.797384 0.129062 0.0861044 0.836127 0 0 12 3.60483 0.182276  0 0 13 2.95233 0.0477693  0 0 8 2.29792 1.72378  0 1 12 1.78368 0.596639  0 2 13 1.58333 1.44837 
7500 11 0 1 0 0 12 3.74698 0.0494258 0.592211 0.000816602 0.00812509 3.49387 0.707007 0.797384 0.129062 0.0861044 0.836127 0 0 12 3.60483 0.182276  0 0 13 2.95233 0.0477693  0 0 8 2.29792 1.72378  0 1 12 1.78368 0.596639  0 2 13 1.58333 1.44837 
8000 11 0 1 0 0 12 3.74698 0.0494258 0.624089 0.000816602 0.00812509 3.49387 0.707007 0.797384 0.129062 0.0861044 0.836127 0 0 12 3.60483 0.182276  0 0 13 2.95233 0.0477693  0 0 8 2.29792 1.72378  0 1 12 1.78368 0.596639  0 2 13 1.58333 1.44837 
8500 11 0 1 0 0 13 3.74698 0.0494258 0.654019 0.000816602 0.00812509 2.41276 1.19477 0.797384 0.129062 0.0310299 0.876177 0 0 12 3.61219 0.047311  0 0 13 2.95233 0.0477693  0 0 8 2.29792 1.72378  0 1 12 1.78368 0.596639  0 2 13 1.58333 1.44837 
9000 11 0 1 0 0 13 3.74698 0.0494258 0.677251 0.000816602 0.00812509 2.41276 1.19477 0.797384 0.129062 0.0310299 0.876177 0 0 12 3.61219 0.047311  0 0 13 2.95233 0.0477693  0 0 11 2.51404 1.6689  0 0 8 2.29792 1.72378  0 1 12 1.78368 0.596639 
9500 11 0 1 0 0 13 3.74698 0.0494258 0.703814 0.000816602 0.00812509 2.41276 1.19477 0.797384 0.129062 0.0310299 0.876177 0 0 12 3.61219 0.047311  0 0 13 2.95233 0.0477693  0 0 11 2.51404 1.6689  0 0 8 2.29792 1.72378  0 1 12 1.78368 0.596639 
10000 11 0 1 0 0 13 3.74698 0.0494258 0.726908 0.000816602 0.00812509 2.41276 1.19477 0.797384 0.129062 0.0310299 0.876177 0 0 12 3.61219 0.047311  0 0 13 2.95233 0.0477693  0 0 11 2.51404 1.6689  0 0 8 2.29792 1.72378  0 1 12 1.78368 0.596639 
10500 11 0 1 0 0 11 3.74698 0.0494258 0.745841 0.000816602 0.00812509 2.68835 1.20842 0.797384 0.129062 0.14547 0.750531 0 0 12 3.64787 0.212717  0 0 13 3.39154 0.344115  0 0 11 2.99817 0.545887  0 0 8 2.29792 1.72378  0 2 12 2.10891 1.56693 
11000 11 0 1 0 0 11 3.74698 0.0494258 0.75961 0.000816602 0.00812509 2.68835 1.20842 0.797384 0.129062 0.14547 0.750531 0 0 12 3.64787 0.212717  0 0 13 3.39154 0.344115  0 0 11 2.99817 0.545887  0 0 8 2.29792 1.72378  0 2 12 2.10891 1.56693 
11500 11 0 1 0 0 11 3.74698 0.0494258 0.774885 0.000816602 0.00812509 2.68835 1.20842 0.797384 0.129062 0.14547 0.750531 0 0 12 3.64787 0.212717  0 0 13 3.39154 0.344115  0 0 11 2.99817 0.545887  0 0 8 2.29792 1.72378  0 2 12 2.10891 1.56693 
12000 11 0 1 0 0 11 3.74698 0.0494258 0.791492 0.000816602 0.00812509 2.68835 1.20842 0.797384 0.129062 0.14547 0.750531 0 0 12 3.64787 0.212717  0 0 13 3.39154 0.344115  0 0 11 2.99817 0.545887  0 0 8 2.29792 1.72378  0 2 12 2.10891 1.56693 
12500 11 0 1 0 0 11 3.74698 0.0494258 0.808222 0.000816602 0.00812509 2.68835 1.20842 0.797384 0.129062 0.14547 0.750531 0 0 12 3.64787 0.212717  0 0 13 3.39154 0.344115  0 0 11 2.99817 0.545887  0 0 8 2.29792 1.72378  0 2 12 2.10891 1.56693 
13000 11 0 1 0 0 11 3.74698 0.0494258 0.822014 0.000816602 0.00812509 2.68835 1.20842 0.797384 0.129062 0.14547 0.750531 0 0 12 3.64787 0.212717  0 0 13 3.39154 0.344115  0 0 11 2.99817 0.545887  0 0 8 2.29792 1.72378  0 2 12 2.10891 1.56693 
13500 11 0 1 0 0 11 3.74698 0.0494258 0.833375 0.000816602 0.00812509 2.68835 1.20842 0.797384 0.129062 0.14547 0.750531 0 0 12 3.64787 0.212717  0 0 13 3.39154 0.344115  0 0 11 2.99817 0.545887  0 0 8 2.29792 1.72378  0 2 12 2.10891 1.56693 
14000 11 0 1 0 0 11 3.74698 0.0494258 0.845998 0.000816602 0.00812509 2.68835 1.20842 0.797384 0.129062 0.14547 0.750531 0 0 12 3.64787 0.212717  0 0 13 3.39154 0.344115  0 0 11 2.99817 0.545887  0 0 8 2.29792 1.72378  0 2 12 2.10891 1.56693 
14500 11 0 1 0 0 11 3.74698 0.0494258 0.858977 0.000816602 0.00812509 2.68835 1.20842 0.797384 0.129062 0.14547 0.750531 0 0 12 3.64787 0.212717  0 0 13 3.39154 0.344115  0 0 11 2.99817 0.545887  0 0 8 2.29792 1.72378  0 2 12 2.10891 1.56693 
15000 11 0 1 0 0 11 3.74698 0.0494258 0.874527 0.000816602 0.00812509 2.68835 1.20842 0.797384 0.129062 0.14547 0.750531 0 0 13 3.71195 0.0480608  0 0 12 3.64787 0.212717  0 0 11 2.99817 0.545887  0 0 9 2.32306 1.80148  0 0 8 2.29792 1.72378 
15500 11 0 1 0 0 11 3.74698 0.0494258 0.886993 0.000816602 0.00812509 2.68835 1.20842 0.797384 0.129062 0.14547 0.750531 0 0 13 3.71195 0.0480608  0 0 12 3.64787 0.212717  0 0 11 2.99817 0.545887  0 2 12 2.86186 1.4554  0 0 9 2.32306 1.80148 
16000 11 0 1 0 0 11 3.74698 0.0494258 0.894719 0.000816602 0.00812509 2.68835 1.20842 0.797384 0.129062 0.14547 0.750531 0 0 13 3.71195 0.0480608  0 0 12 3.64787 0.212717  0 0 11 2.99817 0.545887  0 2 12 2.86186 1.4554  0 0 9 2.32306 1.80148 
16500 11 0 1 0 1 12 3.74698 0.0494258 0.904207 0.000816602 0.00812509 2.81255 0.54009 0.797384 0.129062 0.120867 0.770193 0 0 13 3.71195 0.0480608  0 0 12 3.64787 0.212717  0 0 11 2.99817 0.545887  0 2 12 2.86186 1.4554  0 1 12 2.59991 0.703561 
17000 11 0 1 0 1 12 3.74698 0.0494258 0.912337 0.000816602 0.00812509 2.81255 0.54009 0.797384 0.129062 0.120867 0.770193 0 0 13 3.71195 0.0480608  0 0 12 3.64787 0.212717  0 0 11 2.99817 0.545887  0 2 12 2.86186 1.4554  0 1 12 2.59991 0.703561 
17500 11 0 1 0 1 12 3.74698 0.0494258 0.920096 0.000816602 0.00812509 2.81255 0.54009 0.797384 0.129062 0.120867 0.770193 0 0 13 3.71195 0.0480608  0 0 12 3.64787 0.212717  0 0 11 2.99817 0.545887  0 2 12 2.86186 1.4554  0 1 12 2.59991 0.703561 
18000 11 0 1 0 1 12 3.74698 0.0494258 0.92902 0.000816602 0.00812509 2.81255 0.54009 0.797384 0.129062 0.120867 0.770193 0 0 13 3.71195 0.0480608  0 0 12 3.64787 0.212717  0 0 11 2.99817 0.545887  0 2 12 2.86186 1.4554  0 1 12 2.59991 0.703561 
18500 11 0 1 0 1 12 3.74698 0.0494258 0.935634 0.000816602 0.00812509 2.81255 0.54009 0.797384 0.129062 0.120867 0.770193 0 0 13 3.71195 0.0480608  0 0 12 3.64787 0.212717  0 0 11 2.99817 0.545887  0 2 12 2.86186 1.4554  0 1 12 2.59991 0.703561 
19000 11 0 1 0 1 12 3.74698 0.0494258 0.944825 0.000816602 0.00812509 2.81255 0.54009 0.797384 0.129062 0.120867 0.770193 0 0 13 3.71195 0.0480608  0 0 12 3.64787 0.212717  0 0 11 2.99817 0.545887  0 2 12 2.86186 1.4554  0 1 12 2.59991 0.703561 
19500 11 0 1 0 1 12 3.74698 0.0494258 0.95096 0.000816602 0.00812509 2.81255 0.54009 0.797384 0.129062 0.120867 0.770193 0 0 13 3.71195 0.0480608  0 0 12 3.69941 0.256984  0 0 11 2.99817 0.545887  0 2 12 2.86186 1.4554  0 1 12 2.59991 0.703561 
20000 11 0 1 0 0 11 3.74698 0.0494258 0.959001 0.000816602 0.00812509 2.68835 1.20842 0.797384 0.129062 0.14547 0.750531 0 0 13 3.71195 0.0480608  0 0 12 3.69941 0.256984  0 0 11 2.99817 0.545887  0 2 12 2.86186 1.4554  0 1 12 2.68197 0.542575 
