500 5 0 8 0 0 12 3.11131 0.057534 0.010376 2.81211 0.332339 0.0475111 0.302892 0.376856 0.557821 0.0184619 0.918343 0 0 5 0.12628 0.621022  0 0 12 0.088434 0.390647  0 13 14 0.0352968 0.184343  0 0 6 0.0291943 0.238278  0 13 13 0.0260458 0.158902 
1000 7 0 6 0 0 13 3.61341 0.270528 0.0377389 -0.0015604 0.0202455 0.195804 0.792992 0.514614 0.413811 0.0276757 0.857307 0 0 12 0.218605 0.396145  0 0 5 0.12628 0.621022  0 0 10 0.0884121 0.275058  0 0 13 0.0711259 0.324716  0 6 14 0.037012 0.185221 
1500 5 0 8 0 3 8 3.63138 0.0568102 0.0682763 0.00126152 0.0225117 0.113394 0.618396 0.36387 0.569896 0.959803 0.0261019 0 0 5 1.56913 1.68276  0 3 8 0.71262 1.43248  0 0 7 0.353476 1.06083  0 0 1 0.289903 0.938464  0 0 12 0.218605 0.396145 
2000 5 0 8 0 0 11 3.63138 0.0568102 0.103461 0.00126152 0.0225117 1.48696 0.997368 0.36387 0.569896 0.0764077 0.782556 0 0 11 1.81099 0.546186  0 0 5 1.56913 1.68276  0 1 12 0.860534 0.176561  0 3 8 0.71262 1.43248  0 0 8 0.528044 1.26557 
2500 5 0 8 0 1 11 3.63138 0.0568102 0.168242 0.00126152 0.0225117 2.63358 0.326569 0.36387 0.569896 0.0843859 0.79978 0 0 12 2.48246 0.375847  0 1 11 2.34806 0.0641988  0 0 11 1.81099 0.546186  0 0 5 1.56913 1.68276  0 1 12 0.860534 0.176561 
3000 7 0 6 0 1 11 3.68849 0.0470575 0.237177 -0.00117828 0.0111383 2.63358 0.326569 0.515679 0.416311 0.0843859 0.79978 0 0 12 2.48246 0.375847  0 1 11 2.34806 0.0641988  0 0 11 1.81099 0.546186  0 0 7 1.62424 1.62464  0 0 5 1.56913 1.68276 
3500 7 0 6 0 1 11 3.68849 0.0470575 0.311752 -0.00117828 0.0111383 2.63358 0.326569 0.515679 0.416311 0.0843859 0.79978 0 0 12 2.75382 0.0568887  0 1 11 2.34806 0.0641988  0 0 11 1.81099 0.546186  0 0 7 1.62424 1.62464  0 0 5 1.56913 1.68276 
4000 7 0 6 0 1 11 3.68849 0.0470575 0.374626 -0.00117828 0.0111383 2.63358 0.326569 0.515679 0.416311 0.0843859 0.79978 0 0 12 3.12423 0.589566  0 0 13 2.43613 0.0380689  0 1 11 2.34806 0.0641988  0 0 11 1.81099 0.546186  0 1 12 1.80121 1.23978 
4500 2 0 11 0 1 11 3.72497 0.0437598 0.426786 0.0441591 0.431571 2.63358 0.326569 0.151832 0.771782 0.0843859 0.79978 0 0 12 3.12423 0.589566  0 0 13 2.43613 0.0380689  0 1 11 2.34806 0.0641988  0 0 11 1.81099 0.546186  0 1 12 1.80121 1.23978 
5000 2 0 11 0 1 11 3.72497 0.0437598 0.472608 0.0441591 0.431571 2.63358 0.326569 0.151832 0.771782 0.0843859 0.79978 0 0 12 3.12423 0.589566  0 0 13 2.43613 0.0380689  0 1 11 2.34806 0.0641988  0 0 11 1.81099 0.546186  0 1 12 1.80121 1.23978 
5500 2 0 11 0 1 11 3.76435 0.0392699 0.511069 0.00149797 0.0160149 2.63358 0.326569 0.14331 0.790195 0.0843859 0.79978 0 0 12 3.68805 0.0485143  0 0 13 2.43613 0.0380689  0 1 11 2.34806 0.0641988  0 0 10 2.08782 1.26115  0 5 12 1.93454 1.51237 
6000 2 0 11 0 0 11 3.76435 0.0392699 0.544248 0.00149797 0.0160149 2.81253 0.322693 0.14331 0.790195 0.0941933 0.791822 0 0 12 3.68805 0.0485143  0 0 11 2.59422 0.0673351  0 0 13 2.43613 0.0380689  0 1 11 2.34806 0.0641988  0 0 10 2.08782 1.26115 
6500 2 0 11 0 1 12 3.76435 0.0392699 0.575358 0.00149797 0.0160149 3.22763 0.641051 0.14331 0.790195 0.0540599 0.829631 0 0 12 3.68805 0.0485143  0 1 12 2.7553 0.447857  0 0 11 2.59422 0.0673351  0 0 13 2.43613 0.0380689  0 1 11 2.34806 0.0641988 
7000 2 0 11 0 0 11 3.76435 0.0392699 0.596312 0.00149797 0.0160149 2.84438 1.30131 0.14331 0.790195 0.0991712 0.798242 0 0 12 3.68805 0.0485143  0 0 11 2.83041 1.13161  0 1 12 2.82038 0.672292  0 0 13 2.62149 0.0468841  0 1 11 2.34806 0.0641988 
7500 2 0 11 0 0 11 3.76435 0.0392699 0.619725 0.00149797 0.0160149 2.84438 1.30131 0.14331 0.790195 0.0991712 0.798242 0 0 12 3.68805 0.0485143  0 0 11 2.83041 1.13161  0 1 12 2.82038 0.672292  0 0 13 2.62149 0.0468841  0 1 11 2.34806 0.0641988 
8000 2 0 11 0 0 11 3.76435 0.0392699 0.640037 0.00149797 0.0160149 2.84438 1.30131 0.14331 0.790195 0.0991712 0.798242 0 0 12 3.68805 0.0485143  0 0 11 2.83041 1.13161  0 1 12 2.82038 0.672292  0 0 13 2.62149 0.0468841  0 1 11 2.34806 0.0641988 
8500 2 0 11 0 0 11 3.76435 0.0392699 0.661667 0.00149797 0.0160149 2.84438 1.30131 0.14331 0.790195 0.0991712 0.798242 0 0 12 3.70737 0.042178  0 0 11 2.83041 1.13161  0 1 12 2.82038 0.672292  0 0 13 2.62149 0.0468841  0 1 11 2.34806 0.0641988 
9000 2 0 11 0 1 11 3.76435 0.0392699 0.684389 0.00149797 0.0160149 3.17282 0.359095 0.14331 0.790195 0.07477 0.807185 0 0 12 3.70737 0.042178  0 0 11 2.83041 1.13161  0 1 12 2.82038 0.672292  0 1 11 2.72331 0.0878304  0 0 13 2.62149 0.0468841 
9500 2 0 11 0 1 11 3.76435 0.0392699 0.698847 0.00149797 0.0160149 3.17282 0.359095 0.14331 0.790195 0.07477 0.807185 0 0 12 3.70737 0.042178  0 0 11 2.83041 1.13161  0 1 12 2.82038 0.672292  0 1 11 2.72331 0.0878304  0 0 13 2.72139 0.0431984 
10000 2 0 11 0 1 11 3.76435 0.0392699 0.716596 0.00149797 0.0160149 3.17282 0.359095 0.14331 0.790195 0.07477 0.807185 0 0 12 3.70748 0.048253  0 0 11 2.85213 0.437791  0 1 12 2.82038 0.672292  0 1 11 2.72331 0.0878304  0 0 13 2.72139 0.0431984 
10500 2 0 11 0 1 11 3.76435 0.0392699 0.73356 0.00149797 0.0160149 3.17282 0.359095 0.14331 0.790195 0.07477 0.807185 0 0 12 3.70748 0.048253  0 0 11 2.85213 0.437791  0 1 12 2.82038 0.672292  0 0 10 2.78706 1.50567  0 1 11 2.72331 0.0878304 
11000 2 0 11 0 1 11 3.76435 0.0392699 0.748871 0.00149797 0.0160149 3.17282 0.359095 0.14331 0.790195 0.07477 0.807185 0 0 12 3.70748 0.048253  0 0 11 2.85213 0.437791  0 1 12 2.82038 0.672292  0 0 10 2.78706 1.50567  0 1 11 2.72331 0.0878304 
11500 2 0 11 0 1 11 3.76435 0.0392699 0.762809 0.00149797 0.0160149 3.17282 0.359095 0.14331 0.790195 0.07477 0.807185 0 0 12 3.70748 0.048253  0 0 11 2.85213 0.437791  0 1 12 2.82038 0.672292  0 0 10 2.78706 1.50567  0 1 11 2.72331 0.0878304 
12000 2 0 11 0 1 11 3.76435 0.0392699 0.777721 0.00149797 0.0160149 3.17282 0.359095 0.14331 0.790195 0.07477 0.807185 0 0 12 3.70748 0.048253  0 0 11 2.85213 0.437791  0 1 12 2.82038 0.672292  0 0 10 2.78706 1.50567  0 1 11 2.72331 0.0878304 
12500 2 0 11 0 1 11 3.76435 0.0392699 0.79145 0.00149797 0.0160149 3.17282 0.359095 0.14331 0.790195 0.07477 0.807185 0 0 12 3.70748 0.048253  0 0 11 2.85213 0.437791  0 1 12 2.82038 0.672292  0 0 10 2.78706 1.50567  0 1 11 2.72331 0.0878304 
13000 2 0 11 0 1 11 3.76435 0.0392699 0.806459 0.00149797 0.0160149 3.17282 0.359095 0.14331 0.790195 0.07477 0.807185 0 0 12 3.70748 0.048253  0 0 11 2.85213 0.437791  0 1 12 2.82038 0.672292  0 0 10 2.78706 1.50567  0 1 11 2.72331 0.0878304 
13500 2 0 11 0 0 13 3.76435 0.0392699 0.819108 0.00149797 0.0160149 2.67106 1.34591 0.14331 0.790195 0.0294366 0.871093 0 0 12 3.70748 0.048253  0 0 13 3.18742 0.059061  0 0 11 2.85213 0.437791  0 1 12 2.82038 0.672292  0 0 10 2.78706 1.50567 
14000 2 0 11 0 0 13 3.7679 0.0424289 0.832665 0.00149797 0.0160149 2.67106 1.34591 0.182106 0.752275 0.0294366 0.871093 0 0 12 3.70748 0.048253  0 0 13 3.18742 0.059061  0 0 11 2.85213 0.437791  0 1 12 2.82038 0.672292  0 0 10 2.78706 1.50567 
14500 2 0 11 0 0 13 3.7679 0.0424289 0.845008 0.00149797 0.0160149 2.67106 1.34591 0.182106 0.752275 0.0294366 0.871093 0 0 12 3.70748 0.048253  0 0 13 3.18742 0.059061  0 0 11 2.85213 0.437791  0 1 12 2.82038 0.672292  0 0 10 2.78706 1.50567 
15000 2 0 11 0 0 13 3.78484 0.0454113 0.85647 0.00150512 0.0160096 2.67106 1.34591 0.162413 0.769994 0.0294366 0.871093 0 0 12 3.70748 0.048253  0 0 13 3.18742 0.059061  0 0 11 2.85213 0.437791  0 1 12 2.82038 0.672292  0 0 10 2.78706 1.50567 
15500 2 0 11 0 0 13 3.78484 0.0454113 0.867757 0.00150512 0.0160096 2.67106 1.34591 0.162413 0.769994 0.0294366 0.871093 0 0 12 3.71492 0.0452336  0 0 13 3.18742 0.059061  0 0 11 2.85213 0.437791  0 1 12 2.82038 0.672292  0 0 10 2.78706 1.50567 
16000 2 0 11 0 1 11 3.78484 0.0454113 0.876092 0.00150512 0.0160096 2.83995 1.45876 0.162413 0.769994 0.13047 0.755978 0 0 12 3.71492 0.0452336  0 0 13 3.18742 0.059061  0 0 11 2.85213 0.437791  0 1 12 2.82038 0.672292  0 1 11 2.81468 0.755076 
16500 2 0 11 0 0 13 3.78484 0.0454113 0.886318 0.00150512 0.0160096 3.61728 0.507405 0.162413 0.769994 0.0789783 0.847399 0 0 12 3.71492 0.0452336  0 0 13 3.69896 0.0476287  0 0 11 2.85213 0.437791  0 1 12 2.82038 0.672292  0 1 11 2.81468 0.755076 
17000 2 0 11 0 0 13 3.78484 0.0454113 0.895831 0.00150512 0.0160096 3.61728 0.507405 0.162413 0.769994 0.0789783 0.847399 0 0 12 3.73229 0.0499795  0 0 13 3.69896 0.0476287  0 0 11 2.85213 0.437791  0 1 12 2.82038 0.672292  0 1 11 2.81468 0.755076 
17500 2 0 11 0 0 13 3.78484 0.0454113 0.903279 0.00150512 0.0160096 3.61728 0.507405 0.162413 0.769994 0.0789783 0.847399 0 0 12 3.73229 0.0499795  0 0 13 3.69896 0.0476287  0 0 11 2.85213 0.437791  0 1 12 2.82038 0.672292  0 1 11 2.81468 0.755076 
18000 2 0 11 0 0 13 3.78484 0.0454113 0.912865 0.00150512 0.0160096 3.61728 0.507405 0.162413 0.769994 0.0789783 0.847399 0 0 12 3.73229 0.0499795  0 0 13 3.69896 0.0476287  0 0 11 3.01474 1.16709  0 1 12 2.82038 0.672292  0 1 11 2.81468 0.755076 
18500 2 0 11 0 0 13 3.78484 0.0454113 0.919912 0.00150512 0.0160096 3.61728 0.507405 0.162413 0.769994 0.0789783 0.847399 0 0 12 3.7418 0.0453958  0 0 13 3.69896 0.0476287  0 0 11 3.01474 1.16709  0 1 12 2.82038 0.672292  0 1 11 2.81468 0.755076 
19000 2 0 11 0 0 13 3.78484 0.0454113 0.925886 0.00150512 0.0160096 3.61728 0.507405 0.162413 0.769994 0.0789783 0.847399 0 0 12 3.7418 0.0453958  0 0 13 3.69896 0.0476287  0 0 11 3.01474 1.16709  0 1 12 2.82038 0.672292  0 1 11 2.81468 0.755076 
19500 2 0 11 0 0 13 3.78484 0.0454113 0.932474 0.00150512 0.0160096 3.61728 0.507405 0.162413 0.769994 0.0789783 0.847399 0 0 12 3.7418 0.0453958  0 0 13 3.69896 0.0476287  0 0 11 3.01474 1.16709  0 1 12 2.82038 0.672292  0 1 11 2.81468 0.755076 
20000 2 0 11 0 0 13 3.78484 0.0454113 0.938545 0.00150512 0.0160096 3.61728 0.507405 0.162413 0.769994 0.0789783 0.847399 0 0 12 3.7418 0.0453958  0 0 13 3.69896 0.0476287  0 0 11 3.01474 1.16709  0 1 12 2.82038 0.672292  0 1 11 2.81468 0.755076 
