500 3 0 1 0 1 4 3.55323 0.0421904 0.689596 0.159612 0.735732 1.44604 1.62664 0.629235 0.323032 0.215086 0.827263 0 0 3 3.36105 0.0352505  0 1 4 2.00072 1.58456  0 0 2 1.66365 1.6391  0 2 4 1.48332 1.34513  0 0 1 1.13128 1.34541 
1000 2 0 2 0 1 4 3.57952 0.0432169 0.998225 0.00232329 0.0189057 1.44604 1.62664 0.55009 0.408764 0.215086 0.827263 0 0 3 3.48788 0.0442664  0 0 4 3.02114 0.222526  0 0 2 2.33479 1.57351  0 1 3 2.18557 1.19837  0 1 4 2.00072 1.58456 
1500 2 0 2 0 1 4 3.64168 0.0449193 1.15791 -0.00137382 0.0101614 1.44604 1.62664 0.507634 0.44206 0.215086 0.827263 0 0 3 3.50672 0.0417658  0 0 4 3.03024 0.40687  0 0 2 2.45253 1.52588  0 1 3 2.18557 1.19837  0 1 4 2.00072 1.58456 
2000 3 0 0 0 1 4 3.76137 0.0477118 1.26222 0.0397091 0.372037 0.895577 1.47837 0.797657 0.130944 0.332311 0.872279 0 0 3 3.50672 0.0417658  0 0 4 3.27856 0.269771  0 0 2 2.61718 1.39209  0 1 3 2.18557 1.19837  0 1 4 2.06899 1.52846 
2500 4 0 0 0 1 3 3.77846 0.0464334 1.30714 0.000533121 0.00760058 0.76763 1.42459 0.838652 0.0917968 0.537415 0.72206 0 0 3 3.50672 0.0417658  0 0 4 3.30686 0.13872  0 0 2 2.61718 1.39209  0 1 3 2.34842 1.46525  0 1 4 2.08752 1.38169 
3000 4 0 0 0 1 3 3.77846 0.0464334 1.34313 0.000533121 0.00760058 0.902585 1.4934 0.838652 0.0917968 0.244424 0.796802 0 0 3 3.50672 0.0417658  0 0 4 3.30686 0.13872  0 0 2 2.61718 1.39209  0 1 3 2.3767 1.40234  0 1 4 2.20436 1.50137 
3500 4 0 0 0 1 3 3.77846 0.0464334 1.37863 0.000533121 0.00760058 0.902585 1.4934 0.838652 0.0917968 0.244424 0.796802 0 0 3 3.50672 0.0417658  0 0 4 3.30686 0.13872  0 0 2 2.61718 1.39209  0 1 3 2.3767 1.40234  0 1 4 2.20436 1.50137 
4000 4 0 0 0 1 4 3.77846 0.0464334 1.40187 0.000533121 0.00760058 0.774337 1.42467 0.838652 0.0917968 0.490559 0.884212 0 0 3 3.50672 0.0417658  0 0 4 3.45326 0.279256  0 0 2 2.83209 1.28233  0 1 3 2.37943 1.25109  0 1 4 2.20436 1.50137 
4500 4 0 0 0 1 3 3.77846 0.0464334 1.41456 0.000533121 0.00760058 0.492584 1.21907 0.838652 0.0917968 0.290148 0.905729 0 0 3 3.54483 0.0351841  0 0 4 3.45326 0.279256  0 0 2 2.83209 1.28233  0 1 3 2.50378 1.34342  0 1 4 2.23318 1.6031 
5000 4 0 0 0 1 3 3.77846 0.0464334 1.42854 0.000533121 0.00760058 0.492584 1.21907 0.838652 0.0917968 0.290148 0.905729 0 0 3 3.54483 0.0351841  0 0 4 3.45326 0.279256  0 0 2 2.83209 1.28233  0 1 3 2.50378 1.34342  0 1 4 2.23318 1.6031 
5500 4 0 0 0 1 3 3.77846 0.0464334 1.43883 0.000533121 0.00760058 0.492584 1.21907 0.838652 0.0917968 0.290148 0.905729 0 0 3 3.5871 0.0475916  0 0 4 3.45326 0.279256  0 0 2 2.83209 1.28233  0 1 3 2.50378 1.34342  0 1 4 2.25853 1.47514 
6000 3 0 0 0 1 3 3.78319 0.0470414 1.44544 0.00107245 0.0106708 0.504441 1.2458 0.791463 0.145518 0.112787 0.853922 0 0 3 3.5871 0.0475916  0 0 4 3.45326 0.279256  0 0 2 2.83209 1.28233  0 1 3 2.52152 1.38819  0 1 4 2.25853 1.47514 
6500 3 0 0 0 1 3 3.78319 0.0470414 1.4529 0.00107245 0.0106708 0.504441 1.2458 0.791463 0.145518 0.112787 0.853922 0 0 3 3.64772 0.0481302  0 0 4 3.45326 0.279256  0 0 2 2.83209 1.28233  0 1 3 2.52152 1.38819  0 1 4 2.25853 1.47514 
7000 3 0 0 0 1 3 3.78319 0.0470414 1.47411 0.00107245 0.0106708 0.504441 1.2458 0.791463 0.145518 0.112787 0.853922 0 0 3 3.64772 0.0481302  0 0 4 3.45326 0.279256  0 0 2 2.83209 1.28233  0 1 3 2.52152 1.38819  0 1 4 2.25853 1.47514 
7500 3 0 0 0 0 4 3.78319 0.0470414 1.47982 0.00107245 0.0106708 0.800603 1.52492 0.791463 0.145518 0.0682323 0.650793 0 0 3 3.64772 0.0481302  0 0 4 3.52862 0.312886  0 0 2 2.83209 1.28233  0 1 3 2.53618 1.37062  0 1 4 2.25853 1.47514 
8000 3 0 0 0 0 4 3.78319 0.0470414 1.48743 0.00107245 0.0106708 0.800603 1.52492 0.791463 0.145518 0.0682323 0.650793 0 0 3 3.68909 0.0465761  0 0 4 3.52862 0.312886  0 0 2 2.83209 1.28233  0 1 3 2.53618 1.37062  0 1 4 2.2636 1.40805 
8500 3 0 0 0 1 4 3.78319 0.0470414 1.49247 0.00107245 0.0106708 0.772464 1.42099 0.791463 0.145518 0.452948 0.89067 0 0 3 3.68909 0.0465761  0 0 4 3.53769 0.356328  0 0 2 2.83209 1.28233  0 1 3 2.53618 1.37062  0 1 4 2.41614 1.40851 
9000 3 0 0 0 1 4 3.78319 0.0470414 1.49821 0.00107245 0.0106708 0.772464 1.42099 0.791463 0.145518 0.452948 0.89067 0 0 3 3.68909 0.0465761  0 0 4 3.53769 0.356328  0 0 2 2.83209 1.28233  0 1 3 2.55456 1.37433  0 1 4 2.41614 1.40851 
9500 3 0 0 0 1 4 3.78319 0.0470414 1.50202 0.00107245 0.0106708 0.772464 1.42099 0.791463 0.145518 0.452948 0.89067 0 0 3 3.68909 0.0465761  0 0 4 3.67055 0.045801  0 0 2 2.83209 1.28233  0 1 3 2.55456 1.37433  0 1 4 2.41614 1.40851 
10000 3 0 0 0 1 4 3.78319 0.0470414 1.50471 0.00107245 0.0106708 0.772464 1.42099 0.791463 0.145518 0.452948 0.89067 0 0 3 3.68909 0.0465761  0 0 4 3.67055 0.045801  0 0 2 2.83209 1.28233  0 1 3 2.55456 1.37433  0 1 4 2.41614 1.40851 
10500 3 0 0 0 1 4 3.78319 0.0470414 1.50846 0.00107245 0.0106708 0.772464 1.42099 0.791463 0.145518 0.452948 0.89067 0 0 3 3.68909 0.0465761  0 0 4 3.67055 0.045801  0 0 2 2.83209 1.28233  0 1 3 2.55456 1.37433  0 1 4 2.41614 1.40851 
11000 3 0 0 0 1 4 3.78319 0.0470414 1.51059 0.00107245 0.0106708 0.772464 1.42099 0.791463 0.145518 0.452948 0.89067 0 0 3 3.69599 0.0457277  0 0 4 3.67055 0.045801  0 0 2 2.93911 1.33101  0 1 3 2.55456 1.37433  0 1 4 2.41614 1.40851 
11500 3 0 0 0 1 4 3.78319 0.0470414 1.51666 0.00107245 0.0106708 0.772464 1.42099 0.791463 0.145518 0.452948 0.89067 0 0 3 3.69599 0.0457277  0 0 4 3.6721 0.0441037  0 0 2 2.93911 1.33101  0 1 3 2.55456 1.37433  0 1 4 2.41614 1.40851 
12000 3 0 0 0 1 4 3.78319 0.0470414 1.52598 0.00107245 0.0106708 0.772464 1.42099 0.791463 0.145518 0.452948 0.89067 0 0 3 3.69599 0.0457277  0 0 4 3.6721 0.0441037  0 0 2 2.93911 1.33101  0 1 3 2.55456 1.37433  0 1 4 2.41614 1.40851 
12500 3 0 0 0 1 4 3.78319 0.0470414 1.52958 0.00107245 0.0106708 0.772464 1.42099 0.791463 0.145518 0.452948 0.89067 0 0 3 3.69599 0.0457277  0 0 4 3.6721 0.0441037  0 0 2 2.93911 1.33101  0 1 3 2.55456 1.37433  0 1 4 2.41614 1.40851 
13000 3 0 0 0 1 4 3.78319 0.0470414 1.53185 0.00107245 0.0106708 0.772464 1.42099 0.791463 0.145518 0.452948 0.89067 0 0 3 3.69599 0.0457277  0 0 4 3.67684 0.0462958  0 0 2 2.93911 1.33101  0 1 3 2.55456 1.37433  0 1 4 2.41614 1.40851 
13500 3 0 0 0 1 4 3.78319 0.0470414 1.53251 0.00107245 0.0106708 0.772464 1.42099 0.791463 0.145518 0.452948 0.89067 0 0 3 3.69599 0.0457277  0 0 4 3.68266 0.194859  0 0 2 2.93911 1.33101  0 1 3 2.55456 1.37433  0 1 4 2.41614 1.40851 
14000 3 0 0 0 1 4 3.78319 0.0470414 1.53676 0.00107245 0.0106708 0.772464 1.42099 0.791463 0.145518 0.452948 0.89067 0 0 3 3.69599 0.0457277  0 0 4 3.68266 0.194859  0 0 2 2.93911 1.33101  0 1 3 2.55456 1.37433  0 1 4 2.41614 1.40851 
14500 3 0 0 0 1 4 3.78319 0.0470414 1.54115 0.00107245 0.0106708 0.772464 1.42099 0.791463 0.145518 0.452948 0.89067 0 0 3 3.69599 0.0457277  0 0 4 3.68266 0.194859  0 0 2 2.93911 1.33101  0 1 3 2.55456 1.37433  0 1 4 2.41614 1.40851 
15000 3 0 0 0 1 4 3.78319 0.0470414 1.54396 0.00107245 0.0106708 0.772464 1.42099 0.791463 0.145518 0.452948 0.89067 0 0 3 3.69599 0.0457277  0 0 4 3.68266 0.194859  0 0 2 2.93911 1.33101  0 1 3 2.5726 1.36681  0 1 4 2.41614 1.40851 
15500 3 0 0 0 1 4 3.78319 0.0470414 1.54717 0.00107245 0.0106708 0.772464 1.42099 0.791463 0.145518 0.452948 0.89067 0 0 3 3.69599 0.0457277  0 0 4 3.68266 0.194859  0 0 2 2.93911 1.33101  0 1 3 2.5726 1.36681  0 1 4 2.41614 1.40851 
16000 3 0 0 0 1 4 3.78319 0.0470414 1.54891 0.00107245 0.0106708 0.772464 1.42099 0.791463 0.145518 0.452948 0.89067 0 0 3 3.69599 0.0457277  0 0 4 3.68266 0.194859  0 0 2 2.93911 1.33101  0 1 3 2.5726 1.36681  0 1 4 2.41614 1.40851 
16500 3 0 0 0 1 4 3.78319 0.0470414 1.5509 0.00107245 0.0106708 0.772464 1.42099 0.791463 0.145518 0.452948 0.89067 0 0 3 3.69599 0.0457277  0 0 4 3.68266 0.194859  0 0 2 2.93911 1.33101  0 1 3 2.5726 1.36681  0 1 4 2.41614 1.40851 
17000 3 0 0 0 1 4 3.78319 0.0470414 1.55679 0.00107245 0.0106708 0.772464 1.42099 0.791463 0.145518 0.452948 0.89067 0 0 3 3.69599 0.0457277  0 0 4 3.68266 0.194859  0 0 2 2.93911 1.33101  0 1 3 2.5726 1.36681  0 1 4 2.41614 1.40851 
17500 3 0 0 0 1 4 3.79309 0.0487549 1.54334 0.000821462 0.00817344 0.772464 1.42099 0.76054 0.174882 0.452948 0.89067 0 0 3 3.69599 0.0457277  0 0 4 3.68266 0.194859  0 0 2 2.93911 1.33101  0 1 3 2.5726 1.36681  0 1 4 2.41614 1.40851 
18000 3 0 0 0 1 4 3.79309 0.0487549 1.55079 0.000821462 0.00817344 0.772464 1.42099 0.76054 0.174882 0.452948 0.89067 0 0 3 3.69599 0.0457277  0 0 4 3.68266 0.194859  0 0 2 2.93911 1.33101  0 1 3 2.5839 1.3547  0 1 4 2.41614 1.40851 
18500 3 0 0 0 1 4 3.79309 0.0487549 1.55687 0.000821462 0.00817344 0.772464 1.42099 0.76054 0.174882 0.452948 0.89067 0 0 3 3.69599 0.0457277  0 0 4 3.68266 0.194859  0 0 2 2.93911 1.33101  0 1 3 2.5839 1.3547  0 1 4 2.41614 1.40851 
19000 3 0 0 0 1 4 3.79309 0.0487549 1.55881 0.000821462 0.00817344 0.772464 1.42099 0.76054 0.174882 0.452948 0.89067 0 0 3 3.69599 0.0457277  0 0 4 3.68266 0.194859  0 0 2 2.93911 1.33101  0 1 3 2.5839 1.3547  0 1 4 2.41614 1.40851 
19500 3 0 0 0 1 4 3.79309 0.0487549 1.56139 0.000821462 0.00817344 0.772464 1.42099 0.76054 0.174882 0.452948 0.89067 0 0 3 3.69599 0.0457277  0 0 4 3.68266 0.194859  0 0 2 2.93911 1.33101  0 1 3 2.5839 1.3547  0 1 4 2.41614 1.40851 
20000 3 0 0 0 1 4 3.79309 0.0487549 1.5627 0.000821462 0.00817344 0.772464 1.42099 0.76054 0.174882 0.452948 0.89067 0 0 3 3.69599 0.0457277  0 0 4 3.68266 0.194859  0 0 2 2.93911 1.33101  0 1 3 2.5839 1.3547  0 1 4 2.41614 1.40851 
