500 10 0 17 0 0 19 3.12031 0.0464361 0.00621857 0.0249644 0.250117 0.140178 0.71243 0.365841 0.590951 0.320182 0.476312 0 2 15 0.146894 0.681207  0 0 19 0.0296536 0.292106  0 24 28 0.0285394 0.127495  0 22 29 0.0270357 0.15498  0 24 29 0.0244129 0.128664 
1000 12 0 16 0 0 20 3.2267 0.0408625 0.00713079 -0.00300917 0.0174904 0.719752 1.36215 0.406022 0.548084 0.057994 0.588474 0 0 13 0.227773 0.85065  0 2 15 0.146894 0.681207  0 0 19 0.0296536 0.292106  0 24 28 0.0285394 0.127495  0 0 20 0.0285108 0.283679 
1500 18 0 9 0 0 19 3.45409 0.0354194 0.00916362 -0.000708711 0.0218038 0.140178 0.71243 0.631305 0.309466 0.320182 0.476312 0 0 13 0.227773 0.85065  0 2 15 0.146894 0.681207  0 0 6 0.0655462 0.406568  0 0 19 0.0296536 0.292106  0 24 28 0.0285394 0.127495 
2000 15 0 13 0 0 27 3.49703 0.113532 0.0105362 0.00272955 0.0256691 0.0483692 0.323537 0.511469 0.44074 0.0163737 0.853975 0 0 12 0.397152 1.11226  0 0 13 0.227773 0.85065  0 2 15 0.146894 0.681207  0 0 27 0.0887473 0.201604  0 0 6 0.0655462 0.406568 
2500 15 0 12 0 3 19 3.50567 0.0475138 0.0125639 0.399589 1.11086 1.46092 0.764141 0.526461 0.431334 0.44317 0.503495 0 0 12 0.397152 1.11226  0 0 13 0.227773 0.85065  0 3 19 0.190617 0.521316  0 0 16 0.180339 0.723141  0 2 15 0.146894 0.681207 
3000 15 0 12 0 3 19 3.50567 0.0475138 0.0146552 0.399589 1.11086 1.46092 0.764141 0.526461 0.431334 0.44317 0.503495 0 0 12 0.397152 1.11226  0 0 13 0.227773 0.85065  0 3 19 0.190617 0.521316  0 0 16 0.180339 0.723141  0 2 15 0.146894 0.681207 
3500 10 0 17 0 3 19 3.54603 0.038279 0.0161416 0.0393185 0.334549 1.46092 0.764141 0.363366 0.579584 0.44317 0.503495 0 0 12 0.397152 1.11226  0 0 13 0.227773 0.85065  0 3 19 0.190617 0.521316  0 0 16 0.180339 0.723141  0 2 15 0.146894 0.681207 
4000 10 0 17 0 3 19 3.54603 0.038279 0.0184039 0.0393185 0.334549 1.46092 0.764141 0.363366 0.579584 0.44317 0.503495 0 0 12 0.397152 1.11226  0 0 13 0.227773 0.85065  0 3 19 0.190617 0.521316  0 0 16 0.180339 0.723141  0 2 15 0.146894 0.681207 
4500 10 0 17 0 3 19 3.54603 0.038279 0.0206082 0.0393185 0.334549 1.46092 0.764141 0.363366 0.579584 0.44317 0.503495 0 0 12 0.397152 1.11226  0 0 19 0.311795 0.969123  0 0 27 0.240671 0.839391  0 0 13 0.227773 0.85065  0 3 19 0.190617 0.521316 
5000 10 0 17 0 0 19 3.54603 0.038279 0.0229733 0.0393185 0.334549 0.788394 1.44781 0.363366 0.579584 0.0701764 0.901903 0 0 12 0.397152 1.11226  0 0 19 0.311795 0.969123  0 3 23 0.245802 0.821659  0 0 27 0.240671 0.839391  0 0 13 0.227773 0.85065 
5500 10 0 17 0 0 19 3.54603 0.038279 0.0251047 0.0393185 0.334549 0.788394 1.44781 0.363366 0.579584 0.0701764 0.901903 0 0 22 1.16004 1.65515  0 0 12 0.397152 1.11226  0 0 19 0.311795 0.969123  0 0 8 0.29999 0.914089  0 3 23 0.245802 0.821659 
6000 10 0 17 0 0 19 3.54603 0.038279 0.0273717 0.0393185 0.334549 0.788394 1.44781 0.363366 0.579584 0.0701764 0.901903 0 0 22 1.16004 1.65515  0 0 27 0.649994 0.854559  0 0 12 0.397152 1.11226  0 0 19 0.311795 0.969123  0 0 8 0.29999 0.914089 
6500 12 0 16 0 3 21 3.61078 0.0355902 0.0311417 -0.00144603 0.015344 0.904519 1.4268 0.403184 0.557925 0.0705022 0.757441 0 0 22 1.16004 1.65515  0 0 27 0.649994 0.854559  0 3 9 0.500207 1.13167  0 0 12 0.397152 1.11226  0 3 21 0.385255 1.00645 
7000 12 0 16 0 3 21 3.61078 0.0355902 0.0344326 -0.00144603 0.015344 0.904519 1.4268 0.403184 0.557925 0.0705022 0.757441 0 0 22 1.16004 1.65515  0 0 27 0.649994 0.854559  0 3 9 0.500207 1.13167  0 0 12 0.397152 1.11226  0 3 21 0.385255 1.00645 
7500 12 0 16 0 0 27 3.61078 0.0355902 0.0377121 -0.00144603 0.015344 0.587465 0.882506 0.403184 0.557925 0.00198762 0.90437 0 0 22 1.16004 1.65515  0 0 27 0.649994 0.854559  0 3 9 0.500207 1.13167  0 1 18 0.440801 1.13299  0 0 12 0.397152 1.11226 
8000 12 0 16 0 0 27 3.61078 0.0355902 0.0419794 -0.00144603 0.015344 0.587465 0.882506 0.403184 0.557925 0.00198762 0.90437 0 0 22 1.16004 1.65515  0 0 27 0.649994 0.854559  0 3 9 0.500207 1.13167  0 1 18 0.440801 1.13299  0 0 12 0.397152 1.11226 
8500 12 0 16 0 0 27 3.61078 0.0355902 0.047462 -0.00144603 0.015344 0.587465 0.882506 0.403184 0.557925 0.00198762 0.90437 0 0 22 1.16004 1.65515  0 0 27 0.649994 0.854559  0 3 9 0.500207 1.13167  0 1 18 0.440801 1.13299  0 0 12 0.397152 1.11226 
9000 12 0 16 0 0 25 3.61078 0.0355902 0.0530134 -0.00144603 0.015344 1.04146 1.55106 0.403184 0.557925 0.0220842 0.858049 0 0 22 1.16004 1.65515  0 0 27 0.649994 0.854559  0 0 25 0.547682 1.21526  0 3 9 0.500207 1.13167  0 1 18 0.440801 1.13299 
9500 12 0 16 0 0 25 3.61078 0.0355902 0.0576639 -0.00144603 0.015344 1.04146 1.55106 0.403184 0.557925 0.0220842 0.858049 0 0 22 1.16004 1.65515  0 0 20 0.721497 0.927486  0 0 27 0.649994 0.854559  0 0 25 0.547682 1.21526  0 3 9 0.500207 1.13167 
10000 13 0 15 0 0 25 3.61581 0.0440829 0.0633017 -0.000648502 0.0165931 1.04146 1.55106 0.438472 0.508512 0.0220842 0.858049 0 0 22 1.16004 1.65515  0 0 20 0.721497 0.927486  0 0 27 0.649994 0.854559  0 0 25 0.547682 1.21526  0 3 9 0.500207 1.13167 
10500 7 0 20 0 4 21 3.7011 0.0370799 0.0702743 0.00152756 0.0159951 1.07356 1.59787 0.26247 0.669418 0.26059 0.853039 0 0 22 1.16004 1.65515  0 0 20 0.721497 0.927486  0 0 27 0.649994 0.854559  0 4 21 0.571853 1.24133  0 0 25 0.547682 1.21526 
11000 7 0 20 0 4 21 3.7011 0.0370799 0.0775082 0.00152756 0.0159951 1.07356 1.59787 0.26247 0.669418 0.26059 0.853039 0 0 22 1.16004 1.65515  0 0 20 0.721497 0.927486  0 0 27 0.649994 0.854559  0 4 21 0.571853 1.24133  0 0 25 0.547682 1.21526 
11500 7 0 20 0 4 21 3.7011 0.0370799 0.0867722 0.00152756 0.0159951 1.07356 1.59787 0.26247 0.669418 0.26059 0.853039 0 0 22 1.16004 1.65515  0 1 23 1.1581 1.36397  0 0 20 0.721497 0.927486  0 0 27 0.649994 0.854559  0 4 21 0.571853 1.24133 
12000 7 0 20 0 2 26 3.7011 0.0370799 0.0948172 0.00152756 0.0159951 0.722997 0.495817 0.26247 0.669418 0.000318643 0.889911 0 0 22 1.16004 1.65515  0 1 23 1.1581 1.36397  0 2 26 0.800156 0.365106  0 0 20 0.721497 0.927486  0 0 27 0.649994 0.854559 
12500 3 0 23 0 2 26 3.72166 0.0482719 0.103644 0.00110569 0.0162689 0.722997 0.495817 0.128541 0.796073 0.000318643 0.889911 0 2 24 1.98763 1.25888  0 0 22 1.16004 1.65515  0 0 9 1.15864 1.70403  0 1 23 1.1581 1.36397  0 2 26 0.800156 0.365106 
13000 3 0 23 0 0 24 3.72166 0.0482719 0.113502 0.00110569 0.0162689 0.766493 0.474825 0.128541 0.796073 0.0475679 0.8203 0 2 24 1.98763 1.25888  0 0 22 1.16004 1.65515  0 0 9 1.15864 1.70403  0 1 23 1.1581 1.36397  0 0 24 0.907466 0.104883 
13500 3 0 23 0 0 24 3.72166 0.0482719 0.125514 0.00110569 0.0162689 0.766493 0.474825 0.128541 0.796073 0.0475679 0.8203 0 2 24 1.98763 1.25888  0 0 22 1.16004 1.65515  0 0 9 1.15864 1.70403  0 1 23 1.1581 1.36397  0 0 24 0.907466 0.104883 
14000 3 0 23 0 0 22 3.72166 0.0482719 0.135869 0.00110569 0.0162689 0.523273 1.3223 0.128541 0.796073 0.387084 0.452838 0 2 24 1.98763 1.25888  0 0 22 1.16004 1.65515  0 0 9 1.15864 1.70403  0 1 23 1.1581 1.36397  0 0 16 1.07413 1.62953 
14500 3 0 23 0 0 22 3.72166 0.0482719 0.148569 0.00110569 0.0162689 0.523273 1.3223 0.128541 0.796073 0.387084 0.452838 0 2 24 1.98763 1.25888  0 0 22 1.16004 1.65515  0 0 9 1.15864 1.70403  0 1 23 1.1581 1.36397  0 0 16 1.07413 1.62953 
15000 2 0 25 0 0 22 3.72296 0.0803256 0.161067 -0.000784684 0.017263 0.523273 1.3223 0.0852032 0.835528 0.387084 0.452838 0 2 24 1.98763 1.25888  0 0 22 1.16004 1.65515  0 0 9 1.15864 1.70403  0 1 23 1.1581 1.36397  0 0 16 1.07413 1.62953 
15500 1 0 25 0 3 24 3.72446 0.0420927 0.173737 -0.00101533 0.0173991 2.1702 0.646006 0.0577897 0.85992 0.0167764 0.833526 0 2 24 1.98763 1.25888  0 3 24 1.4543 1.05601  0 0 22 1.16004 1.65515  0 0 9 1.15864 1.70403  0 1 23 1.1581 1.36397 
16000 3 0 24 0 3 24 3.73021 0.0433795 0.187841 -0.000560126 0.0171363 2.1702 0.646006 0.104854 0.814329 0.0167764 0.833526 0 2 24 1.98763 1.25888  0 3 24 1.4543 1.05601  0 0 22 1.16004 1.65515  0 0 9 1.15864 1.70403  0 1 23 1.1581 1.36397 
16500 3 0 24 0 3 24 3.73021 0.0433795 0.199973 -0.000560126 0.0171363 2.1702 0.646006 0.104854 0.814329 0.0167764 0.833526 0 2 24 1.98763 1.25888  0 3 24 1.4543 1.05601  0 0 22 1.16004 1.65515  0 0 9 1.15864 1.70403  0 1 23 1.1581 1.36397 
17000 3 0 24 0 3 24 3.73021 0.0433795 0.210557 -0.000560126 0.0171363 2.1702 0.646006 0.104854 0.814329 0.0167764 0.833526 0 2 24 1.98763 1.25888  0 0 17 1.55409 1.80769  0 3 24 1.4543 1.05601  0 3 22 1.43467 1.02071  0 0 22 1.16004 1.65515 
17500 3 0 24 0 3 24 3.73021 0.0433795 0.223756 -0.000560126 0.0171363 2.1702 0.646006 0.104854 0.814329 0.0167764 0.833526 0 2 24 1.98763 1.25888  0 0 17 1.55409 1.80769  0 3 24 1.4543 1.05601  0 3 22 1.43467 1.02071  0 0 22 1.16004 1.65515 
18000 3 0 24 0 3 24 3.73021 0.0433795 0.238567 -0.000560126 0.0171363 2.1702 0.646006 0.104854 0.814329 0.0167764 0.833526 0 2 24 1.98763 1.25888  0 0 17 1.55409 1.80769  0 3 24 1.4543 1.05601  0 3 22 1.43467 1.02071  0 0 22 1.16004 1.65515 
18500 3 0 24 0 3 24 3.73021 0.0433795 0.253195 -0.000560126 0.0171363 2.1702 0.646006 0.104854 0.814329 0.0167764 0.833526 0 2 24 1.98763 1.25888  0 0 17 1.55409 1.80769  0 0 13 1.48382 1.81763  0 3 24 1.4543 1.05601  0 3 22 1.43467 1.02071 
19000 25 0 2 0 1 22 3.74781 0.0507222 0.266125 0.00176023 0.0167708 2.70686 1.00202 0.849534 0.0748632 0.0291065 0.806666 0 1 22 2.20836 1.1973  0 2 24 1.98763 1.25888  0 0 26 1.70769 0.0430624  0 0 17 1.55409 1.80769  0 0 13 1.48382 1.81763 
19500 25 0 2 0 1 22 3.74781 0.0507222 0.279047 0.00176023 0.0167708 2.70686 1.00202 0.849534 0.0748632 0.0291065 0.806666 0 0 25 3.13872 1.32086  0 1 22 2.20836 1.1973  0 2 24 1.98763 1.25888  0 0 26 1.70769 0.0430624  0 0 17 1.55409 1.80769 
20000 25 0 2 0 1 22 3.74781 0.0507222 0.291298 0.00176023 0.0167708 2.70686 1.00202 0.849534 0.0748632 0.0291065 0.806666 0 0 25 3.13872 1.32086  0 1 22 2.20836 1.1973  0 2 24 1.98763 1.25888  0 0 26 1.70769 0.0430624  0 0 17 1.55409 1.80769 
