500 9 0 18 0 12 28 2.44064 0.0376277 0.00386041 0.0813728 0.436975 0.00160492 0.0159688 0.308191 0.615986 0.984818 0.751793 0 12 28 0.0356123 0.247149  0 23 29 0.0254821 0.138455  0 17 29 0.0237111 0.0992476  0 25 29 0.0200376 0.108921  0 27 29 0.0171442 0.101127 
1000 9 0 18 0 12 28 2.44064 0.0376277 0.00491041 0.0813728 0.436975 0.00160492 0.0159688 0.308191 0.615986 0.984818 0.751793 0 8 20 0.0358375 0.21759  0 12 28 0.0356123 0.247149  0 27 29 0.0343904 0.148615  0 23 29 0.0254821 0.138455  0 17 29 0.0237111 0.0992476 
1500 9 0 18 0 12 28 2.44064 0.0376277 0.00557945 0.0813728 0.436975 0.00160492 0.0159688 0.308191 0.615986 0.984818 0.751793 0 8 20 0.0358375 0.21759  0 12 28 0.0356123 0.247149  0 27 29 0.0343904 0.148615  0 23 29 0.0254821 0.138455  0 17 29 0.0237111 0.0992476 
2000 5 0 22 0 12 28 3.03513 0.0336475 0.00683292 1.39967 1.51923 0.00160492 0.0159688 0.167655 0.752209 0.984818 0.751793 0 8 20 0.0358375 0.21759  0 12 28 0.0356123 0.247149  0 27 29 0.0343904 0.148615  0 26 29 0.0305522 0.176805  0 16 28 0.0283939 0.171987 
2500 5 0 22 0 0 22 3.03513 0.0336475 0.00914731 1.39967 1.51923 0.0808491 0.538308 0.167655 0.752209 0.0134556 0.743486 0 0 22 0.0579247 0.414618  0 8 20 0.0358375 0.21759  0 12 28 0.0356123 0.247149  0 18 28 0.0350957 0.210016  0 27 29 0.0343904 0.148615 
3000 5 0 22 0 0 22 3.03513 0.0336475 0.0104801 1.39967 1.51923 0.0808491 0.538308 0.167655 0.752209 0.0134556 0.743486 0 0 22 0.0579247 0.414618  0 8 20 0.0358375 0.21759  0 12 28 0.0356123 0.247149  0 18 28 0.0350957 0.210016  0 27 29 0.0343904 0.148615 
3500 7 0 20 0 0 21 3.4241 0.0341769 0.0126242 0.498672 1.27548 0.839925 1.34104 0.261023 0.672399 0.0944846 0.737933 0 0 21 0.105017 0.539338  0 0 22 0.0579247 0.414618  0 8 20 0.0358375 0.21759  0 12 28 0.0356123 0.247149  0 18 28 0.0350957 0.210016 
4000 7 0 20 0 0 23 3.4241 0.0341769 0.0145099 0.498672 1.27548 0.941895 1.44512 0.261023 0.672399 0.052703 0.775035 0 0 23 0.524214 1.15586  0 0 26 0.118592 0.141626  0 0 21 0.105017 0.539338  0 0 22 0.0579247 0.414618  0 8 20 0.0358375 0.21759 
4500 7 0 20 0 0 23 3.4241 0.0341769 0.0168184 0.498672 1.27548 0.941895 1.44512 0.261023 0.672399 0.052703 0.775035 0 0 23 0.524214 1.15586  0 0 26 0.118592 0.141626  0 0 21 0.105017 0.539338  0 0 22 0.0579247 0.414618  0 0 24 0.0372794 0.213949 
5000 17 0 10 0 0 23 3.42868 0.0525535 0.0186253 0.00086682 0.00862475 0.941895 1.44512 0.589987 0.341218 0.052703 0.775035 0 0 23 0.524214 1.15586  0 0 24 0.147078 0.635286  0 0 26 0.118592 0.141626  0 0 21 0.105017 0.539338  0 0 22 0.0579247 0.414618 
5500 17 0 10 0 0 23 3.42868 0.0525535 0.0209029 0.00086682 0.00862475 0.941895 1.44512 0.589987 0.341218 0.052703 0.775035 0 2 18 0.554036 1.16567  0 0 23 0.524214 1.15586  0 0 24 0.147078 0.635286  0 0 26 0.118592 0.141626  0 0 21 0.105017 0.539338 
6000 2 0 24 0 0 25 3.46301 0.350264 0.0234201 1.09936 1.67905 2.20271 1.21462 0.0961081 0.809116 0.0323982 0.853209 0 0 25 2.68786 0.550039  0 2 18 0.554036 1.16567  0 0 23 0.524214 1.15586  0 0 24 0.147078 0.635286  0 0 26 0.118592 0.141626 
6500 2 0 24 0 0 25 3.46301 0.350264 0.0268745 1.09936 1.67905 2.20271 1.21462 0.0961081 0.809116 0.0323982 0.853209 0 0 25 2.68786 0.550039  0 2 18 0.554036 1.16567  0 0 23 0.524214 1.15586  0 2 21 0.312818 0.848739  0 0 24 0.147078 0.635286 
7000 20 0 7 0 0 25 3.68249 0.0502429 0.029423 0.0721092 0.479614 2.20271 1.21462 0.679961 0.251144 0.0323982 0.853209 0 0 25 2.68786 0.550039  0 2 18 0.554036 1.16567  0 0 23 0.524214 1.15586  0 2 21 0.312818 0.848739  0 0 8 0.147687 0.709635 
7500 15 0 12 0 0 25 3.68415 0.0439062 0.0322297 0.24313 0.890597 2.20271 1.21462 0.513802 0.432753 0.0323982 0.853209 0 0 25 2.68786 0.550039  0 2 18 0.554036 1.16567  0 0 23 0.524214 1.15586  0 2 21 0.312818 0.848739  0 0 8 0.147687 0.709635 
8000 15 0 12 0 0 25 3.68415 0.0439062 0.0355984 0.24313 0.890597 2.20271 1.21462 0.513802 0.432753 0.0323982 0.853209 0 0 25 2.68786 0.550039  0 0 20 1.20041 1.67194  0 2 18 0.554036 1.16567  0 0 17 0.544735 1.25336  0 0 23 0.524214 1.15586 
8500 15 0 12 0 0 25 3.68415 0.0439062 0.0388049 0.24313 0.890597 2.20271 1.21462 0.513802 0.432753 0.0323982 0.853209 0 0 25 2.68786 0.550039  0 0 20 1.20041 1.67194  0 2 18 0.554036 1.16567  0 0 17 0.544735 1.25336  0 0 23 0.524214 1.15586 
9000 15 0 12 0 0 25 3.68415 0.0439062 0.0432932 0.24313 0.890597 2.20271 1.21462 0.513802 0.432753 0.0323982 0.853209 0 0 25 2.68786 0.550039  0 0 20 1.20041 1.67194  0 2 11 0.747728 1.33701  0 2 18 0.554036 1.16567  0 0 17 0.544735 1.25336 
9500 15 0 12 0 0 25 3.68415 0.0439062 0.047691 0.24313 0.890597 2.20271 1.21462 0.513802 0.432753 0.0323982 0.853209 0 0 25 2.68786 0.550039  0 0 20 1.20041 1.67194  0 2 11 0.747728 1.33701  0 2 18 0.554036 1.16567  0 0 17 0.544735 1.25336 
10000 15 0 12 0 0 25 3.68415 0.0439062 0.0527722 0.24313 0.890597 2.20271 1.21462 0.513802 0.432753 0.0323982 0.853209 0 0 25 2.68786 0.550039  0 0 20 1.20041 1.67194  0 2 11 0.747728 1.33701  0 2 18 0.554036 1.16567  0 1 22 0.550111 1.16677 
10500 22 0 5 0 0 25 3.70993 0.138277 0.0591633 0.000835652 0.00831463 2.20271 1.21462 0.757296 0.16881 0.0323982 0.853209 0 0 25 2.68786 0.550039  0 0 20 1.20041 1.67194  0 2 11 0.747728 1.33701  0 2 18 0.554036 1.16567  0 1 22 0.550111 1.16677 
11000 22 0 5 0 0 25 3.70993 0.138277 0.0656557 0.000835652 0.00831463 2.20271 1.21462 0.757296 0.16881 0.0323982 0.853209 0 0 25 2.68786 0.550039  0 0 20 1.20041 1.67194  0 2 11 0.747728 1.33701  0 2 18 0.554036 1.16567  0 1 22 0.550111 1.16677 
11500 22 0 5 0 0 25 3.70993 0.138277 0.0730088 0.000835652 0.00831463 2.20271 1.21462 0.757296 0.16881 0.0323982 0.853209 0 0 25 2.68786 0.550039  0 0 20 1.20041 1.67194  0 2 11 0.747728 1.33701  0 2 18 0.554036 1.16567  0 1 22 0.550111 1.16677 
12000 22 0 5 0 0 25 3.70993 0.138277 0.081389 0.000835652 0.00831463 2.20271 1.21462 0.757296 0.16881 0.0323982 0.853209 0 0 25 2.68786 0.550039  0 0 20 1.20041 1.67194  0 2 11 0.747728 1.33701  0 2 18 0.554036 1.16567  0 1 22 0.550111 1.16677 
12500 22 0 5 0 0 25 3.70993 0.138277 0.0886178 0.000835652 0.00831463 2.20271 1.21462 0.757296 0.16881 0.0323982 0.853209 0 0 25 2.68786 0.550039  0 0 20 1.20041 1.67194  0 2 11 0.747728 1.33701  0 2 18 0.554036 1.16567  0 1 22 0.550111 1.16677 
13000 22 0 5 0 0 25 3.70993 0.138277 0.0967496 0.000835652 0.00831463 2.20271 1.21462 0.757296 0.16881 0.0323982 0.853209 0 0 25 2.68786 0.550039  0 0 20 1.20041 1.67194  0 2 11 0.747728 1.33701  0 2 18 0.554036 1.16567  0 1 22 0.550111 1.16677 
13500 6 0 21 0 0 25 3.73456 0.054701 0.105601 0.00150565 0.0160092 2.20271 1.21462 0.223965 0.703105 0.0323982 0.853209 0 0 25 2.68786 0.550039  0 0 20 1.20041 1.67194  0 0 26 1.00913 0.149307  0 2 11 0.747728 1.33701  0 2 18 0.554036 1.16567 
14000 19 0 8 0 0 25 3.74112 0.0400054 0.114442 0.00139465 0.0138766 2.20271 1.21462 0.664033 0.271263 0.0323982 0.853209 0 0 25 2.68786 0.550039  0 0 20 1.20041 1.67194  0 0 26 1.00913 0.149307  0 2 11 0.747728 1.33701  0 0 18 0.662586 1.41508 
14500 19 0 8 0 2 21 3.74112 0.0400054 0.123842 0.00139465 0.0138766 3.2054 1.22978 0.664033 0.271263 0.0967761 0.798135 0 0 25 2.68786 0.550039  0 2 21 1.77321 1.57842  0 0 20 1.20041 1.67194  0 0 26 1.00913 0.149307  0 2 11 0.747728 1.33701 
15000 19 0 8 0 2 21 3.74112 0.0400054 0.132472 0.00139465 0.0138766 3.2054 1.22978 0.664033 0.271263 0.0967761 0.798135 0 0 25 2.68786 0.550039  0 2 21 1.77321 1.57842  0 0 20 1.20041 1.67194  0 0 26 1.00913 0.149307  0 2 11 0.747728 1.33701 
15500 19 0 8 0 1 21 3.74112 0.0400054 0.141509 0.00139465 0.0138766 3.43343 0.89288 0.664033 0.271263 0.121507 0.771783 0 0 25 2.68786 0.550039  0 2 21 1.77321 1.57842  0 0 14 1.4036 1.76662  0 0 20 1.20041 1.67194  0 1 21 1.15325 1.51719 
16000 19 0 8 0 1 21 3.74112 0.0400054 0.150433 0.00139465 0.0138766 3.43343 0.89288 0.664033 0.271263 0.121507 0.771783 0 0 25 2.68786 0.550039  0 2 21 1.77321 1.57842  0 0 14 1.4036 1.76662  0 0 20 1.20041 1.67194  0 1 21 1.15325 1.51719 
16500 19 0 8 0 2 21 3.74112 0.0400054 0.159596 0.00139465 0.0138766 3.2054 1.22978 0.664033 0.271263 0.0967761 0.798135 0 0 25 2.68786 0.550039  0 2 21 1.77321 1.57842  0 3 23 1.5132 1.43062  0 0 14 1.4036 1.76662  0 0 20 1.20041 1.67194 
17000 19 0 8 0 2 21 3.74112 0.0400054 0.169596 0.00139465 0.0138766 3.2054 1.22978 0.664033 0.271263 0.0967761 0.798135 0 0 25 2.68786 0.550039  0 2 21 1.77321 1.57842  0 3 23 1.5132 1.43062  0 0 14 1.4036 1.76662  0 0 20 1.20041 1.67194 
17500 19 0 8 0 2 21 3.74112 0.0400054 0.179516 0.00139465 0.0138766 3.2054 1.22978 0.664033 0.271263 0.0967761 0.798135 0 0 25 2.68786 0.550039  0 2 21 1.77321 1.57842  0 3 23 1.5132 1.43062  0 0 14 1.4036 1.76662  0 0 20 1.20041 1.67194 
18000 19 0 8 0 2 21 3.74112 0.0400054 0.190307 0.00139465 0.0138766 3.2054 1.22978 0.664033 0.271263 0.0967761 0.798135 0 0 25 2.68786 0.550039  0 2 21 1.77321 1.57842  0 3 23 1.5132 1.43062  0 0 14 1.4036 1.76662  0 0 20 1.20041 1.67194 
18500 19 0 8 0 2 21 3.74112 0.0400054 0.200476 0.00139465 0.0138766 3.2054 1.22978 0.664033 0.271263 0.0967761 0.798135 0 0 25 2.68786 0.550039  0 2 21 1.77321 1.57842  0 3 23 1.5132 1.43062  0 0 14 1.4036 1.76662  0 0 20 1.20041 1.67194 
19000 19 0 8 0 2 21 3.74112 0.0400054 0.209504 0.00139465 0.0138766 3.2054 1.22978 0.664033 0.271263 0.0967761 0.798135 0 0 25 2.68786 0.550039  0 2 21 1.77321 1.57842  0 3 23 1.5132 1.43062  0 0 14 1.4036 1.76662  0 0 20 1.20041 1.67194 
19500 19 0 8 0 1 22 3.74112 0.0400054 0.21858 0.00139465 0.0138766 3.51157 0.78739 0.664033 0.271263 0.0765126 0.83462 0 0 25 2.68786 0.550039  0 1 22 2.40771 1.42909  0 2 21 1.77321 1.57842  0 3 23 1.5132 1.43062  0 0 14 1.4036 1.76662 
20000 19 0 8 0 1 22 3.74112 0.0400054 0.228429 0.00139465 0.0138766 3.51157 0.78739 0.664033 0.271263 0.0765126 0.83462 0 0 25 2.68786 0.550039  0 1 22 2.40771 1.42909  0 2 21 1.77321 1.57842  0 3 20 1.76487 1.55427  0 3 23 1.5132 1.43062 
