500 15 0 12 0 24 29 2.27445 0.0387337 0.00396961 0.000325025 0.0218229 0.00160492 0.0159688 0.509095 0.427616 0.984818 0.751793 0 3 25 0.0593257 0.135363  0 24 29 0.0422706 0.215656  0 26 29 0.0265048 0.172684  0 20 28 0.0206183 0.0956328  0 28 29 0.0200328 0.199324 
1000 21 0 6 0 24 29 3.21711 0.0448723 0.00576651 -0.000498266 0.0150068 0.00160492 0.0159688 0.7025 0.217001 0.984818 0.751793 0 3 25 0.0593257 0.135363  0 24 29 0.0422706 0.215656  0 26 29 0.0265048 0.172684  0 20 29 0.0254704 0.180977  0 4 23 0.0251288 0.178876 
1500 21 0 6 0 24 29 3.21711 0.0448723 0.00689688 -0.000498266 0.0150068 0.00160492 0.0159688 0.7025 0.217001 0.984818 0.751793 0 3 25 0.0593257 0.135363  0 24 29 0.0422706 0.215656  0 26 29 0.0265048 0.172684  0 20 29 0.0254704 0.180977  0 4 23 0.0251288 0.178876 
2000 22 0 5 0 24 29 3.22976 0.130836 0.00886998 0.00208922 0.0303725 0.00160492 0.0159688 0.737545 0.167334 0.984818 0.751793 0 3 25 0.0593257 0.135363  0 24 29 0.0422706 0.215656  0 26 29 0.0270909 0.132676  0 23 29 0.0263242 0.119197  0 20 29 0.0254704 0.180977 
2500 8 0 19 0 24 29 3.7109 0.0450115 0.0109749 -0.00692411 0.0169793 0.00160492 0.0159688 0.287672 0.651484 0.984818 0.751793 0 2 20 0.162166 0.543108  0 0 4 0.12543 0.62545  0 3 25 0.0593257 0.135363  0 24 29 0.0422706 0.215656  0 10 24 0.0299658 0.204368 
3000 8 0 19 0 24 29 3.7109 0.0450115 0.0125199 -0.00692411 0.0169793 0.0799713 0.541352 0.287672 0.651484 0.0149159 0.960182 0 2 20 0.162166 0.543108  0 0 4 0.12543 0.62545  0 3 25 0.0593257 0.135363  0 24 29 0.0559775 0.203619  0 17 24 0.0490658 0.245239 
3500 8 0 19 0 0 22 3.7109 0.0450115 0.0139169 -0.00692411 0.0169793 1.00645 1.21455 0.287672 0.651484 0.0821891 0.762496 0 0 22 0.519272 0.985348  0 2 20 0.162166 0.543108  0 0 4 0.12543 0.62545  0 0 29 0.0723085 0.21208  0 3 25 0.0593257 0.135363 
4000 8 0 19 0 0 21 3.7109 0.0450115 0.0157385 -0.00692411 0.0169793 1.89844 0.927405 0.287672 0.651484 0.153804 0.773559 0 0 22 0.519272 0.985348  0 0 23 0.321778 0.973191  0 0 21 0.296061 0.768301  0 2 20 0.162166 0.543108  0 0 4 0.12543 0.62545 
4500 8 0 19 0 0 21 3.7109 0.0450115 0.0171344 -0.00692411 0.0169793 1.89844 0.927405 0.287672 0.651484 0.153804 0.773559 0 0 22 0.519272 0.985348  0 0 23 0.321778 0.973191  0 0 21 0.296061 0.768301  0 2 20 0.162166 0.543108  0 0 4 0.12543 0.62545 
5000 8 0 19 0 0 21 3.7109 0.0450115 0.0181822 -0.00692411 0.0169793 1.89844 0.927405 0.287672 0.651484 0.153804 0.773559 0 0 22 0.519272 0.985348  0 0 23 0.321778 0.973191  0 0 21 0.296061 0.768301  0 2 20 0.162166 0.543108  0 0 24 0.130013 0.638694 
5500 8 0 19 0 0 21 3.7109 0.0450115 0.0201846 -0.00692411 0.0169793 1.89844 0.927405 0.287672 0.651484 0.153804 0.773559 0 0 22 0.519272 0.985348  0 0 23 0.321778 0.973191  0 0 21 0.296061 0.768301  0 3 15 0.247949 0.83962  0 2 20 0.162166 0.543108 
6000 8 0 19 0 0 21 3.7109 0.0450115 0.0220357 -0.00692411 0.0169793 1.89844 0.927405 0.287672 0.651484 0.153804 0.773559 0 0 26 0.90501 0.103437  0 0 22 0.519272 0.985348  0 0 23 0.321778 0.973191  0 0 21 0.296061 0.768301  0 3 15 0.247949 0.83962 
6500 8 0 19 0 0 21 3.7109 0.0450115 0.0234188 -0.00692411 0.0169793 1.89844 0.927405 0.287672 0.651484 0.153804 0.773559 0 0 26 0.90501 0.103437  0 0 22 0.519272 0.985348  0 0 23 0.321778 0.973191  0 0 21 0.296061 0.768301  0 3 15 0.247949 0.83962 
7000 8 0 19 0 0 22 3.7109 0.0450115 0.0253311 -0.00692411 0.0169793 1.00645 1.21455 0.287672 0.651484 0.0821891 0.762496 0 0 26 0.90501 0.103437  0 0 22 0.519272 0.985348  0 2 23 0.356041 1.02014  0 0 23 0.321778 0.973191  0 0 9 0.301388 0.988727 
7500 8 0 19 0 0 22 3.7109 0.0450115 0.0275468 -0.00692411 0.0169793 1.00645 1.21455 0.287672 0.651484 0.0821891 0.762496 0 0 26 0.90501 0.103437  0 0 22 0.519272 0.985348  0 2 23 0.356041 1.02014  0 0 23 0.321778 0.973191  0 0 9 0.316994 0.958758 
8000 8 0 19 0 0 22 3.7109 0.0450115 0.0301739 -0.00692411 0.0169793 1.00645 1.21455 0.287672 0.651484 0.0821891 0.762496 0 0 26 0.90501 0.103437  0 0 22 0.519272 0.985348  0 2 23 0.356041 1.02014  0 0 23 0.321778 0.973191  0 0 9 0.316994 0.958758 
8500 8 0 19 0 0 22 3.7109 0.0450115 0.0329328 -0.00692411 0.0169793 1.00645 1.21455 0.287672 0.651484 0.0821891 0.762496 0 0 26 0.90501 0.103437  0 0 22 0.519272 0.985348  0 2 23 0.356041 1.02014  0 1 5 0.342509 0.978561  0 0 23 0.321778 0.973191 
9000 8 0 19 0 0 22 3.7109 0.0450115 0.0356212 -0.00692411 0.0169793 1.00645 1.21455 0.287672 0.651484 0.0821891 0.762496 0 0 25 1.51145 1.73637  0 0 26 0.90501 0.103437  0 0 23 0.758788 1.41135  0 0 22 0.519272 0.985348  0 2 23 0.356041 1.02014 
9500 8 0 19 0 0 22 3.7109 0.0450115 0.0386304 -0.00692411 0.0169793 1.00645 1.21455 0.287672 0.651484 0.0821891 0.762496 0 0 25 1.51145 1.73637  0 0 26 0.90501 0.103437  0 0 23 0.758788 1.41135  0 4 24 0.728064 1.36459  0 0 22 0.519272 0.985348 
10000 8 0 19 0 0 25 3.7109 0.0450115 0.041875 -0.00692411 0.0169793 0.848959 1.54486 0.287672 0.651484 0.0142993 0.860713 0 0 25 1.51145 1.73637  0 0 26 0.90501 0.103437  0 0 23 0.758788 1.41135  0 4 24 0.728064 1.36459  0 2 7 0.528101 1.20394 
10500 8 0 19 0 0 25 3.7109 0.0450115 0.0458668 -0.00692411 0.0169793 0.848959 1.54486 0.287672 0.651484 0.0142993 0.860713 0 0 25 1.51145 1.73637  0 0 26 1.02305 0.124494  0 0 23 0.758788 1.41135  0 4 24 0.728064 1.36459  0 2 7 0.528101 1.20394 
11000 8 0 19 0 0 24 3.7109 0.0450115 0.0500711 -0.00692411 0.0169793 0.961526 0.405423 0.287672 0.651484 0.0672172 0.809652 0 0 25 1.51145 1.73637  0 0 26 1.02305 0.124494  0 0 24 1.02126 0.046259  0 0 23 0.758788 1.41135  0 4 24 0.728064 1.36459 
11500 8 0 19 0 0 24 3.7109 0.0450115 0.0543826 -0.00692411 0.0169793 0.961526 0.405423 0.287672 0.651484 0.0672172 0.809652 0 0 25 1.51145 1.73637  0 0 26 1.02305 0.124494  0 0 24 1.02126 0.046259  0 0 23 0.758788 1.41135  0 4 24 0.728064 1.36459 
12000 8 0 19 0 0 24 3.7109 0.0450115 0.0580468 -0.00692411 0.0169793 0.961526 0.405423 0.287672 0.651484 0.0672172 0.809652 0 0 25 1.51145 1.73637  0 0 26 1.02305 0.124494  0 0 24 1.02126 0.046259  0 0 23 0.758788 1.41135  0 4 24 0.728064 1.36459 
12500 8 0 19 0 0 24 3.7109 0.0450115 0.063347 -0.00692411 0.0169793 0.961526 0.405423 0.287672 0.651484 0.0672172 0.809652 0 0 26 1.52876 0.0412089  0 0 25 1.51145 1.73637  0 0 24 1.02126 0.046259  0 0 23 0.758788 1.41135  0 4 24 0.728064 1.36459 
13000 8 0 19 0 0 24 3.7109 0.0450115 0.0688455 -0.00692411 0.0169793 0.961526 0.405423 0.287672 0.651484 0.0672172 0.809652 0 0 26 1.52876 0.0412089  0 0 25 1.51145 1.73637  0 0 24 1.02126 0.046259  0 0 23 0.758788 1.41135  0 4 24 0.728064 1.36459 
13500 8 0 19 0 0 24 3.7109 0.0450115 0.0746237 -0.00692411 0.0169793 0.961526 0.405423 0.287672 0.651484 0.0672172 0.809652 0 0 26 1.52876 0.0412089  0 0 25 1.51145 1.73637  0 0 24 1.02126 0.046259  0 0 23 0.758788 1.41135  0 4 24 0.728064 1.36459 
14000 8 0 19 0 0 24 3.7109 0.0450115 0.0819161 -0.00692411 0.0169793 0.961526 0.405423 0.287672 0.651484 0.0672172 0.809652 0 0 26 1.52876 0.0412089  0 0 25 1.51145 1.73637  0 0 24 1.02126 0.046259  0 0 27 0.857857 0.707681  0 0 23 0.758788 1.41135 
14500 8 0 19 0 0 24 3.7109 0.0450115 0.0890342 -0.00692411 0.0169793 0.961526 0.405423 0.287672 0.651484 0.0672172 0.809652 0 0 26 1.52876 0.0412089  0 0 25 1.51145 1.73637  0 0 24 1.02126 0.046259  0 0 27 0.857857 0.707681  0 0 23 0.758788 1.41135 
15000 8 0 19 0 0 24 3.7109 0.0450115 0.0946983 -0.00692411 0.0169793 0.961526 0.405423 0.287672 0.651484 0.0672172 0.809652 0 0 26 1.52876 0.0412089  0 0 25 1.51145 1.73637  0 0 24 1.02126 0.046259  0 0 27 0.857857 0.707681  0 0 23 0.758788 1.41135 
15500 8 0 19 0 0 24 3.7109 0.0450115 0.102637 -0.00692411 0.0169793 0.961526 0.405423 0.287672 0.651484 0.0672172 0.809652 0 0 26 1.52876 0.0412089  0 0 25 1.51145 1.73637  0 0 24 1.02126 0.046259  0 0 27 0.857857 0.707681  0 0 23 0.758788 1.41135 
16000 20 0 6 0 0 24 3.73582 0.0600305 0.109679 0.00107029 0.0106492 0.961526 0.405423 0.694101 0.230448 0.0672172 0.809652 0 0 26 1.52876 0.0412089  0 0 25 1.51145 1.73637  0 0 24 1.02126 0.046259  0 0 27 0.857857 0.707681  0 0 23 0.758788 1.41135 
16500 20 0 6 0 0 24 3.73582 0.0600305 0.117564 0.00107029 0.0106492 0.961526 0.405423 0.694101 0.230448 0.0672172 0.809652 0 0 26 1.52876 0.0412089  0 0 25 1.51145 1.73637  0 0 24 1.02126 0.046259  0 0 27 0.857857 0.707681  0 0 23 0.758788 1.41135 
17000 20 0 6 0 0 24 3.73582 0.0600305 0.126128 0.00107029 0.0106492 0.961526 0.405423 0.694101 0.230448 0.0672172 0.809652 0 0 26 1.52876 0.0412089  0 0 25 1.51145 1.73637  0 0 24 1.02126 0.046259  0 0 27 0.857857 0.707681  0 0 23 0.758788 1.41135 
17500 20 0 6 0 0 24 3.73582 0.0600305 0.13601 0.00107029 0.0106492 0.961526 0.405423 0.694101 0.230448 0.0672172 0.809652 0 0 26 1.52876 0.0412089  0 0 25 1.51145 1.73637  0 0 24 1.02126 0.046259  0 0 27 0.857857 0.707681  0 0 23 0.758788 1.41135 
18000 20 0 6 0 0 24 3.73582 0.0600305 0.145119 0.00107029 0.0106492 0.961526 0.405423 0.694101 0.230448 0.0672172 0.809652 0 0 26 1.52876 0.0412089  0 0 25 1.51145 1.73637  0 0 24 1.02126 0.046259  0 0 27 0.857857 0.707681  0 0 23 0.758788 1.41135 
18500 20 0 6 0 0 24 3.73582 0.0600305 0.153593 0.00107029 0.0106492 0.961526 0.405423 0.694101 0.230448 0.0672172 0.809652 0 0 26 1.52876 0.0412089  0 0 25 1.51145 1.73637  0 0 24 1.02126 0.046259  0 0 27 0.857857 0.707681  0 0 23 0.758788 1.41135 
19000 20 0 6 0 3 25 3.73582 0.0600305 0.163989 0.00107029 0.0106492 1.48722 0.397111 0.694101 0.230448 0.0256392 0.859707 0 0 26 1.52876 0.0412089  0 3 25 1.52723 0.230972  0 0 25 1.51145 1.73637  0 0 24 1.02126 0.046259  0 0 27 0.857857 0.707681 
19500 20 0 6 0 3 25 3.73582 0.0600305 0.173329 0.00107029 0.0106492 1.48722 0.397111 0.694101 0.230448 0.0256392 0.859707 0 0 26 1.52876 0.0412089  0 3 25 1.52723 0.230972  0 0 25 1.51145 1.73637  0 0 24 1.02126 0.046259  0 0 27 0.857857 0.707681 
20000 20 0 6 0 3 25 3.73582 0.0600305 0.183914 0.00107029 0.0106492 1.48722 0.397111 0.694101 0.230448 0.0256392 0.859707 0 0 26 1.52876 0.0412089  0 3 25 1.52723 0.230972  0 0 25 1.51145 1.73637  0 0 27 1.23094 0.162633  0 0 24 1.02126 0.046259 
