500 8 0 19 0 5 27 2.82753 0.0422378 0.00839575 0.00225274 0.0170755 0.0362381 0.136567 0.280193 0.653835 0.0392266 0.936534 0 5 27 0.0380528 0.0750196  0 25 29 0.0327182 0.177537  0 23 29 0.024018 0.130831  0 26 29 0.0198145 0.104143  0 21 29 0.0185007 0.0862909 
1000 8 0 19 0 5 27 2.82753 0.0422378 0.009467 0.00225274 0.0170755 0.0362381 0.136567 0.280193 0.653835 0.0392266 0.936534 0 5 27 0.0380528 0.0750196  0 23 28 0.0338462 0.157938  0 25 29 0.0327182 0.177537  0 23 29 0.024018 0.130831  0 4 19 0.0235919 0.184193 
1500 23 0 4 0 5 27 3.73865 0.0514036 0.0117373 0.0014021 0.0139507 0.0362381 0.136567 0.780883 0.144295 0.0392266 0.936534 0 5 27 0.0380528 0.0750196  0 23 28 0.0338462 0.157938  0 25 29 0.0327182 0.177537  0 20 29 0.0249908 0.151714  0 14 28 0.0241286 0.125944 
2000 23 0 4 0 9 23 3.73865 0.0514036 0.0135986 0.0014021 0.0139507 0.079231 0.505085 0.780883 0.144295 0.0463493 0.824659 0 2 21 0.0737571 0.155637  0 9 23 0.0560135 0.274254  0 4 14 0.0515679 0.201653  0 0 24 0.0386924 0.371495  0 5 27 0.0380528 0.0750196 
2500 22 0 6 0 5 9 3.7804 0.041015 0.0153743 0.000785396 0.0078146 0.114929 0.628915 0.734334 0.203743 0.972366 0.00903713 0 5 9 0.349847 0.916782  0 2 21 0.0737571 0.155637  0 9 23 0.0560135 0.274254  0 4 14 0.0515679 0.201653  0 0 22 0.0482012 0.242409 
3000 22 0 6 0 5 9 3.7804 0.041015 0.0179812 0.000785396 0.0078146 0.114929 0.628915 0.734334 0.203743 0.972366 0.00903713 0 5 9 0.349847 0.916782  0 0 26 0.330328 0.203884  0 2 21 0.0737571 0.155637  0 9 23 0.0560135 0.274254  0 4 14 0.0515679 0.201653 
3500 22 0 6 0 0 24 3.7804 0.041015 0.0209193 0.000785396 0.0078146 1.60922 1.78601 0.734334 0.203743 0.0447435 0.839875 0 5 9 0.349847 0.916782  0 0 26 0.330328 0.203884  0 0 24 0.306796 0.984909  0 2 21 0.0737571 0.155637  0 9 23 0.0560135 0.274254 
4000 22 0 6 0 0 24 3.7804 0.041015 0.0231001 0.000785396 0.0078146 1.60922 1.78601 0.734334 0.203743 0.0447435 0.839875 0 5 9 0.349847 0.916782  0 0 26 0.330328 0.203884  0 0 24 0.306796 0.984909  0 0 6 0.159415 0.7005  0 0 19 0.1563 0.616324 
4500 22 0 6 0 0 24 3.7804 0.041015 0.0262124 0.000785396 0.0078146 1.60922 1.78601 0.734334 0.203743 0.0447435 0.839875 0 5 9 0.349847 0.916782  0 0 26 0.330328 0.203884  0 0 24 0.306796 0.984909  0 2 6 0.274438 0.914991  0 0 25 0.229428 0.804722 
5000 22 0 6 0 0 24 3.7804 0.041015 0.0292832 0.000785396 0.0078146 1.60922 1.78601 0.734334 0.203743 0.0447435 0.839875 0 5 9 0.349847 0.916782  0 0 5 0.33078 1.03823  0 0 26 0.330328 0.203884  0 0 24 0.306796 0.984909  0 2 6 0.274438 0.914991 
5500 22 0 6 0 0 24 3.7804 0.041015 0.0321943 0.000785396 0.0078146 1.60922 1.78601 0.734334 0.203743 0.0447435 0.839875 0 5 9 0.349847 0.916782  0 0 5 0.33078 1.03823  0 0 26 0.330328 0.203884  0 0 24 0.306796 0.984909  0 2 6 0.274438 0.914991 
6000 22 0 6 0 0 24 3.7804 0.041015 0.0356774 0.000785396 0.0078146 1.60922 1.78601 0.734334 0.203743 0.0447435 0.839875 0 5 9 0.349847 0.916782  0 0 5 0.33078 1.03823  0 0 26 0.330328 0.203884  0 0 24 0.306796 0.984909  0 2 6 0.274438 0.914991 
6500 22 0 6 0 0 24 3.7804 0.041015 0.0389301 0.000785396 0.0078146 1.60922 1.78601 0.734334 0.203743 0.0447435 0.839875 0 5 9 0.349847 0.916782  0 3 10 0.337618 1.01309  0 0 5 0.33078 1.03823  0 0 26 0.330328 0.203884  0 0 24 0.306796 0.984909 
7000 22 0 6 0 5 9 3.7804 0.041015 0.0433382 0.000785396 0.0078146 0.114929 0.628915 0.734334 0.203743 0.972366 0.00903713 0 3 12 0.419872 1.12645  0 5 9 0.349847 0.916782  0 3 10 0.337618 1.01309  0 0 5 0.33078 1.03823  0 0 26 0.330328 0.203884 
7500 22 0 6 0 0 19 3.7804 0.041015 0.0478467 0.000785396 0.0078146 1.37604 1.37467 0.734334 0.203743 0.165927 0.695795 0 0 19 0.547177 1.13572  0 3 12 0.419872 1.12645  0 5 9 0.349847 0.916782  0 3 10 0.337618 1.01309  0 0 5 0.33078 1.03823 
8000 22 0 6 0 0 19 3.7804 0.041015 0.0521848 0.000785396 0.0078146 1.37604 1.37467 0.734334 0.203743 0.165927 0.695795 0 0 19 0.547177 1.13572  0 3 12 0.419872 1.12645  0 4 11 0.378543 1.03777  0 6 10 0.352734 1.06207  0 5 9 0.349847 0.916782 
8500 22 0 6 0 0 19 3.7804 0.041015 0.0571467 0.000785396 0.0078146 1.37604 1.37467 0.734334 0.203743 0.165927 0.695795 0 0 10 0.705627 1.35985  0 0 19 0.547177 1.13572  0 3 12 0.419872 1.12645  0 4 11 0.378543 1.03777  0 6 10 0.352734 1.06207 
9000 22 0 6 0 1 21 3.7804 0.041015 0.0623803 0.000785396 0.0078146 1.47388 1.59767 0.734334 0.203743 0.095918 0.780298 0 0 23 0.790885 1.48803  0 0 10 0.705627 1.35985  0 0 19 0.547177 1.13572  0 0 26 0.522522 1.25394  0 1 21 0.485129 1.14654 
9500 22 0 6 0 1 21 3.7804 0.041015 0.0676146 0.000785396 0.0078146 1.47388 1.59767 0.734334 0.203743 0.095918 0.780298 0 0 23 0.790885 1.48803  0 0 10 0.705627 1.35985  0 0 19 0.547177 1.13572  0 0 26 0.522522 1.25394  0 1 21 0.485129 1.14654 
10000 22 0 6 0 1 21 3.7804 0.041015 0.0737565 0.000785396 0.0078146 1.47388 1.59767 0.734334 0.203743 0.095918 0.780298 0 0 23 0.790885 1.48803  0 0 10 0.705627 1.35985  0 0 19 0.547177 1.13572  0 0 26 0.522522 1.25394  0 1 21 0.485129 1.14654 
10500 22 0 6 0 0 19 3.7804 0.041015 0.0796522 0.000785396 0.0078146 1.37604 1.37467 0.734334 0.203743 0.165927 0.695795 0 0 23 0.790885 1.48803  0 0 10 0.705627 1.35985  0 6 14 0.588396 1.25935  0 7 23 0.555279 1.18646  0 0 19 0.547177 1.13572 
11000 22 0 6 0 0 19 3.7804 0.041015 0.0862979 0.000785396 0.0078146 1.37604 1.37467 0.734334 0.203743 0.165927 0.695795 0 0 23 0.790885 1.48803  0 0 10 0.705627 1.35985  0 6 14 0.588396 1.25935  0 7 23 0.555279 1.18646  0 0 19 0.547177 1.13572 
11500 22 0 6 0 0 19 3.7804 0.041015 0.0938995 0.000785396 0.0078146 1.37604 1.37467 0.734334 0.203743 0.165927 0.695795 0 0 23 0.790885 1.48803  0 0 10 0.705627 1.35985  0 6 14 0.588396 1.25935  0 7 23 0.555279 1.18646  0 0 19 0.547177 1.13572 
12000 22 0 6 0 0 23 3.7804 0.041015 0.102397 0.000785396 0.0078146 0.148125 0.707813 0.734334 0.203743 0.00561792 0.83373 0 0 23 0.790885 1.48803  0 0 10 0.705627 1.35985  0 6 14 0.588396 1.25935  0 22 28 0.580805 1.21425  0 3 9 0.579006 1.27771 
12500 22 0 6 0 0 23 3.7804 0.041015 0.111093 0.000785396 0.0078146 0.148125 0.707813 0.734334 0.203743 0.00561792 0.83373 0 0 23 0.790885 1.48803  0 0 10 0.705627 1.35985  0 6 14 0.588396 1.25935  0 22 28 0.580805 1.21425  0 3 9 0.579006 1.27771 
13000 22 0 6 0 1 21 3.7804 0.041015 0.118603 0.000785396 0.0078146 0.759008 1.39522 0.734334 0.203743 0.0428965 0.759785 0 0 23 0.790885 1.48803  0 0 10 0.705627 1.35985  0 1 21 0.680498 1.32046  0 6 14 0.588396 1.25935  0 22 28 0.580805 1.21425 
13500 24 0 3 0 1 21 3.7837 0.0459538 0.127509 0.000901605 0.0108818 0.759008 1.39522 0.823354 0.111275 0.0428965 0.759785 0 0 23 0.790885 1.48803  0 0 10 0.705627 1.35985  0 1 21 0.680498 1.32046  0 6 14 0.588396 1.25935  0 22 28 0.580805 1.21425 
14000 24 0 3 0 1 21 3.7837 0.0459538 0.137015 0.000901605 0.0108818 0.759008 1.39522 0.823354 0.111275 0.0428965 0.759785 0 0 23 0.790885 1.48803  0 0 10 0.705627 1.35985  0 1 21 0.680498 1.32046  0 7 24 0.642232 1.28411  0 0 15 0.60245 1.28682 
14500 24 0 3 0 1 21 3.7837 0.0459538 0.146969 0.000901605 0.0108818 0.759008 1.39522 0.823354 0.111275 0.0428965 0.759785 0 0 28 0.922817 1.27494  0 0 23 0.790885 1.48803  0 0 10 0.705627 1.35985  0 1 21 0.680498 1.32046  0 7 24 0.642232 1.28411 
15000 24 0 3 0 1 21 3.7837 0.0459538 0.155217 0.000901605 0.0108818 0.759008 1.39522 0.823354 0.111275 0.0428965 0.759785 0 0 28 0.922817 1.27494  0 0 23 0.790885 1.48803  0 0 10 0.705627 1.35985  0 1 21 0.680498 1.32046  0 7 24 0.642232 1.28411 
15500 24 0 3 0 1 21 3.7837 0.0459538 0.163511 0.000901605 0.0108818 0.759008 1.39522 0.823354 0.111275 0.0428965 0.759785 0 0 28 0.922817 1.27494  0 0 23 0.790885 1.48803  0 3 11 0.71464 1.35598  0 0 10 0.705627 1.35985  0 1 21 0.680498 1.32046 
16000 22 0 5 0 1 21 3.78609 0.0496158 0.171979 0.281875 0.980537 0.759008 1.39522 0.76282 0.177698 0.0428965 0.759785 0 0 28 0.922817 1.27494  0 0 23 0.790885 1.48803  0 3 11 0.71464 1.35598  0 0 10 0.705627 1.35985  0 1 21 0.680498 1.32046 
16500 22 0 5 0 0 28 3.78609 0.0496158 0.182541 0.281875 0.980537 0.644966 1.18479 0.76282 0.177698 0.00514226 0.91613 0 0 9 0.951748 1.61767  0 0 28 0.922817 1.27494  0 9 16 0.904477 1.57516  0 0 23 0.790885 1.48803  0 3 11 0.71464 1.35598 
17000 22 0 5 0 0 28 3.78609 0.0496158 0.192141 0.281875 0.980537 0.644966 1.18479 0.76282 0.177698 0.00514226 0.91613 0 0 9 0.951748 1.61767  0 0 28 0.922817 1.27494  0 9 16 0.904477 1.57516  0 0 23 0.790885 1.48803  0 3 11 0.71464 1.35598 
17500 24 0 3 0 0 28 3.79106 0.048608 0.202117 0.000717302 0.0107704 0.644966 1.18479 0.818607 0.110977 0.00514226 0.91613 0 0 9 0.951748 1.61767  0 0 28 0.922817 1.27494  0 9 16 0.904477 1.57516  0 0 23 0.790885 1.48803  0 3 11 0.71464 1.35598 
18000 24 0 3 0 0 28 3.79106 0.048608 0.212654 0.000717302 0.0107704 0.644966 1.18479 0.818607 0.110977 0.00514226 0.91613 0 0 9 0.951748 1.61767  0 0 28 0.922817 1.27494  0 9 16 0.904477 1.57516  0 0 23 0.790885 1.48803  0 3 11 0.71464 1.35598 
18500 24 0 3 0 0 28 3.79106 0.048608 0.224012 0.000717302 0.0107704 0.644966 1.18479 0.818607 0.110977 0.00514226 0.91613 0 0 9 0.951748 1.61767  0 0 28 0.922817 1.27494  0 9 16 0.904477 1.57516  0 0 23 0.790885 1.48803  0 3 11 0.71464 1.35598 
19000 24 0 3 0 4 25 3.79106 0.048608 0.235778 0.000717302 0.0107704 1.34981 0.732836 0.818607 0.110977 0.041432 0.827911 0 4 25 1.50598 0.499284  0 0 9 0.951748 1.61767  0 0 28 0.922817 1.27494  0 9 16 0.904477 1.57516  0 0 23 0.790885 1.48803 
19500 24 0 3 0 4 25 3.79106 0.048608 0.247657 0.000717302 0.0107704 1.34981 0.732836 0.818607 0.110977 0.041432 0.827911 0 0 27 2.60547 0.0592731  0 4 25 1.50598 0.499284  0 0 9 0.951748 1.61767  0 0 28 0.922817 1.27494  0 9 16 0.904477 1.57516 
20000 24 0 3 0 4 24 3.79106 0.048608 0.25943 0.000717302 0.0107704 1.60412 0.483259 0.818607 0.110977 0.0605756 0.822914 0 0 27 2.60547 0.0592731  0 4 24 1.71264 0.272456  0 4 25 1.50598 0.499284  0 0 9 0.951748 1.61767  0 0 28 0.922817 1.27494 
