500 5 0 3 0 0 7 3.33722 0.0549115 0.0952516 0.00138124 0.00801252 0.179616 0.700878 0.575475 0.355398 0.0134481 0.76753 0 0 7 1.59794 1.41712  0 0 6 0.924086 1.51938  0 1 4 0.509748 0.744213  0 0 4 0.405481 1.01085  0 0 5 0.25837 0.829619 
1000 6 0 3 0 0 6 3.46412 0.0596234 0.21996 0.000918435 0.00913831 1.28475 1.61352 0.621686 0.303487 0.146412 0.657589 0 0 6 1.64474 1.61632  0 0 7 1.59794 1.41712  0 2 6 1.35966 1.49453  0 0 3 1.34674 1.66659  0 0 4 1.3093 1.55391 
1500 5 0 3 0 0 7 3.60541 0.0464301 0.353434 0.00215348 0.0163436 1.36129 1.62506 0.566552 0.367949 0.121442 0.70062 0 0 7 1.64551 1.61308  0 0 6 1.64474 1.61632  0 0 4 1.4944 1.65459  0 0 5 1.39576 1.62911  0 2 6 1.35966 1.49453 
2000 8 0 0 0 0 7 3.70233 0.0525198 0.478965 0.000994259 0.0109942 1.36129 1.62506 0.852639 0.0618812 0.121442 0.70062 0 0 6 2.01941 1.64902  0 0 7 1.64551 1.61308  0 1 7 1.57896 1.65133  0 0 4 1.4944 1.65459  0 0 5 1.41549 1.66291 
2500 8 0 0 0 0 6 3.75123 0.0454304 0.602186 0.000839079 0.00861938 0.505012 1.28343 0.844211 0.07925 0.346657 0.531039 0 0 6 2.01941 1.64902  0 0 5 1.96821 1.64139  0 0 7 1.84108 1.6521  0 1 7 1.57896 1.65133  0 0 4 1.4944 1.65459 
3000 8 0 0 0 0 7 3.75123 0.0454304 0.709667 0.000839079 0.00861938 3.36131 0.665272 0.844211 0.07925 0.190442 0.733956 0 0 8 3.26992 0.823284  0 0 7 3.0819 0.06371  0 0 6 2.01941 1.64902  0 0 5 1.96821 1.64139  0 2 8 1.87409 1.21256 
3500 8 0 0 0 0 6 3.75243 0.0486122 0.779154 -0.000131387 0.00755537 0.505012 1.28343 0.861942 0.060276 0.346657 0.531039 0 0 8 3.71684 0.0495892  0 0 7 3.25359 0.0568517  0 0 6 2.01941 1.64902  0 0 5 1.96821 1.64139  0 2 8 1.87409 1.21256 
4000 7 0 1 0 0 6 3.75555 0.0565663 0.833624 0.00160492 0.0159688 0.505012 1.28343 0.751478 0.173903 0.346657 0.531039 0 0 8 3.71684 0.0495892  0 0 7 3.25359 0.0568517  0 0 6 2.01941 1.64902  0 0 5 1.96821 1.64139  0 2 8 1.87409 1.21256 
4500 8 0 0 0 0 6 3.76002 0.0697792 0.864415 -1.86347e-05 0.00525975 0.505012 1.28343 0.858065 0.0679195 0.346657 0.531039 0 0 8 3.71684 0.0495892  0 0 7 3.51363 0.0504018  0 0 6 2.01941 1.64902  0 0 5 1.96821 1.64139  0 2 8 1.87409 1.21256 
5000 8 0 0 0 0 7 3.76002 0.0697792 0.897833 -1.86347e-05 0.00525975 0.00159648 0.0158848 0.858065 0.0679195 0.0980658 0.116316 0 0 8 3.71684 0.0495892  0 0 7 3.51363 0.0504018  0 0 6 2.71512 1.65352  0 1 8 2.20047 0.823283  0 0 5 1.96821 1.64139 
5500 6 0 2 0 0 7 3.76836 0.0519044 0.923679 0.00160492 0.0159688 0.00159648 0.0158848 0.693712 0.234856 0.0980658 0.116316 0 0 8 3.73544 0.0512753  0 0 7 3.51363 0.0504018  0 0 6 2.71512 1.65352  0 1 8 2.20047 0.823283  0 0 4 2.04669 1.86612 
6000 6 0 2 0 0 7 3.76836 0.0519044 0.946905 0.00160492 0.0159688 0.00159648 0.0158848 0.693712 0.234856 0.0980658 0.116316 0 0 8 3.73544 0.0512753  0 0 7 3.51363 0.0504018  0 0 6 2.71512 1.65352  0 1 8 2.20047 0.823283  0 0 4 2.04669 1.86612 
6500 6 0 2 0 1 8 3.76836 0.0519044 0.964762 0.00160492 0.0159688 0.678443 1.27786 0.693712 0.234856 0.0963302 0.706278 0 0 8 3.73544 0.0512753  0 0 7 3.51363 0.0504018  0 0 6 2.71512 1.65352  0 1 8 2.22137 1.44088  0 0 4 2.04669 1.86612 
7000 6 0 2 0 1 8 3.76836 0.0519044 0.985567 0.00160492 0.0159688 0.678443 1.27786 0.693712 0.234856 0.0963302 0.706278 0 0 8 3.73544 0.0512753  0 0 7 3.52175 0.0506475  0 0 6 2.78164 1.60924  0 1 8 2.22137 1.44088  0 0 4 2.04669 1.86612 
7500 6 0 2 0 1 8 3.76836 0.0519044 1.0019 0.00160492 0.0159688 0.678443 1.27786 0.693712 0.234856 0.0963302 0.706278 0 0 8 3.73544 0.0512753  0 0 7 3.52175 0.0506475  0 0 6 2.78164 1.60924  0 0 5 2.25887 1.79225  0 1 8 2.22137 1.44088 
8000 6 0 2 0 1 8 3.77328 0.0512622 1.01739 0.00160492 0.0159688 0.678443 1.27786 0.681289 0.246229 0.0963302 0.706278 0 0 8 3.73544 0.0512753  0 0 7 3.5376 0.0551619  0 0 6 2.78164 1.60924  0 0 5 2.25887 1.79225  0 1 8 2.22137 1.44088 
8500 6 0 2 0 1 8 3.77328 0.0512622 1.03113 0.00160492 0.0159688 0.678443 1.27786 0.681289 0.246229 0.0963302 0.706278 0 0 8 3.74445 0.0494052  0 0 7 3.5376 0.0551619  0 0 6 2.78164 1.60924  0 0 5 2.25887 1.79225  0 1 8 2.22137 1.44088 
9000 6 0 2 0 1 8 3.77328 0.0512622 1.04503 0.00160492 0.0159688 0.678443 1.27786 0.681289 0.246229 0.0963302 0.706278 0 0 8 3.74445 0.0494052  0 0 7 3.5376 0.0551619  0 0 6 2.78164 1.60924  0 0 5 2.25887 1.79225  0 1 8 2.22137 1.44088 
9500 6 0 2 0 1 8 3.77328 0.0512622 1.05687 0.00160492 0.0159688 0.678443 1.27786 0.681289 0.246229 0.0963302 0.706278 0 0 8 3.74466 0.0465049  0 0 7 3.5376 0.0551619  0 0 6 2.78164 1.60924  0 0 5 2.25887 1.79225  0 1 8 2.22137 1.44088 
10000 6 0 2 0 1 8 3.77328 0.0512622 1.0647 0.00160492 0.0159688 0.678443 1.27786 0.681289 0.246229 0.0963302 0.706278 0 0 8 3.74661 0.0509979  0 0 7 3.5376 0.0551619  0 0 6 2.78164 1.60924  0 0 5 2.30389 1.8044  0 1 8 2.22137 1.44088 
10500 6 0 2 0 1 8 3.77328 0.0512622 1.07327 0.00160492 0.0159688 0.678443 1.27786 0.681289 0.246229 0.0963302 0.706278 0 0 8 3.74661 0.0509979  0 0 7 3.5376 0.0551619  0 0 6 2.86382 1.55313  0 0 5 2.30389 1.8044  0 1 8 2.22137 1.44088 
11000 6 0 2 0 1 8 3.77328 0.0512622 1.08616 0.00160492 0.0159688 0.678443 1.27786 0.681289 0.246229 0.0963302 0.706278 0 0 8 3.74661 0.0509979  0 0 7 3.55683 0.776009  0 0 6 2.86382 1.55313  0 0 5 2.30389 1.8044  0 1 8 2.22137 1.44088 
11500 6 0 2 0 1 8 3.77328 0.0512622 1.09525 0.00160492 0.0159688 0.678443 1.27786 0.681289 0.246229 0.0963302 0.706278 0 0 8 3.74661 0.0509979  0 0 7 3.55683 0.776009  0 0 6 2.86382 1.55313  0 0 5 2.30389 1.8044  0 1 8 2.22137 1.44088 
12000 6 0 2 0 1 8 3.77328 0.0512622 1.09952 0.00160492 0.0159688 0.678443 1.27786 0.681289 0.246229 0.0963302 0.706278 0 0 8 3.74661 0.0509979  0 0 7 3.55683 0.776009  0 0 6 2.86382 1.55313  0 0 5 2.30389 1.8044  0 1 8 2.22137 1.44088 
12500 6 0 2 0 1 8 3.77328 0.0512622 1.10673 0.00160492 0.0159688 0.678443 1.27786 0.681289 0.246229 0.0963302 0.706278 0 0 8 3.74661 0.0509979  0 0 7 3.55683 0.776009  0 0 6 2.86382 1.55313  0 0 5 2.30389 1.8044  0 1 8 2.22137 1.44088 
13000 6 0 2 0 1 8 3.77328 0.0512622 1.11522 0.00160492 0.0159688 0.678443 1.27786 0.681289 0.246229 0.0963302 0.706278 0 0 8 3.74661 0.0509979  0 0 7 3.55683 0.776009  0 0 6 2.86382 1.55313  0 0 5 2.30389 1.8044  0 1 8 2.22137 1.44088 
13500 6 0 2 0 1 8 3.77328 0.0512622 1.12124 0.00160492 0.0159688 0.678443 1.27786 0.681289 0.246229 0.0963302 0.706278 0 0 8 3.74661 0.0509979  0 0 7 3.55683 0.776009  0 0 6 2.86382 1.55313  0 0 5 2.62727 1.69717  0 1 8 2.22137 1.44088 
14000 6 0 2 0 1 8 3.77328 0.0512622 1.12829 0.00160492 0.0159688 0.678443 1.27786 0.681289 0.246229 0.0963302 0.706278 0 0 8 3.74661 0.0509979  0 0 7 3.55683 0.776009  0 0 6 2.86382 1.55313  0 0 5 2.62727 1.69717  0 1 8 2.22137 1.44088 
14500 6 0 2 0 0 9 3.77328 0.0512622 1.13479 0.00160492 0.0159688 3.18126 0.558341 0.681289 0.246229 0.00884121 0.923517 0 0 8 3.74661 0.0509979  0 0 7 3.55683 0.776009  0 0 9 3.1213 0.451538  0 0 6 2.86382 1.55313  0 0 5 2.62727 1.69717 
15000 6 0 2 0 0 9 3.77328 0.0512622 1.14082 0.00160492 0.0159688 3.18126 0.558341 0.681289 0.246229 0.00884121 0.923517 0 0 8 3.74661 0.0509979  0 0 7 3.55683 0.776009  0 0 9 3.1213 0.451538  0 0 6 2.86382 1.55313  0 0 5 2.62727 1.69717 
15500 6 0 2 0 0 9 3.77328 0.0512622 1.14575 0.00160492 0.0159688 3.18126 0.558341 0.681289 0.246229 0.00884121 0.923517 0 0 8 3.74661 0.0509979  0 0 7 3.55683 0.776009  0 0 9 3.1213 0.451538  0 0 6 2.86382 1.55313  0 0 5 2.62727 1.69717 
16000 6 0 2 0 0 9 3.77328 0.0512622 1.15074 0.00160492 0.0159688 3.4013 0.358169 0.681289 0.246229 0.017237 0.908491 0 0 8 3.74661 0.0509979  0 0 7 3.55683 0.776009  0 0 9 3.33332 0.0743254  0 0 6 2.86382 1.55313  0 0 5 2.62727 1.69717 
16500 6 0 2 0 0 9 3.77328 0.0512622 1.15606 0.00160492 0.0159688 3.4013 0.358169 0.681289 0.246229 0.017237 0.908491 0 0 8 3.74661 0.0509979  0 0 7 3.55683 0.776009  0 0 9 3.33332 0.0743254  0 0 6 2.86382 1.55313  0 0 5 2.62727 1.69717 
17000 6 0 2 0 0 9 3.77328 0.0512622 1.16085 0.00160492 0.0159688 3.4013 0.358169 0.681289 0.246229 0.017237 0.908491 0 0 8 3.74661 0.0509979  0 0 7 3.55683 0.776009  0 0 9 3.33332 0.0743254  0 0 6 3.0991 1.36106  0 0 5 2.62727 1.69717 
17500 6 0 2 0 0 9 3.77328 0.0512622 1.16581 0.00160492 0.0159688 3.4013 0.358169 0.681289 0.246229 0.017237 0.908491 0 0 8 3.74661 0.0509979  0 0 7 3.55683 0.776009  0 0 9 3.33332 0.0743254  0 0 6 3.0991 1.36106  0 0 5 2.62727 1.69717 
18000 6 0 2 0 0 9 3.77328 0.0512622 1.17263 0.00160492 0.0159688 3.4013 0.358169 0.681289 0.246229 0.017237 0.908491 0 0 8 3.74661 0.0509979  0 0 7 3.55683 0.776009  0 0 9 3.33332 0.0743254  0 1 8 3.26993 1.19158  0 0 6 3.0991 1.36106 
18500 6 0 2 0 0 9 3.77328 0.0512622 1.17666 0.00160492 0.0159688 3.4013 0.358169 0.681289 0.246229 0.017237 0.908491 0 0 8 3.74661 0.0509979  0 0 7 3.55683 0.776009  0 0 9 3.33332 0.0743254  0 1 8 3.26993 1.19158  0 0 6 3.0991 1.36106 
19000 6 0 2 0 0 9 3.77328 0.0512622 1.18359 0.00160492 0.0159688 3.4013 0.358169 0.681289 0.246229 0.017237 0.908491 0 0 8 3.74661 0.0509979  0 0 7 3.55683 0.776009  0 0 9 3.33332 0.0743254  0 1 8 3.26993 1.19158  0 0 6 3.0991 1.36106 
19500 6 0 2 0 0 9 3.77328 0.0512622 1.18527 0.00160492 0.0159688 2.32764 1.65302 0.681289 0.246229 0.0153527 0.88999 0 0 8 3.76291 0.053607  0 0 7 3.55683 0.776009  0 0 9 3.37983 0.0781095  0 1 8 3.26993 1.19158  0 0 6 3.0991 1.36106 
20000 6 0 2 0 0 9 3.77328 0.0512622 1.19087 0.00160492 0.0159688 2.32764 1.65302 0.681289 0.246229 0.0153527 0.88999 0 0 8 3.76291 0.053607  0 0 7 3.55683 0.776009  0 0 9 3.37983 0.0781095  0 1 8 3.26993 1.19158  0 0 6 3.0991 1.36106 
