500 2 0 2 0 0 3 3.58138 0.0373714 0.658224 0.00282527 0.0226988 1.50883 1.70016 0.536438 0.424529 0.168795 0.637121 0 0 3 3.31311 0.0293364  0 2 4 1.60247 1.64702  0 1 3 1.42516 1.57399  0 3 4 1.01264 1.54752  0 0 2 0.979743 1.57447 
1000 2 0 2 0 1 3 3.61212 0.0294613 0.928985 0.00264092 0.0241976 1.78138 1.58919 0.509475 0.448748 0.211669 0.834688 0 0 4 3.46548 0.0442731  0 0 3 3.42745 0.521011  0 0 2 2.13854 1.68355  0 1 3 2.02891 1.58799  0 2 4 1.70115 1.57691 
1500 2 0 2 0 1 3 3.61431 0.0400449 1.06652 0.121053 0.617718 1.21234 1.55284 0.524981 0.433234 0.0782427 0.772445 0 0 3 3.48381 0.0350225  0 0 4 3.46548 0.0442731  0 1 3 2.49785 1.31358  0 0 2 2.33821 1.61173  0 1 4 2.0972 1.47131 
2000 2 0 1 0 1 3 3.64187 0.0412151 1.14687 0.200517 0.804368 1.21234 1.55284 0.590289 0.36328 0.0782427 0.772445 0 0 3 3.48381 0.0350225  0 0 4 3.46548 0.0442731  0 1 3 2.49785 1.31358  0 1 4 2.4778 1.34458  0 0 2 2.33821 1.61173 
2500 2 0 2 0 1 3 3.64647 0.0394347 1.18157 0.17722 0.799489 1.21234 1.55284 0.548052 0.408154 0.0782427 0.772445 0 0 3 3.48381 0.0350225  0 0 4 3.46928 0.0408103  0 1 3 2.49785 1.31358  0 1 4 2.4778 1.34458  0 0 2 2.33821 1.61173 
3000 2 0 2 0 1 3 3.64647 0.0394347 1.18825 0.17722 0.799489 1.21234 1.55284 0.548052 0.408154 0.0782427 0.772445 0 0 3 3.48381 0.0350225  0 0 4 3.46928 0.0408103  0 1 3 2.49785 1.31358  0 1 4 2.4778 1.34458  0 0 2 2.33821 1.61173 
3500 2 0 2 0 1 3 3.64647 0.0394347 1.21228 0.17722 0.799489 1.21234 1.55284 0.548052 0.408154 0.0782427 0.772445 0 0 3 3.48381 0.0350225  0 0 4 3.46928 0.0408103  0 1 3 2.49785 1.31358  0 1 4 2.4778 1.34458  0 0 2 2.33821 1.61173 
4000 2 0 2 0 1 3 3.64647 0.0394347 1.24237 0.17722 0.799489 1.21234 1.55284 0.548052 0.408154 0.0782427 0.772445 0 0 3 3.48381 0.0350225  0 0 4 3.46928 0.0408103  0 1 3 2.49785 1.31358  0 1 4 2.4778 1.34458  0 0 2 2.33821 1.61173 
4500 2 0 2 0 0 4 3.64647 0.0394347 1.27059 0.17722 0.799489 1.56123 1.76103 0.548052 0.408154 0.0960918 0.763633 0 0 4 3.53177 0.0397004  0 0 3 3.48381 0.0350225  0 1 3 2.539 1.51231  0 1 4 2.4778 1.34458  0 0 2 2.33821 1.61173 
5000 2 0 2 0 0 4 3.64647 0.0394347 1.32843 0.17722 0.799489 1.56123 1.76103 0.548052 0.408154 0.0960918 0.763633 0 0 4 3.53177 0.0397004  0 0 3 3.48381 0.0350225  0 1 3 2.539 1.51231  0 1 4 2.49949 1.32452  0 0 2 2.33821 1.61173 
5500 2 0 2 0 0 4 3.64647 0.0394347 1.34905 0.17722 0.799489 1.56123 1.76103 0.548052 0.408154 0.0960918 0.763633 0 0 4 3.53177 0.0397004  0 0 3 3.48774 0.0315071  0 1 3 2.539 1.51231  0 1 4 2.49949 1.32452  0 0 2 2.4231 1.5133 
6000 2 0 2 0 0 4 3.64647 0.0394347 1.37606 0.17722 0.799489 1.56123 1.76103 0.548052 0.408154 0.0960918 0.763633 0 0 4 3.53177 0.0397004  0 0 3 3.48774 0.0315071  0 1 3 2.539 1.51231  0 1 4 2.49949 1.32452  0 0 2 2.4231 1.5133 
6500 1 0 3 0 0 4 3.67794 0.0426689 1.38868 -0.00214822 0.0162192 1.56123 1.76103 0.328843 0.608373 0.0960918 0.763633 0 0 3 3.5653 0.0508585  0 0 4 3.53177 0.0397004  0 1 3 2.539 1.51231  0 1 4 2.49949 1.32452  0 0 2 2.4231 1.5133 
7000 1 0 3 0 1 3 3.67794 0.0426689 1.41154 -0.00214822 0.0162192 0.887939 1.53716 0.328843 0.608373 0.0967687 0.665938 0 0 3 3.5653 0.0508585  0 0 4 3.5511 0.259891  0 1 3 2.539 1.51231  0 1 4 2.49949 1.32452  0 0 2 2.4231 1.5133 
7500 1 0 3 0 0 4 3.67794 0.0426689 1.42197 -0.00214822 0.0162192 1.02737 1.6266 0.328843 0.608373 0.033011 0.791391 0 0 4 3.65392 0.0437799  0 0 3 3.5653 0.0508585  0 0 2 2.55341 1.48893  0 1 3 2.539 1.51231  0 1 4 2.49949 1.32452 
8000 1 0 3 0 0 4 3.68413 0.069554 1.4312 0.00234587 0.0162006 1.02737 1.6266 0.287417 0.652865 0.033011 0.791391 0 0 4 3.65392 0.0437799  0 0 3 3.5653 0.0508585  0 0 2 2.55341 1.48893  0 1 3 2.539 1.51231  0 1 4 2.49949 1.32452 
8500 1 0 3 0 0 4 3.68413 0.069554 1.45402 0.00234587 0.0162006 3.49642 0.581624 0.287417 0.652865 0.115019 0.819981 0 0 4 3.66291 0.0496146  0 0 3 3.5653 0.0508585  0 0 2 2.55341 1.48893  0 1 3 2.539 1.51231  0 1 4 2.49949 1.32452 
9000 1 0 3 0 0 4 3.68413 0.069554 1.4602 0.00234587 0.0162006 3.49642 0.581624 0.287417 0.652865 0.115019 0.819981 0 0 4 3.66291 0.0496146  0 0 3 3.5653 0.0508585  0 0 2 2.55341 1.48893  0 1 3 2.539 1.51231  0 1 4 2.49949 1.32452 
9500 1 0 3 0 0 4 3.68413 0.069554 1.46747 0.00234587 0.0162006 3.49642 0.581624 0.287417 0.652865 0.115019 0.819981 0 0 4 3.66291 0.0496146  0 0 3 3.65346 0.0434781  0 0 2 2.55341 1.48893  0 1 3 2.539 1.51231  0 1 4 2.49949 1.32452 
10000 1 0 3 0 1 3 3.68413 0.069554 1.47128 0.00234587 0.0162006 0.887939 1.53716 0.287417 0.652865 0.0967687 0.665938 0 0 4 3.66559 0.042658  0 0 3 3.65346 0.0434781  0 0 2 2.55341 1.48893  0 1 3 2.539 1.51231  0 1 4 2.49949 1.32452 
10500 0 0 4 0 0 4 3.69531 0.0448145 1.47418 3.57419 0.628037 3.57419 0.628037 0.048589 0.876361 0.0877079 0.850164 0 0 4 3.69531 0.0448145  0 0 3 3.65346 0.0434781  0 1 3 2.56925 1.43483  0 0 2 2.55341 1.48893  0 1 4 2.49949 1.32452 
11000 0 0 3 0 0 4 3.72554 0.0430427 1.4819 0.195748 0.795616 3.57419 0.628037 0.145611 0.793783 0.0877079 0.850164 0 0 3 3.72554 0.0430427  0 0 4 3.69531 0.0448145  0 1 3 2.56925 1.43483  0 0 2 2.55341 1.48893  0 1 4 2.49949 1.32452 
11500 0 0 3 0 0 4 3.72554 0.0430427 1.48554 0.195748 0.795616 3.57419 0.628037 0.145611 0.793783 0.0877079 0.850164 0 0 3 3.72554 0.0430427  0 0 4 3.69531 0.0448145  0 1 3 2.56925 1.43483  0 0 2 2.55341 1.48893  0 1 4 2.49949 1.32452 
12000 1 0 3 0 0 4 3.73482 0.0435329 1.49302 0.121653 0.629566 0.857619 1.57468 0.204701 0.737413 0.023099 0.864025 0 0 3 3.73219 0.0448967  0 0 4 3.71954 0.0426134  0 1 3 2.56925 1.43483  0 0 2 2.55341 1.48893  0 1 4 2.49949 1.32452 
12500 0 0 3 0 0 4 3.73905 0.04434 1.48483 0.21666 0.833235 0.857619 1.57468 0.178254 0.76433 0.023099 0.864025 0 0 3 3.73905 0.04434  0 0 4 3.71954 0.0426134  0 1 3 2.56925 1.43483  0 0 2 2.55341 1.48893  0 1 4 2.49949 1.32452 
13000 0 0 4 0 1 3 3.74991 0.0472715 1.49083 0.624083 1.35314 0.647572 1.37411 0.134851 0.805983 0.145299 0.850835 0 0 4 3.74991 0.0472715  0 0 3 3.73905 0.04434  0 1 3 2.56925 1.43483  0 0 2 2.55341 1.48893  0 1 4 2.49949 1.32452 
13500 0 0 4 0 1 3 3.74991 0.0472715 1.49173 0.624083 1.35314 0.647572 1.37411 0.134851 0.805983 0.145299 0.850835 0 0 4 3.74991 0.0472715  0 0 3 3.73905 0.04434  0 1 3 2.56925 1.43483  0 0 2 2.55341 1.48893  0 1 4 2.49949 1.32452 
14000 0 0 4 0 1 3 3.74991 0.0472715 1.49435 0.624083 1.35314 0.647572 1.37411 0.134851 0.805983 0.145299 0.850835 0 0 4 3.74991 0.0472715  0 0 3 3.74011 0.0477893  0 1 3 2.56925 1.43483  0 0 2 2.55341 1.48893  0 1 4 2.49949 1.32452 
14500 0 0 4 0 1 3 3.74991 0.0472715 1.50065 0.624083 1.35314 0.647572 1.37411 0.134851 0.805983 0.145299 0.850835 0 0 4 3.74991 0.0472715  0 0 3 3.74011 0.0477893  0 1 3 2.56925 1.43483  0 0 2 2.55341 1.48893  0 1 4 2.49949 1.32452 
15000 0 0 4 0 1 3 3.74991 0.0472715 1.50319 0.624083 1.35314 0.647572 1.37411 0.134851 0.805983 0.145299 0.850835 0 0 4 3.74991 0.0472715  0 0 3 3.74011 0.0477893  0 1 3 2.56925 1.43483  0 0 2 2.55341 1.48893  0 1 4 2.49949 1.32452 
15500 0 0 4 0 1 3 3.74991 0.0472715 1.4958 0.624083 1.35314 0.647572 1.37411 0.134851 0.805983 0.145299 0.850835 0 0 4 3.74991 0.0472715  0 0 3 3.7431 0.0453275  0 1 3 2.56925 1.43483  0 0 2 2.55341 1.48893  0 1 4 2.49949 1.32452 
16000 0 0 4 0 1 3 3.74991 0.0472715 1.50138 0.624083 1.35314 0.647572 1.37411 0.134851 0.805983 0.145299 0.850835 0 0 4 3.74991 0.0472715  0 0 3 3.7431 0.0453275  0 1 3 2.56925 1.43483  0 0 2 2.55341 1.48893  0 1 4 2.49949 1.32452 
16500 0 0 4 0 1 3 3.74991 0.0472715 1.51541 0.624083 1.35314 0.647572 1.37411 0.134851 0.805983 0.145299 0.850835 0 0 4 3.74991 0.0472715  0 0 3 3.7431 0.0453275  0 1 4 2.79757 1.54543  0 1 3 2.56925 1.43483  0 0 2 2.55341 1.48893 
17000 0 0 3 0 1 3 3.76174 0.0471945 1.51717 0.162664 0.777479 0.647572 1.37411 0.164919 0.777978 0.145299 0.850835 0 0 3 3.76174 0.0471945  0 0 4 3.74991 0.0472715  0 1 4 2.79757 1.54543  0 1 3 2.56925 1.43483  0 0 2 2.55341 1.48893 
17500 0 0 3 0 1 3 3.76174 0.0471945 1.51818 0.162664 0.777479 0.647572 1.37411 0.164919 0.777978 0.145299 0.850835 0 0 3 3.76174 0.0471945  0 0 4 3.74991 0.0472715  0 1 4 2.79757 1.54543  0 1 3 2.56925 1.43483  0 0 2 2.55341 1.48893 
18000 0 0 3 0 1 3 3.76174 0.0471945 1.52206 0.162664 0.777479 0.647572 1.37411 0.164919 0.777978 0.145299 0.850835 0 0 3 3.76174 0.0471945  0 0 4 3.74991 0.0472715  0 1 4 2.79757 1.54543  0 1 3 2.56925 1.43483  0 0 2 2.55341 1.48893 
18500 0 0 3 0 1 3 3.76174 0.0471945 1.52392 0.162664 0.777479 0.647572 1.37411 0.164919 0.777978 0.145299 0.850835 0 0 3 3.76174 0.0471945  0 0 4 3.74991 0.0472715  0 1 4 2.85682 1.48135  0 0 2 2.667 1.44108  0 1 3 2.56925 1.43483 
19000 0 0 3 0 1 3 3.76174 0.0471945 1.52513 0.162664 0.777479 0.647572 1.37411 0.164919 0.777978 0.145299 0.850835 0 0 3 3.76174 0.0471945  0 0 4 3.74991 0.0472715  0 1 4 2.85682 1.48135  0 0 2 2.667 1.44108  0 1 3 2.56925 1.43483 
19500 0 0 3 0 1 3 3.76174 0.0471945 1.52697 0.162664 0.777479 0.647572 1.37411 0.164919 0.777978 0.145299 0.850835 0 0 3 3.76174 0.0471945  0 0 4 3.74991 0.0472715  0 1 4 2.85682 1.48135  0 0 2 2.667 1.44108  0 1 3 2.56925 1.43483 
20000 0 0 3 0 1 3 3.76517 0.0486555 1.53142 0.114527 0.607873 0.647572 1.37411 0.199551 0.747547 0.145299 0.850835 0 0 3 3.76517 0.0486555  0 0 4 3.74991 0.0472715  0 1 4 2.85682 1.48135  0 0 2 2.667 1.44108  0 1 3 2.56925 1.43483 
