500 7 0 1 0 1 4 3.34667 0.335574 0.115706 0.00341237 0.021282 0.0485645 0.417842 0.795949 0.11286 0.44238 0.590043 0 0 6 0.850889 0.612853  0 0 5 0.738297 0.740067  0 1 4 0.135058 0.660549  0 0 1 0.131269 0.604193  0 4 6 0.061144 0.398806 
1000 1 0 7 0 1 7 3.63426 0.0514567 0.29012 -0.00519993 0.0108011 0.658214 1.39824 0.182828 0.741565 0.129688 0.849804 0 1 7 1.63894 1.62264  0 2 5 1.13902 1.60338  0 6 9 1.08917 1.47347  0 0 8 1.059 0.0553739  0 1 6 0.941022 0.891025 
1500 1 0 7 0 1 7 3.63426 0.0514567 0.541382 -0.00519993 0.0108011 0.658214 1.39824 0.182828 0.741565 0.129688 0.849804 0 1 7 1.63894 1.62264  0 2 5 1.27955 1.60226  0 1 4 1.25132 1.55638  0 0 7 1.21698 1.49326  0 2 8 1.10728 1.521 
2000 6 0 2 0 0 7 3.65561 0.035461 0.698564 0.00135029 0.0134352 0.71972 0.949538 0.671842 0.279629 0.107609 0.615894 0 0 7 2.07383 0.217456  0 0 8 1.99518 0.0654495  0 2 6 1.75002 1.4459  0 1 7 1.63894 1.62264  0 0 3 1.52044 1.78815 
2500 5 0 3 0 0 8 3.66543 0.0365062 0.813145 0.00137535 0.0136846 0.517728 1.32389 0.584053 0.373194 0.146425 0.531306 0 0 8 3.57167 0.0348848  0 0 6 2.44941 1.53729  0 0 7 2.1655 1.79232  0 2 8 2.08771 1.42564  0 3 8 1.88936 1.42208 
3000 5 0 4 0 1 8 3.69326 0.0416856 0.881477 0.00139143 0.0138446 0.543424 1.02163 0.520241 0.436723 0.236855 0.62376 0 0 8 3.57167 0.0348848  0 0 7 3.44335 0.0537524  0 0 6 2.44941 1.53729  0 2 8 2.08771 1.42564  0 1 8 2.01228 0.920512 
3500 5 0 4 0 2 7 3.69326 0.0416856 0.90842 0.00139143 0.0138446 0.716639 1.3395 0.520241 0.436723 0.157751 0.627873 0 0 8 3.57167 0.0348848  0 0 7 3.44335 0.0537524  0 0 6 2.44941 1.53729  0 2 7 2.27024 1.47957  0 2 8 2.08771 1.42564 
4000 1 0 8 0 2 7 3.761 0.0450712 0.944601 0.00152556 0.0159962 0.716639 1.3395 0.126343 0.805959 0.157751 0.627873 0 0 8 3.71376 0.0494284  0 0 7 3.44335 0.0537524  0 0 6 2.44941 1.53729  0 1 7 2.40082 1.03506  0 2 7 2.27024 1.47957 
4500 1 0 8 0 0 8 3.761 0.0450712 0.976058 0.00152556 0.0159962 0.87263 1.59841 0.126343 0.805959 0.0506672 0.774321 0 0 8 3.7212 0.0412349  0 0 7 3.44335 0.0537524  0 0 6 2.44941 1.53729  0 1 7 2.40082 1.03506  0 2 7 2.27024 1.47957 
5000 1 0 8 0 0 8 3.761 0.0450712 0.995833 0.00152556 0.0159962 0.87263 1.59841 0.126343 0.805959 0.0506672 0.774321 0 0 8 3.7212 0.0412349  0 0 7 3.44335 0.0537524  0 0 6 2.44941 1.53729  0 1 7 2.40082 1.03506  0 2 7 2.27024 1.47957 
5500 1 0 8 0 0 8 3.761 0.0450712 1.01424 0.00152556 0.0159962 0.87263 1.59841 0.126343 0.805959 0.0506672 0.774321 0 0 8 3.7212 0.0412349  0 0 7 3.44335 0.0537524  0 0 6 2.53281 1.50873  0 1 7 2.40082 1.03506  0 1 8 2.29743 0.884851 
6000 1 0 8 0 0 8 3.761 0.0450712 1.03432 0.00152556 0.0159962 0.87263 1.59841 0.126343 0.805959 0.0506672 0.774321 0 0 8 3.7212 0.0412349  0 0 7 3.44335 0.0537524  0 0 6 2.53281 1.50873  0 0 5 2.52958 1.74977  0 1 7 2.40082 1.03506 
6500 1 0 8 0 1 8 3.77044 0.0460454 1.05009 0.00153293 0.015992 0.747477 1.39428 0.130047 0.801453 0.206268 0.664508 0 0 8 3.74009 0.0470297  0 0 7 3.44335 0.0537524  0 1 8 2.59633 1.28577  0 0 6 2.53281 1.50873  0 0 5 2.52958 1.74977 
7000 1 0 8 0 1 8 3.77044 0.0460454 1.06389 0.00153293 0.015992 0.747477 1.39428 0.130047 0.801453 0.206268 0.664508 0 0 8 3.75726 0.0511431  0 0 7 3.44335 0.0537524  0 1 8 2.59633 1.28577  0 0 6 2.53281 1.50873  0 0 5 2.52958 1.74977 
7500 1 0 8 0 1 8 3.77044 0.0460454 1.0731 0.00153293 0.015992 1.59445 1.66128 0.130047 0.801453 0.1373 0.809477 0 0 8 3.76292 0.0473041  0 0 7 3.44335 0.0537524  0 1 8 2.69129 1.0776  0 0 6 2.53281 1.50873  0 0 5 2.52958 1.74977 
8000 1 0 8 0 1 8 3.77044 0.0460454 1.0852 0.00153293 0.015992 1.59445 1.66128 0.130047 0.801453 0.1373 0.809477 0 0 8 3.76292 0.0473041  0 0 7 3.44335 0.0537524  0 0 6 2.86673 1.26721  0 1 8 2.69129 1.0776  0 0 5 2.52958 1.74977 
8500 1 0 8 0 1 8 3.77044 0.0460454 1.09175 0.00153293 0.015992 1.59445 1.66128 0.130047 0.801453 0.1373 0.809477 0 0 8 3.76292 0.0473041  0 0 7 3.44335 0.0537524  0 0 6 2.86673 1.26721  0 1 8 2.69129 1.0776  0 0 5 2.52958 1.74977 
9000 1 0 8 0 1 8 3.77044 0.0460454 1.10128 0.00153293 0.015992 1.59445 1.66128 0.130047 0.801453 0.1373 0.809477 0 0 8 3.76292 0.0473041  0 0 7 3.44335 0.0537524  0 0 6 2.86673 1.26721  0 1 8 2.69129 1.0776  0 0 5 2.52958 1.74977 
9500 1 0 8 0 1 8 3.77044 0.0460454 1.11677 0.00153293 0.015992 1.59445 1.66128 0.130047 0.801453 0.1373 0.809477 0 0 8 3.76292 0.0473041  0 0 9 3.51457 0.0437026  0 0 7 3.44335 0.0537524  0 0 6 2.86673 1.26721  0 1 8 2.69129 1.0776 
10000 1 0 8 0 0 9 3.77044 0.0460454 1.12216 0.00153293 0.015992 0.842296 1.51725 0.130047 0.801453 0.0124809 0.900137 0 0 8 3.76292 0.0473041  0 0 9 3.51457 0.0437026  0 0 7 3.44335 0.0537524  0 1 8 2.89941 1.20931  0 0 6 2.86673 1.26721 
10500 1 0 7 0 0 9 3.77169 0.0438752 1.12739 0.00153293 0.015992 0.842296 1.51725 0.142087 0.790738 0.0124809 0.900137 0 0 8 3.76292 0.0473041  0 0 9 3.51457 0.0437026  0 0 7 3.44335 0.0537524  0 1 8 2.89941 1.20931  0 0 6 2.86673 1.26721 
11000 1 0 7 0 0 9 3.77169 0.0438752 1.1347 0.00153293 0.015992 0.842296 1.51725 0.142087 0.790738 0.0124809 0.900137 0 0 8 3.76292 0.0473041  0 0 9 3.51457 0.0437026  0 0 7 3.44335 0.0537524  0 1 8 2.89941 1.20931  0 0 6 2.86673 1.26721 
11500 1 0 7 0 0 9 3.77169 0.0438752 1.13961 0.00153293 0.015992 0.842296 1.51725 0.142087 0.790738 0.0124809 0.900137 0 0 8 3.76292 0.0473041  0 0 9 3.51457 0.0437026  0 0 7 3.45306 0.045513  0 1 8 2.91299 1.0469  0 0 6 2.86673 1.26721 
12000 1 0 7 0 0 9 3.77169 0.0438752 1.14781 0.00153293 0.015992 0.842296 1.51725 0.142087 0.790738 0.0124809 0.900137 0 0 8 3.76292 0.0473041  0 0 9 3.51457 0.0437026  0 0 7 3.45306 0.045513  0 1 8 2.91299 1.0469  0 0 6 2.86673 1.26721 
12500 1 0 7 0 0 9 3.77862 0.0487363 1.15786 0.00153293 0.015992 0.842296 1.51725 0.157399 0.781562 0.0124809 0.900137 0 0 8 3.76292 0.0473041  0 0 9 3.51457 0.0437026  0 0 7 3.45306 0.045513  0 1 8 2.91299 1.0469  0 0 6 2.86673 1.26721 
13000 1 0 7 0 0 9 3.77862 0.0487363 1.16362 0.00153293 0.015992 0.842296 1.51725 0.157399 0.781562 0.0124809 0.900137 0 0 8 3.76292 0.0473041  0 0 9 3.51457 0.0437026  0 0 7 3.45306 0.045513  0 1 8 2.91299 1.0469  0 0 6 2.86673 1.26721 
13500 1 0 7 0 0 9 3.77862 0.0487363 1.17249 0.00153293 0.015992 0.842296 1.51725 0.157399 0.781562 0.0124809 0.900137 0 0 8 3.76292 0.0473041  0 0 9 3.51457 0.0437026  0 0 7 3.45744 0.0464289  0 1 8 2.91299 1.0469  0 0 6 2.86673 1.26721 
14000 1 0 7 0 0 9 3.77862 0.0487363 1.17681 0.00153293 0.015992 0.842296 1.51725 0.157399 0.781562 0.0124809 0.900137 0 0 8 3.76292 0.0473041  0 0 9 3.51457 0.0437026  0 0 7 3.45744 0.0464289  0 1 8 2.96452 1.08606  0 0 6 2.86673 1.26721 
14500 1 0 7 0 0 9 3.77862 0.0487363 1.18256 0.00153293 0.015992 0.842296 1.51725 0.157399 0.781562 0.0124809 0.900137 0 0 8 3.76292 0.0473041  0 0 9 3.51457 0.0437026  0 0 7 3.46334 0.0412567  0 1 8 2.96452 1.08606  0 0 6 2.86673 1.26721 
15000 1 0 7 0 0 9 3.77862 0.0487363 1.18774 0.00153293 0.015992 0.842296 1.51725 0.157399 0.781562 0.0124809 0.900137 0 0 8 3.76292 0.0473041  0 0 9 3.51457 0.0437026  0 0 7 3.46334 0.0412567  0 1 8 2.96452 1.08606  0 0 6 2.86673 1.26721 
15500 1 0 7 0 0 9 3.77862 0.0487363 1.19387 0.00153293 0.015992 0.842296 1.51725 0.157399 0.781562 0.0124809 0.900137 0 0 8 3.76292 0.0473041  0 0 9 3.51457 0.0437026  0 0 7 3.49887 0.0535724  0 1 8 2.96452 1.08606  0 0 6 2.86673 1.26721 
16000 1 0 7 0 0 9 3.77862 0.0487363 1.19673 0.00153293 0.015992 0.842296 1.51725 0.157399 0.781562 0.0124809 0.900137 0 0 8 3.76292 0.0473041  0 0 9 3.51457 0.0437026  0 0 7 3.49887 0.0535724  0 1 8 2.96452 1.08606  0 0 6 2.86673 1.26721 
16500 1 0 7 0 0 9 3.77862 0.0487363 1.19883 0.00153293 0.015992 0.842296 1.51725 0.157399 0.781562 0.0124809 0.900137 0 0 8 3.76292 0.0473041  0 0 9 3.51457 0.0437026  0 0 7 3.49887 0.0535724  0 1 8 2.96452 1.08606  0 0 6 2.86673 1.26721 
17000 1 0 7 0 0 9 3.77862 0.0487363 1.20164 0.00153293 0.015992 0.842296 1.51725 0.157399 0.781562 0.0124809 0.900137 0 0 8 3.76292 0.0473041  0 0 9 3.51457 0.0437026  0 0 7 3.49887 0.0535724  0 1 8 2.96452 1.08606  0 0 6 2.94381 1.24604 
17500 1 0 7 0 0 9 3.77862 0.0487363 1.20367 0.00153293 0.015992 0.842296 1.51725 0.157399 0.781562 0.0124809 0.900137 0 0 8 3.76292 0.0473041  0 0 9 3.51457 0.0437026  0 0 7 3.49887 0.0535724  0 1 8 2.96452 1.08606  0 0 6 2.94381 1.24604 
18000 1 0 7 0 0 9 3.77862 0.0487363 1.20739 0.00153293 0.015992 0.842296 1.51725 0.157399 0.781562 0.0124809 0.900137 0 0 8 3.76292 0.0473041  0 0 9 3.51457 0.0437026  0 0 7 3.49887 0.0535724  0 1 8 2.96452 1.08606  0 0 6 2.94381 1.24604 
18500 1 0 7 0 0 9 3.77862 0.0487363 1.21024 0.00153293 0.015992 0.842296 1.51725 0.157399 0.781562 0.0124809 0.900137 0 0 8 3.77042 0.0401359  0 0 9 3.51457 0.0437026  0 0 7 3.49887 0.0535724  0 1 8 2.96452 1.08606  0 0 6 2.94381 1.24604 
19000 1 0 7 0 0 9 3.77862 0.0487363 1.21314 0.00153293 0.015992 0.842296 1.51725 0.157399 0.781562 0.0124809 0.900137 0 0 8 3.77823 0.0450396  0 0 9 3.51457 0.0437026  0 0 7 3.50124 0.0442505  0 1 8 2.96452 1.08606  0 0 6 2.94381 1.24604 
19500 1 0 7 0 0 9 3.77862 0.0487363 1.21735 0.00153293 0.015992 0.842296 1.51725 0.157399 0.781562 0.0124809 0.900137 0 0 8 3.77823 0.0450396  0 0 9 3.51457 0.0437026  0 0 7 3.50124 0.0442505  0 1 8 2.96452 1.08606  0 0 6 2.94381 1.24604 
20000 1 0 7 0 0 9 3.77862 0.0487363 1.22149 0.00153293 0.015992 0.842296 1.51725 0.157399 0.781562 0.0124809 0.900137 0 0 8 3.77823 0.0450396  0 0 9 3.51457 0.0437026  0 0 7 3.50124 0.0442505  0 1 8 2.96452 1.08606  0 0 6 2.94381 1.24604 
