500 2 0 2 0 0 3 3.37436 0.0509147 0.352639 0.0020271 0.0183663 2.17344 0.325172 0.412437 0.523897 0.317944 0.603418 0 1 4 1.24882 1.51722  0 0 3 1.23104 1.17875  0 1 2 0.735694 1.311  0 0 0 0.633805 1.35427  0 4 4 0.466367 1.1124 
1000 3 0 0 0 1 4 3.74321 0.0551719 1.1458 0.000437967 0.00483638 0.842446 1.55619 0.758695 0.170145 0.0818841 0.715188 0 0 3 3.35386 0.0423451  0 1 3 2.68147 1.3903  0 1 4 2.63604 1.58381  0 1 2 2.27177 1.76295  0 0 2 2.25167 1.3747 
1500 4 0 0 0 0 4 3.74942 0.0545143 1.30277 0.00176023 0.0167708 2.147 1.76314 0.865364 0.0542585 0.0885219 0.786368 0 0 3 3.71826 0.047701  0 0 4 3.49325 0.0502809  0 1 4 2.69296 1.56592  0 1 3 2.68147 1.3903  0 1 2 2.27177 1.76295 
2000 3 0 1 0 0 4 3.75833 0.0541378 1.37907 0.00184009 0.0161159 3.11462 1.37874 0.701273 0.227559 0.0665644 0.858581 0 0 3 3.75373 0.0459243  0 0 4 3.72989 0.0505217  0 1 4 2.69296 1.56592  0 1 3 2.68147 1.3903  0 1 2 2.27177 1.76295 
2500 0 0 3 0 0 4 3.76723 0.0478791 1.4211 0.0272192 0.236182 2.07037 1.88231 0.196629 0.741239 0.18201 0.66309 0 0 3 3.76723 0.0478791  0 0 4 3.75206 0.0531733  0 0 2 2.87152 1.58122  0 1 4 2.69296 1.56592  0 1 3 2.68147 1.3903 
3000 0 0 3 0 0 4 3.77398 0.0502717 1.44111 0.189452 0.811613 2.07037 1.88231 0.146805 0.788094 0.18201 0.66309 0 0 3 3.77398 0.0502717  0 0 4 3.75206 0.0531733  0 0 2 2.87152 1.58122  0 1 3 2.74692 1.45081  0 1 4 2.69296 1.56592 
3500 0 0 3 0 1 4 3.7754 0.051513 1.50693 0.541272 1.3396 0.852577 1.58093 0.140101 0.793579 0.141951 0.626108 0 0 3 3.7754 0.051513  0 0 4 3.75224 0.0414651  0 0 2 2.87152 1.58122  0 1 3 2.74692 1.45081  0 1 4 2.69296 1.56592 
4000 0 0 3 0 1 4 3.7754 0.051513 1.52557 0.541272 1.3396 0.852577 1.58093 0.140101 0.793579 0.141951 0.626108 0 0 3 3.7754 0.051513  0 0 4 3.76876 0.0436761  0 0 2 2.87152 1.58122  0 1 3 2.74692 1.45081  0 1 4 2.69296 1.56592 
4500 0 0 3 0 1 4 3.7754 0.051513 1.54619 0.541272 1.3396 0.852577 1.58093 0.140101 0.793579 0.141951 0.626108 0 0 3 3.7754 0.051513  0 0 4 3.77286 0.038961  0 0 2 2.87152 1.58122  0 1 3 2.74692 1.45081  0 1 4 2.69296 1.56592 
5000 0 0 3 0 1 4 3.77758 0.0456068 1.58907 0.00718443 0.0491464 0.852577 1.58093 0.142829 0.792621 0.141951 0.626108 0 0 3 3.77758 0.0456068  0 0 4 3.77286 0.038961  0 0 2 2.87152 1.58122  0 1 3 2.74692 1.45081  0 1 4 2.69296 1.56592 
5500 0 0 3 0 1 4 3.77883 0.0389857 1.60035 0.120633 0.622392 1.57479 1.81909 0.147756 0.78787 0.137129 0.631732 0 0 3 3.77883 0.0389857  0 0 4 3.7777 0.0500583  0 0 2 2.95034 1.38343  0 1 3 2.8263 1.55157  0 1 4 2.72182 1.45966 
6000 0 0 3 0 1 4 3.77883 0.0389857 1.62146 0.120633 0.622392 1.57479 1.81909 0.147756 0.78787 0.137129 0.631732 0 0 3 3.77883 0.0389857  0 0 4 3.7777 0.0500583  0 0 2 2.95034 1.38343  0 1 3 2.8263 1.55157  0 1 4 2.72182 1.45966 
6500 0 0 3 0 0 4 3.77946 0.0487119 1.62469 0.00267943 0.02666 0.735861 1.50561 0.139441 0.796721 0.0894931 0.443858 0 0 3 3.77946 0.0487119  0 0 4 3.7777 0.0500583  0 0 2 2.95034 1.38343  0 1 3 2.8263 1.55157  0 1 4 2.75199 1.3926 
7000 0 0 3 0 1 4 3.77946 0.0487119 1.64478 0.00267943 0.02666 0.813569 1.55248 0.139441 0.796721 0.102558 0.591686 0 0 3 3.77946 0.0487119  0 0 4 3.7777 0.0500583  0 0 2 2.95034 1.38343  0 1 3 2.8263 1.55157  0 1 4 2.76487 1.55912 
7500 0 0 3 0 1 4 3.77946 0.0487119 1.655 0.00267943 0.02666 0.813569 1.55248 0.139441 0.796721 0.102558 0.591686 0 0 3 3.77946 0.0487119  0 0 4 3.7777 0.0500583  0 0 2 2.95034 1.38343  0 1 3 2.8263 1.55157  0 1 4 2.76487 1.55912 
8000 0 0 3 0 1 4 3.78404 0.0497 1.6833 0.00410495 0.029421 0.813569 1.55248 0.170851 0.762643 0.102558 0.591686 0 0 3 3.78404 0.0497  0 0 4 3.7777 0.0500583  0 0 2 2.95034 1.38343  0 1 3 2.8263 1.55157  0 1 4 2.76487 1.55912 
8500 0 0 3 0 1 4 3.78404 0.0497 1.68411 0.00410495 0.029421 0.813569 1.55248 0.170851 0.762643 0.102558 0.591686 0 0 3 3.78404 0.0497  0 0 4 3.7777 0.0500583  0 0 2 2.95034 1.38343  0 1 3 2.8263 1.55157  0 1 4 2.76487 1.55912 
9000 0 0 3 0 1 4 3.78404 0.0497 1.68803 0.00410495 0.029421 0.813569 1.55248 0.170851 0.762643 0.102558 0.591686 0 0 3 3.78404 0.0497  0 0 4 3.7777 0.0500583  0 0 2 2.95034 1.38343  0 1 3 2.8263 1.55157  0 1 4 2.76487 1.55912 
9500 0 0 3 0 1 4 3.78404 0.0497 1.69851 0.00410495 0.029421 0.813569 1.55248 0.170851 0.762643 0.102558 0.591686 0 0 3 3.78404 0.0497  0 0 4 3.7777 0.0500583  0 0 2 2.95034 1.38343  0 1 3 2.8439 1.47831  0 1 4 2.76487 1.55912 
10000 0 0 3 0 1 4 3.78404 0.0497 1.7029 0.00410495 0.029421 0.813569 1.55248 0.170851 0.762643 0.102558 0.591686 0 0 3 3.78404 0.0497  0 0 4 3.7777 0.0500583  0 0 2 2.95034 1.38343  0 1 3 2.8439 1.47831  0 1 4 2.76487 1.55912 
10500 0 0 3 0 1 4 3.78404 0.0497 1.70457 0.00410495 0.029421 0.813569 1.55248 0.170851 0.762643 0.102558 0.591686 0 0 3 3.78404 0.0497  0 0 4 3.7777 0.0500583  0 0 2 2.95034 1.38343  0 1 3 2.8439 1.47831  0 1 4 2.76487 1.55912 
11000 0 0 3 0 1 4 3.78404 0.0497 1.70544 0.00410495 0.029421 0.813569 1.55248 0.170851 0.762643 0.102558 0.591686 0 0 3 3.78404 0.0497  0 0 4 3.7777 0.0500583  0 0 2 2.95034 1.38343  0 1 3 2.88165 1.53293  0 1 4 2.76487 1.55912 
11500 0 0 3 0 1 4 3.78404 0.0497 1.70599 0.00410495 0.029421 0.813569 1.55248 0.170851 0.762643 0.102558 0.591686 0 0 3 3.78404 0.0497  0 0 4 3.7777 0.0500583  0 0 2 2.95034 1.38343  0 1 3 2.88165 1.53293  0 1 4 2.76487 1.55912 
12000 0 0 3 0 1 4 3.78404 0.0497 1.70612 0.00410495 0.029421 0.813569 1.55248 0.170851 0.762643 0.102558 0.591686 0 0 3 3.78404 0.0497  0 0 4 3.7777 0.0500583  0 0 2 2.95034 1.38343  0 1 3 2.88165 1.53293  0 1 4 2.76487 1.55912 
12500 0 0 3 0 1 4 3.78413 0.0507961 1.70702 0.00247071 0.0245833 0.813569 1.55248 0.149283 0.783864 0.102558 0.591686 0 0 3 3.78413 0.0507961  0 0 4 3.7777 0.0500583  0 0 2 2.95034 1.38343  0 1 3 2.88165 1.53293  0 1 4 2.76487 1.55912 
13000 4 0 0 0 1 4 3.78687 0.0489279 1.71197 0.00105948 0.0141222 0.813569 1.55248 0.836257 0.0883645 0.102558 0.591686 0 0 4 3.78685 0.0523479  0 0 3 3.78413 0.0507961  0 0 2 2.95034 1.38343  0 1 3 2.88165 1.53293  0 1 4 2.76487 1.55912 
13500 4 0 0 0 1 4 3.78687 0.0489279 1.7166 0.00105948 0.0141222 0.813569 1.55248 0.836257 0.0883645 0.102558 0.591686 0 0 4 3.78685 0.0523479  0 0 3 3.78413 0.0507961  0 0 2 2.95034 1.38343  0 1 3 2.88165 1.53293  0 1 4 2.76487 1.55912 
14000 4 0 0 0 1 4 3.78687 0.0489279 1.72011 0.00105948 0.0141222 0.863148 1.58491 0.836257 0.0883645 0.274046 0.370612 0 0 4 3.78685 0.0523479  0 0 3 3.78413 0.0507961  0 0 2 2.95034 1.38343  0 1 3 2.88165 1.53293  0 1 4 2.82182 1.52244 
14500 4 0 0 0 1 4 3.78687 0.0489279 1.72673 0.00105948 0.0141222 0.863148 1.58491 0.836257 0.0883645 0.274046 0.370612 0 0 4 3.78685 0.0523479  0 0 3 3.78413 0.0507961  0 0 2 2.95034 1.38343  0 1 3 2.88165 1.53293  0 1 4 2.82182 1.52244 
15000 4 0 0 0 1 4 3.78687 0.0489279 1.72962 0.00105948 0.0141222 0.863148 1.58491 0.836257 0.0883645 0.274046 0.370612 0 0 4 3.78685 0.0523479  0 0 3 3.78424 0.0490006  0 0 2 2.95034 1.38343  0 1 3 2.88165 1.53293  0 1 4 2.82182 1.52244 
15500 0 0 3 0 1 4 3.78768 0.0416152 1.732 0.119264 0.624548 0.863148 1.58491 0.162469 0.772196 0.274046 0.370612 0 0 3 3.78768 0.0416152  0 0 4 3.78685 0.0523479  0 0 2 2.95034 1.38343  0 1 3 2.88165 1.53293  0 1 4 2.82182 1.52244 
16000 3 0 0 0 1 4 3.79266 0.0459274 1.73281 0.00304481 0.0263011 0.863148 1.58491 0.732218 0.198788 0.274046 0.370612 0 0 3 3.78768 0.0416152  0 0 4 3.78685 0.0523479  0 0 2 2.95034 1.38343  0 1 3 2.88165 1.53293  0 1 4 2.82182 1.52244 
16500 3 0 0 0 1 4 3.79266 0.0459274 1.73597 0.00304481 0.0263011 0.863148 1.58491 0.732218 0.198788 0.274046 0.370612 0 0 3 3.78768 0.0416152  0 0 4 3.78685 0.0523479  0 0 2 2.95034 1.38343  0 1 3 2.88165 1.53293  0 1 4 2.82182 1.52244 
17000 3 0 0 0 1 4 3.79266 0.0459274 1.73998 0.00304481 0.0263011 0.863148 1.58491 0.732218 0.198788 0.274046 0.370612 0 0 3 3.78768 0.0416152  0 0 4 3.78685 0.0523479  0 0 2 2.95034 1.38343  0 1 3 2.88165 1.53293  0 1 4 2.82182 1.52244 
17500 3 0 0 0 1 4 3.79266 0.0459274 1.7455 0.00304481 0.0263011 0.211925 0.871681 0.732218 0.198788 0.107121 0.20337 0 0 3 3.78768 0.0416152  0 0 4 3.78685 0.0523479  0 0 2 2.95034 1.38343  0 1 3 2.88165 1.53293  0 1 4 2.83479 1.55687 
18000 3 0 0 0 0 3 3.79266 0.0459274 1.73115 0.00304481 0.0263011 0.119264 0.624548 0.732218 0.198788 0.950245 0.0320187 0 0 3 3.78768 0.0416152  0 0 4 3.78685 0.0523479  0 0 2 2.95034 1.38343  0 1 3 2.88165 1.53293  0 1 4 2.84556 1.5615 
18500 3 0 0 0 1 4 3.79266 0.0459274 1.7335 0.00304481 0.0263011 0.568459 1.35516 0.732218 0.198788 0.464072 0.919842 0 0 3 3.78768 0.0416152  0 0 4 3.78685 0.0523479  0 0 2 2.95034 1.38343  0 1 3 2.88165 1.53293  0 1 4 2.84901 1.45499 
19000 3 0 0 0 1 4 3.79266 0.0459274 1.73557 0.00304481 0.0263011 0.568459 1.35516 0.732218 0.198788 0.464072 0.919842 0 0 3 3.78768 0.0416152  0 0 4 3.78685 0.0523479  0 0 2 2.95034 1.38343  0 1 3 2.88165 1.53293  0 1 4 2.84901 1.45499 
19500 3 0 0 0 1 4 3.79266 0.0459274 1.7375 0.00304481 0.0263011 0.568459 1.35516 0.732218 0.198788 0.464072 0.919842 0 0 3 3.78768 0.0416152  0 0 4 3.78685 0.0523479  0 0 2 2.95034 1.38343  0 1 3 2.88165 1.53293  0 1 4 2.84901 1.45499 
20000 3 0 0 0 1 4 3.79266 0.0459274 1.73792 0.00304481 0.0263011 0.568459 1.35516 0.732218 0.198788 0.464072 0.919842 0 0 3 3.78768 0.0416152  0 0 4 3.78685 0.0523479  0 0 2 2.95034 1.38343  0 1 3 2.88165 1.53293  0 1 4 2.84901 1.45499 
