500 2 0 2 0 0 4 3.52603 0.0295837 0.44611 0.00275412 0.0499132 1.13336 1.20189 0.402428 0.548662 0.0876715 0.774519 0 0 3 3.33985 0.0285633  0 0 4 2.31043 0.0336738  0 0 2 2.16742 1.36622  0 0 1 1.07381 1.56781  0 0 0 0.869208 1.46619 
1000 3 0 1 0 0 4 3.62694 0.292406 0.734968 0.00135802 0.0135122 1.13336 1.20189 0.627483 0.32808 0.0876715 0.774519 0 0 3 3.41356 0.302932  0 0 2 2.6779 1.50284  0 0 4 2.31043 0.0336738  0 0 1 1.75614 1.73708  0 1 3 1.33247 1.57718 
1500 3 0 1 0 0 4 3.62694 0.292406 0.949124 0.00135802 0.0135122 0.714922 1.31455 0.627483 0.32808 0.0346849 0.786963 0 0 3 3.4802 0.0324184  0 0 4 3.07853 0.031209  0 0 2 2.6779 1.50284  0 1 3 2.49784 1.44369  0 0 1 1.75614 1.73708 
2000 3 0 1 0 1 4 3.62694 0.292406 1.06414 0.00135802 0.0135122 0.780481 1.43405 0.627483 0.32808 0.0614091 0.754943 0 0 3 3.4802 0.0324184  0 0 4 3.07853 0.031209  0 0 2 2.6779 1.50284  0 1 3 2.49784 1.44369  0 1 4 2.15617 1.55848 
2500 3 0 1 0 1 4 3.62694 0.292406 1.15849 0.00135802 0.0135122 0.780481 1.43405 0.627483 0.32808 0.0614091 0.754943 0 0 3 3.4802 0.0324184  0 0 4 3.07853 0.031209  0 0 2 2.6779 1.50284  0 1 3 2.49784 1.44369  0 1 4 2.15617 1.55848 
3000 0 0 3 0 1 4 3.63021 0.0464242 1.20459 -0.000513244 0.0124004 1.80045 1.63688 0.198525 0.730331 0.173667 0.815348 0 0 3 3.63021 0.0464242  0 0 4 3.46221 0.042127  0 0 2 2.6779 1.50284  0 1 3 2.49784 1.44369  0 1 4 2.49715 1.35434 
3500 0 0 3 0 0 4 3.72569 0.0465011 1.22611 0.00155125 0.0199781 2.66327 1.49261 0.197494 0.734536 0.0826479 0.79879 0 0 3 3.72569 0.0465011  0 0 4 3.47696 0.0406901  0 0 2 2.6779 1.50284  0 1 3 2.49784 1.44369  0 1 4 2.49715 1.35434 
4000 0 0 4 0 1 4 3.74742 0.0449277 1.26113 0.00133526 0.0132856 1.80045 1.63688 0.118786 0.80583 0.173667 0.815348 0 0 4 3.74742 0.0449277  0 0 3 3.72608 0.049823  0 0 2 2.6779 1.50284  0 1 3 2.52316 1.37141  0 1 4 2.49715 1.35434 
4500 0 0 4 0 1 4 3.74742 0.0449277 1.29761 0.00133526 0.0132856 1.80045 1.63688 0.118786 0.80583 0.173667 0.815348 0 0 4 3.74742 0.0449277  0 0 3 3.72608 0.049823  0 0 2 2.6779 1.50284  0 1 3 2.52316 1.37141  0 1 4 2.49715 1.35434 
5000 1 0 3 0 1 4 3.75403 0.0530785 1.31607 0.00133526 0.0132856 1.80045 1.63688 0.234087 0.698502 0.173667 0.815348 0 0 4 3.74742 0.0449277  0 0 3 3.72608 0.049823  0 0 2 2.6779 1.50284  0 1 3 2.52316 1.37141  0 1 4 2.49715 1.35434 
5500 0 0 3 0 1 4 3.76659 0.0491765 1.32692 0.00133526 0.0132856 1.80045 1.63688 0.195212 0.742665 0.173667 0.815348 0 0 3 3.76659 0.0491765  0 0 4 3.74742 0.0449277  0 0 2 2.6779 1.50284  0 1 3 2.52316 1.37141  0 1 4 2.49715 1.35434 
6000 0 0 3 0 1 4 3.76659 0.0491765 1.33598 0.00133526 0.0132856 1.80045 1.63688 0.195212 0.742665 0.173667 0.815348 0 0 3 3.76659 0.0491765  0 0 4 3.75299 0.041  0 0 2 2.6779 1.50284  0 1 3 2.52316 1.37141  0 1 4 2.49715 1.35434 
6500 0 0 3 0 1 4 3.76659 0.0491765 1.34487 0.00133526 0.0132856 1.80045 1.63688 0.195212 0.742665 0.173667 0.815348 0 0 3 3.76659 0.0491765  0 0 4 3.75299 0.041  0 0 2 2.6779 1.50284  0 1 3 2.52316 1.37141  0 1 4 2.49715 1.35434 
7000 0 0 3 0 1 4 3.76659 0.0491765 1.35286 0.00133526 0.0132856 1.80045 1.63688 0.195212 0.742665 0.173667 0.815348 0 0 3 3.76659 0.0491765  0 0 4 3.75299 0.041  0 0 2 2.6779 1.50284  0 1 3 2.52316 1.37141  0 1 4 2.49715 1.35434 
7500 0 0 3 0 1 4 3.76659 0.0491765 1.36306 0.00133526 0.0132856 1.80045 1.63688 0.195212 0.742665 0.173667 0.815348 0 0 3 3.76659 0.0491765  0 0 4 3.75299 0.041  0 0 2 2.6779 1.50284  0 1 3 2.52316 1.37141  0 1 4 2.49715 1.35434 
8000 2 0 1 0 1 4 3.76849 0.0557558 1.35666 -0.000822513 0.0101635 1.80045 1.63688 0.554831 0.366048 0.173667 0.815348 0 0 3 3.76659 0.0491765  0 0 4 3.75887 0.0519689  0 0 2 2.6779 1.50284  0 1 3 2.52316 1.37141  0 1 4 2.49715 1.35434 
8500 4 0 0 0 1 4 3.77185 0.0564723 1.34915 0.000648752 0.0082344 1.80045 1.63688 0.841818 0.07883 0.173667 0.815348 0 0 3 3.76659 0.0491765  0 0 4 3.75887 0.0519689  0 0 2 2.6779 1.50284  0 1 3 2.52316 1.37141  0 1 4 2.49715 1.35434 
9000 3 0 0 0 1 4 3.77428 0.050601 1.36225 0.000648752 0.0082344 1.80045 1.63688 0.789032 0.138681 0.173667 0.815348 0 0 3 3.76659 0.0491765  0 0 4 3.75887 0.0519689  0 0 2 2.6779 1.50284  0 1 3 2.52316 1.37141  0 1 4 2.49715 1.35434 
9500 2 0 2 0 1 4 3.77638 0.0487367 1.37206 0.00105696 0.0105167 1.80045 1.63688 0.497103 0.419364 0.173667 0.815348 0 0 3 3.76659 0.0491765  0 0 4 3.75887 0.0519689  0 0 2 2.6779 1.50284  0 1 3 2.52316 1.37141  0 1 4 2.49715 1.35434 
10000 3 0 1 0 1 4 3.78021 0.0435215 1.37264 0.00132161 0.0174829 1.80045 1.63688 0.730936 0.203104 0.173667 0.815348 0 0 3 3.76659 0.0491765  0 0 4 3.75887 0.0519689  0 0 2 2.6779 1.50284  0 1 3 2.55121 1.39448  0 1 4 2.49715 1.35434 
10500 3 0 1 0 1 4 3.78021 0.0435215 1.39686 0.00132161 0.0174829 1.80045 1.63688 0.730936 0.203104 0.173667 0.815348 0 0 3 3.76659 0.0491765  0 0 4 3.75887 0.0519689  0 0 2 2.6779 1.50284  0 1 3 2.55121 1.39448  0 1 4 2.49715 1.35434 
11000 3 0 1 0 1 4 3.78086 0.0473462 1.40211 0.0414554 0.370216 1.80045 1.63688 0.726995 0.206563 0.173667 0.815348 0 0 3 3.76659 0.0491765  0 0 4 3.75887 0.0519689  0 0 2 2.6779 1.50284  0 1 3 2.55121 1.39448  0 1 4 2.49715 1.35434 
11500 2 0 1 0 1 4 3.78178 0.0494703 1.41097 0.000648391 0.00823459 1.80045 1.63688 0.556456 0.364927 0.173667 0.815348 0 0 3 3.76659 0.0491765  0 0 4 3.75887 0.0519689  0 0 2 2.6779 1.50284  0 1 3 2.55121 1.39448  0 1 4 2.49715 1.35434 
12000 2 0 1 0 1 4 3.78178 0.0494703 1.41718 0.000648391 0.00823459 1.80045 1.63688 0.556456 0.364927 0.173667 0.815348 0 0 3 3.76706 0.0457427  0 0 4 3.75887 0.0519689  0 0 2 2.6779 1.50284  0 1 3 2.56411 1.37523  0 1 4 2.49715 1.35434 
12500 3 0 0 0 1 4 3.78544 0.0568749 1.42305 -0.000809246 0.00955625 1.80045 1.63688 0.753667 0.180211 0.173667 0.815348 0 0 3 3.76706 0.0457427  0 0 4 3.75887 0.0519689  0 0 2 2.6779 1.50284  0 1 3 2.56411 1.37523  0 1 4 2.49715 1.35434 
13000 3 0 0 0 1 4 3.78544 0.0568749 1.43919 -0.000809246 0.00955625 1.80045 1.63688 0.753667 0.180211 0.173667 0.815348 0 0 3 3.76706 0.0457427  0 0 4 3.75887 0.0519689  0 0 2 2.6779 1.50284  0 1 3 2.56411 1.37523  0 1 4 2.49715 1.35434 
13500 3 0 0 0 1 4 3.78544 0.0568749 1.44264 -0.000809246 0.00955625 1.80045 1.63688 0.753667 0.180211 0.173667 0.815348 0 0 4 3.7722 0.0511078  0 0 3 3.77037 0.0550547  0 0 2 2.6779 1.50284  0 1 3 2.56411 1.37523  0 1 4 2.49715 1.35434 
14000 3 0 1 0 1 4 3.78602 0.0511661 1.457 -0.00055695 0.00927436 1.80045 1.63688 0.721681 0.211974 0.173667 0.815348 0 0 4 3.7722 0.0511078  0 0 3 3.77037 0.0550547  0 0 2 2.6779 1.50284  0 1 3 2.56411 1.37523  0 1 4 2.49715 1.35434 
14500 3 0 0 0 1 4 3.78853 0.0524304 1.45914 0.000640047 0.00824156 1.80045 1.63688 0.786806 0.143484 0.173667 0.815348 0 0 4 3.7722 0.0511078  0 0 3 3.77037 0.0550547  0 0 2 2.6779 1.50284  0 1 3 2.56411 1.37523  0 1 4 2.49715 1.35434 
15000 3 0 0 0 1 4 3.78853 0.0524304 1.46546 0.000640047 0.00824156 1.80045 1.63688 0.786806 0.143484 0.173667 0.815348 0 0 4 3.7722 0.0511078  0 0 3 3.77215 0.0529545  0 0 2 2.6894 1.62943  0 1 3 2.5884 1.38708  0 1 4 2.49715 1.35434 
15500 3 0 0 0 1 4 3.78853 0.0524304 1.45856 0.000640047 0.00824156 1.80045 1.63688 0.786806 0.143484 0.173667 0.815348 0 0 4 3.7722 0.0511078  0 0 3 3.77215 0.0529545  0 0 2 2.6894 1.62943  0 1 3 2.5884 1.38708  0 1 4 2.49715 1.35434 
16000 3 0 0 0 1 4 3.78853 0.0524304 1.46297 0.000640047 0.00824156 1.80045 1.63688 0.786806 0.143484 0.173667 0.815348 0 0 4 3.7722 0.0511078  0 0 3 3.77215 0.0529545  0 0 2 2.6894 1.62943  0 1 3 2.5884 1.38708  0 1 4 2.49715 1.35434 
16500 3 0 0 0 1 4 3.78853 0.0524304 1.46586 0.000640047 0.00824156 1.80045 1.63688 0.786806 0.143484 0.173667 0.815348 0 0 4 3.7722 0.0511078  0 0 3 3.77215 0.0529545  0 0 2 2.6894 1.62943  0 1 3 2.5884 1.38708  0 1 4 2.49715 1.35434 
17000 3 0 0 0 1 4 3.78853 0.0524304 1.47038 0.000640047 0.00824156 1.80045 1.63688 0.786806 0.143484 0.173667 0.815348 0 0 4 3.7722 0.0511078  0 0 3 3.77215 0.0529545  0 0 2 2.6894 1.62943  0 1 3 2.5884 1.38708  0 1 4 2.49715 1.35434 
17500 3 0 0 0 1 4 3.78853 0.0524304 1.48507 0.000640047 0.00824156 1.80045 1.63688 0.786806 0.143484 0.173667 0.815348 0 0 4 3.7722 0.0511078  0 0 3 3.77215 0.0529545  0 0 2 2.85385 1.56137  0 1 3 2.5884 1.38708  0 1 4 2.49715 1.35434 
18000 3 0 0 0 1 4 3.78853 0.0524304 1.49229 0.000640047 0.00824156 1.80045 1.63688 0.786806 0.143484 0.173667 0.815348 0 0 4 3.7722 0.0511078  0 0 3 3.77215 0.0529545  0 0 2 2.85385 1.56137  0 1 3 2.5884 1.38708  0 1 4 2.49715 1.35434 
18500 3 0 0 0 1 4 3.78853 0.0524304 1.49336 0.000640047 0.00824156 1.80045 1.63688 0.786806 0.143484 0.173667 0.815348 0 0 4 3.7722 0.0511078  0 0 3 3.77215 0.0529545  0 0 2 2.87747 1.53561  0 1 3 2.5884 1.38708  0 1 4 2.49715 1.35434 
19000 3 0 0 0 1 4 3.78853 0.0524304 1.49793 0.000640047 0.00824156 1.80045 1.63688 0.786806 0.143484 0.173667 0.815348 0 0 4 3.7722 0.0511078  0 0 3 3.77215 0.0529545  0 0 2 2.87747 1.53561  0 1 3 2.5884 1.38708  0 1 4 2.49715 1.35434 
19500 3 0 0 0 1 4 3.78853 0.0524304 1.49934 0.000640047 0.00824156 1.80045 1.63688 0.786806 0.143484 0.173667 0.815348 0 0 4 3.7722 0.0511078  0 0 3 3.77215 0.0529545  0 0 2 2.87747 1.53561  0 1 3 2.5884 1.38708  0 1 4 2.49715 1.35434 
20000 3 0 0 0 1 4 3.78853 0.0524304 1.50739 0.000640047 0.00824156 1.80045 1.63688 0.786806 0.143484 0.173667 0.815348 0 0 3 3.7746 0.0512139  0 0 4 3.7722 0.0511078  0 0 2 2.87747 1.53561  0 1 3 2.5884 1.38708  0 1 4 2.49715 1.35434 
