500 0 0 4 0 1 3 3.74237 0.0418085 0.867978 -0.000355094 0.0150984 2.32463 0.331211 0.124295 0.800375 0.391087 0.53614 0 0 4 3.74237 0.0418085  0 0 3 3.61778 0.0396579  0 0 2 2.60582 1.25785  0 1 3 1.70879 1.26755  0 0 1 1.20959 1.70972 
1000 0 0 4 0 1 3 3.74237 0.0418085 1.12236 -0.000355094 0.0150984 0.191722 0.738793 0.124295 0.800375 0.0185103 0.854746 0 0 4 3.74237 0.0418085  0 0 3 3.7069 0.0434447  0 0 2 2.60582 1.25785  0 1 3 2.07305 1.36036  0 0 1 1.55218 1.73832 
1500 1 0 3 0 1 4 3.75042 0.0503423 1.27143 -0.000323463 0.014993 2.59554 1.17035 0.222486 0.710078 0.314735 0.74483 0 0 3 3.74476 0.0489384  0 0 4 3.74237 0.0418085  0 0 2 2.6723 1.58576  0 1 3 2.25601 1.39415  0 1 4 1.88588 1.50871 
2000 3 0 1 0 1 4 3.77386 0.0552906 1.36854 0.000806981 0.00802936 2.59554 1.17035 0.676661 0.255083 0.314735 0.74483 0 0 3 3.76509 0.0496403  0 0 4 3.74964 0.149218  0 0 2 2.6723 1.58576  0 1 3 2.25601 1.39415  0 1 4 1.88588 1.50871 
2500 3 0 0 0 1 3 3.78024 0.0485379 1.4218 0.000740927 0.00737213 0.00160492 0.0159688 0.780968 0.154131 0.984818 0.751793 0 0 3 3.76509 0.0496403  0 0 4 3.75436 0.0470448  0 0 2 2.6723 1.58576  0 1 3 2.33319 1.36948  0 1 4 2.22671 1.47715 
3000 3 0 0 0 1 3 3.78024 0.0485379 1.44596 0.000740927 0.00737213 0.00160492 0.0159688 0.780968 0.154131 0.984818 0.751793 0 0 3 3.76714 0.043999  0 0 4 3.75436 0.0470448  0 0 2 2.95209 1.52339  0 1 4 2.44611 1.64149  0 1 3 2.33319 1.36948 
3500 3 0 0 0 1 3 3.78024 0.0485379 1.46822 0.000740927 0.00737213 0.675489 1.35617 0.780968 0.154131 0.869943 0.844138 0 0 3 3.77713 0.049067  0 0 4 3.75436 0.0470448  0 0 2 2.95209 1.52339  0 1 3 2.4688 1.27452  0 1 4 2.44611 1.64149 
4000 3 0 0 0 1 3 3.78024 0.0485379 1.48615 0.000740927 0.00737213 0.675489 1.35617 0.780968 0.154131 0.869943 0.844138 0 0 3 3.77713 0.049067  0 0 4 3.75436 0.0470448  0 0 2 2.95209 1.52339  0 1 3 2.4688 1.27452  0 1 4 2.44611 1.64149 
4500 3 0 0 0 0 3 3.78024 0.0485379 1.5009 0.000740927 0.00737213 0.00153677 0.0159021 0.780968 0.154131 0.246185 0.115931 0 0 3 3.77713 0.049067  0 0 4 3.76349 0.0461791  0 0 2 2.95209 1.52339  0 1 3 2.49368 1.30821  0 1 4 2.44611 1.64149 
5000 3 0 0 0 0 4 3.78129 0.0515253 1.51858 0.000782315 0.00778394 0.00159037 0.015824 0.754882 0.182865 0.246467 0.107005 0 0 3 3.77713 0.049067  0 0 4 3.7695 0.0495347  0 0 2 2.95209 1.52339  0 1 3 2.54261 1.36206  0 1 4 2.44611 1.64149 
5500 3 0 0 0 0 4 3.78211 0.0505393 1.51114 0.000732786 0.00729113 0.00159037 0.015824 0.74986 0.186278 0.246467 0.107005 0 0 3 3.77713 0.049067  0 0 4 3.7695 0.0495347  0 0 2 2.95209 1.52339  0 1 4 2.6925 1.49663  0 1 3 2.54261 1.36206 
6000 3 0 0 0 0 4 3.78211 0.0505393 1.51658 0.000732786 0.00729113 0.00159037 0.015824 0.74986 0.186278 0.246467 0.107005 0 0 3 3.77713 0.049067  0 0 4 3.7695 0.0495347  0 0 2 2.95209 1.52339  0 1 4 2.6925 1.49663  0 1 3 2.54261 1.36206 
6500 3 0 0 0 0 4 3.78211 0.0505393 1.51016 0.000732786 0.00729113 0.00154158 0.0159507 0.74986 0.186278 0.245958 0.115926 0 0 3 3.77713 0.049067  0 0 4 3.77182 0.0449112  0 0 2 2.95209 1.52339  0 1 4 2.6925 1.49663  0 1 3 2.5532 1.36872 
7000 3 0 0 0 0 4 3.78211 0.0505393 1.5003 0.000732786 0.00729113 0.00154158 0.0159507 0.74986 0.186278 0.245958 0.115926 0 0 3 3.77713 0.049067  0 0 4 3.77182 0.0449112  0 0 2 2.95209 1.52339  0 1 4 2.6925 1.49663  0 1 3 2.5532 1.36872 
7500 3 0 0 0 0 4 3.78664 0.0443235 1.50927 0.000704268 0.00700738 0.00154158 0.0159507 0.786725 0.147382 0.245958 0.115926 0 0 3 3.77713 0.049067  0 0 4 3.77182 0.0449112  0 0 2 2.95209 1.52339  0 1 4 2.6925 1.49663  0 1 3 2.5532 1.36872 
8000 3 0 0 0 0 4 3.78664 0.0443235 1.51205 0.000704268 0.00700738 0.00154158 0.0159507 0.786725 0.147382 0.245958 0.115926 0 0 3 3.77713 0.049067  0 0 4 3.77182 0.0449112  0 0 2 2.95209 1.52339  0 1 4 2.6925 1.49663  0 1 3 2.5532 1.36872 
8500 3 0 0 0 0 4 3.78664 0.0443235 1.52604 0.000704268 0.00700738 0.00154158 0.0159507 0.786725 0.147382 0.245958 0.115926 0 0 3 3.77713 0.049067  0 0 4 3.77182 0.0449112  0 0 2 2.95209 1.52339  0 1 4 2.6925 1.49663  0 1 3 2.5532 1.36872 
9000 3 0 0 0 0 4 3.78664 0.0443235 1.52912 0.000704268 0.00700738 0.00154158 0.0159507 0.786725 0.147382 0.245958 0.115926 0 0 3 3.77713 0.049067  0 0 4 3.77182 0.0449112  0 0 2 2.95209 1.52339  0 1 4 2.6925 1.49663  0 1 3 2.5532 1.36872 
9500 3 0 0 0 0 4 3.78664 0.0443235 1.53088 0.000704268 0.00700738 0.00154158 0.0159507 0.786725 0.147382 0.245958 0.115926 0 0 3 3.77713 0.049067  0 0 4 3.77182 0.0449112  0 0 2 2.95209 1.52339  0 1 4 2.6925 1.49663  0 1 3 2.5532 1.36872 
10000 3 0 0 0 0 4 3.78664 0.0443235 1.54696 0.000704268 0.00700738 0.00154158 0.0159507 0.786725 0.147382 0.245958 0.115926 0 0 3 3.77713 0.049067  0 0 4 3.77182 0.0449112  0 0 2 2.95209 1.52339  0 1 3 2.75144 1.44649  0 1 4 2.6925 1.49663 
10500 3 0 0 0 0 4 3.78664 0.0443235 1.54727 0.000704268 0.00700738 0.00154158 0.0159507 0.786725 0.147382 0.245958 0.115926 0 0 3 3.77713 0.049067  0 0 4 3.77182 0.0449112  0 0 2 2.95209 1.52339  0 1 3 2.75144 1.44649  0 1 4 2.6925 1.49663 
11000 3 0 0 0 0 4 3.78664 0.0443235 1.54747 0.000704268 0.00700738 0.00154158 0.0159507 0.786725 0.147382 0.245958 0.115926 0 0 3 3.77713 0.049067  0 0 4 3.77182 0.0449112  0 0 2 2.95209 1.52339  0 1 3 2.75144 1.44649  0 1 4 2.6925 1.49663 
11500 3 0 0 0 0 4 3.78664 0.0443235 1.55575 0.000704268 0.00700738 0.00154158 0.0159507 0.786725 0.147382 0.245958 0.115926 0 0 3 3.77713 0.049067  0 0 4 3.77182 0.0449112  0 0 2 2.95209 1.52339  0 1 3 2.75144 1.44649  0 1 4 2.6925 1.49663 
12000 3 0 0 0 0 4 3.78664 0.0443235 1.55735 0.000704268 0.00700738 0.00154158 0.0159507 0.786725 0.147382 0.245958 0.115926 0 0 3 3.77713 0.049067  0 0 4 3.77182 0.0449112  0 0 2 2.95209 1.52339  0 1 3 2.75144 1.44649  0 1 4 2.6925 1.49663 
12500 3 0 0 0 0 4 3.78664 0.0443235 1.55844 0.000704268 0.00700738 0.00154158 0.0159507 0.786725 0.147382 0.245958 0.115926 0 0 3 3.77713 0.049067  0 0 4 3.77182 0.0449112  0 0 2 2.95209 1.52339  0 1 3 2.75144 1.44649  0 1 4 2.6925 1.49663 
13000 3 0 0 0 0 4 3.78664 0.0443235 1.55899 0.000704268 0.00700738 0.00154158 0.0159507 0.786725 0.147382 0.245958 0.115926 0 0 3 3.77713 0.049067  0 0 4 3.77182 0.0449112  0 0 2 2.95209 1.52339  0 1 3 2.75144 1.44649  0 1 4 2.6925 1.49663 
13500 3 0 0 0 0 4 3.78664 0.0443235 1.56077 0.000704268 0.00700738 0.00154158 0.0159507 0.786725 0.147382 0.245958 0.115926 0 0 3 3.77713 0.049067  0 0 4 3.77182 0.0449112  0 0 2 2.95209 1.52339  0 1 3 2.75144 1.44649  0 1 4 2.6925 1.49663 
14000 3 0 0 0 0 4 3.78664 0.0443235 1.56138 0.000704268 0.00700738 0.00154158 0.0159507 0.786725 0.147382 0.245958 0.115926 0 0 3 3.77713 0.049067  0 0 4 3.77182 0.0449112  0 0 2 2.95209 1.52339  0 1 3 2.75144 1.44649  0 1 4 2.6925 1.49663 
14500 3 0 0 0 0 4 3.78664 0.0443235 1.56561 0.000704268 0.00700738 0.00154158 0.0159507 0.786725 0.147382 0.245958 0.115926 0 0 3 3.77713 0.049067  0 0 4 3.77182 0.0449112  0 0 2 2.95209 1.52339  0 1 3 2.75144 1.44649  0 1 4 2.6925 1.49663 
15000 3 0 0 0 0 4 3.78664 0.0443235 1.57192 0.000704268 0.00700738 0.00154158 0.0159507 0.786725 0.147382 0.245958 0.115926 0 0 3 3.77713 0.049067  0 0 4 3.77182 0.0449112  0 0 2 2.95209 1.52339  0 1 3 2.75144 1.44649  0 1 4 2.6925 1.49663 
15500 3 0 0 0 0 4 3.78664 0.0443235 1.57504 0.000704268 0.00700738 0.00154158 0.0159507 0.786725 0.147382 0.245958 0.115926 0 0 3 3.77713 0.049067  0 0 4 3.77182 0.0449112  0 0 2 2.95209 1.52339  0 1 3 2.75144 1.44649  0 1 4 2.6925 1.49663 
16000 3 0 0 0 0 4 3.78801 0.049325 1.57617 0.00108885 0.0108339 0.00154158 0.0159507 0.780926 0.158295 0.245958 0.115926 0 0 3 3.77713 0.049067  0 0 4 3.77182 0.0449112  0 0 2 2.95209 1.52339  0 1 3 2.75144 1.44649  0 1 4 2.6925 1.49663 
16500 3 0 0 0 0 4 3.78801 0.049325 1.58142 0.00108885 0.0108339 0.00154158 0.0159507 0.780926 0.158295 0.245958 0.115926 0 0 3 3.77713 0.049067  0 0 4 3.77182 0.0449112  0 0 2 2.95209 1.52339  0 1 3 2.75144 1.44649  0 1 4 2.6925 1.49663 
17000 3 0 0 0 0 4 3.78801 0.049325 1.58253 0.00108885 0.0108339 0.00154158 0.0159507 0.780926 0.158295 0.245958 0.115926 0 0 3 3.77713 0.049067  0 0 4 3.77182 0.0449112  0 0 2 2.95209 1.52339  0 1 3 2.75144 1.44649  0 1 4 2.6925 1.49663 
17500 3 0 0 0 0 4 3.78801 0.049325 1.5859 0.00108885 0.0108339 0.00154158 0.0159507 0.780926 0.158295 0.245958 0.115926 0 0 3 3.77713 0.049067  0 0 4 3.77182 0.0449112  0 0 2 2.95209 1.52339  0 1 3 2.75144 1.44649  0 1 4 2.6925 1.49663 
18000 3 0 0 0 0 4 3.78801 0.049325 1.59895 0.00108885 0.0108339 0.00154158 0.0159507 0.780926 0.158295 0.245958 0.115926 0 0 3 3.77713 0.049067  0 0 4 3.77182 0.0449112  0 0 2 2.95209 1.52339  0 1 3 2.75144 1.44649  0 1 4 2.6925 1.49663 
18500 3 0 0 0 0 4 3.78801 0.049325 1.58991 0.00108885 0.0108339 0.00154158 0.0159507 0.780926 0.158295 0.245958 0.115926 0 0 3 3.77713 0.049067  0 0 4 3.77182 0.0449112  0 0 2 2.95209 1.52339  0 1 3 2.75144 1.44649  0 1 4 2.6925 1.49663 
19000 3 0 0 0 0 4 3.78801 0.049325 1.59175 0.00108885 0.0108339 0.00154158 0.0159507 0.780926 0.158295 0.245958 0.115926 0 0 3 3.77713 0.049067  0 0 4 3.77182 0.0449112  0 0 2 2.95209 1.52339  0 1 3 2.75144 1.44649  0 1 4 2.6925 1.49663 
19500 3 0 0 0 1 3 3.78801 0.049325 1.59782 0.00108885 0.0108339 0.00160492 0.0159688 0.780926 0.158295 0.984818 0.751793 0 0 3 3.77713 0.049067  0 0 4 3.77182 0.0449112  0 0 2 2.95209 1.52339  0 1 3 2.9182 1.56415  0 1 4 2.6925 1.49663 
20000 3 0 0 0 1 3 3.78837 0.0453416 1.60046 0.00102887 0.0102371 0.00160492 0.0159688 0.774644 0.166437 0.984818 0.751793 0 0 3 3.77713 0.049067  0 0 4 3.77182 0.0449112  0 0 2 2.95209 1.52339  0 1 3 2.9182 1.56415  0 1 4 2.6925 1.49663 
