500 15 0 13 0 15 26 3.50075 0.143964 0.0055417 0.447691 1.18125 0.00160492 0.0159688 0.513177 0.451525 0.984818 0.751793 0 4 8 0.0738548 0.459267  0 15 26 0.0207625 0.111667  0 16 28 0.0180853 0.137281  0 11 27 0.0178255 0.117235  0 4 28 0.017344 0.116377 
1000 15 0 13 0 22 27 3.50075 0.143964 0.00874307 0.447691 1.18125 0.00411442 0.0253489 0.513177 0.451525 0.137015 0.749016 0 4 8 0.0738548 0.459267  0 22 27 0.0295538 0.176668  0 24 29 0.0235961 0.0977412  0 27 28 0.0230735 0.106397  0 15 26 0.0207625 0.111667 
1500 15 0 13 0 3 22 3.50075 0.143964 0.0101181 0.447691 1.18125 0.526589 0.972523 0.513177 0.451525 0.152356 0.876023 0 4 8 0.0738548 0.459267  0 8 26 0.0332712 0.326979  0 3 22 0.0330307 0.246065  0 22 27 0.0295538 0.176668  0 26 29 0.0294662 0.124528 
2000 15 0 13 0 3 22 3.50075 0.143964 0.0123684 0.447691 1.18125 0.526589 0.972523 0.513177 0.451525 0.152356 0.876023 0 2 14 0.228965 0.726038  0 0 3 0.193949 0.673469  0 4 8 0.0738548 0.459267  0 8 26 0.0332712 0.326979  0 3 22 0.0330307 0.246065 
2500 15 0 13 0 0 16 3.50075 0.143964 0.0139225 0.447691 1.18125 0.147316 0.614624 0.513177 0.451525 0.0352434 0.436553 0 2 14 0.228965 0.726038  0 0 3 0.193949 0.673469  0 0 16 0.184754 0.660223  0 0 6 0.136669 0.625175  0 4 8 0.0738548 0.459267 
3000 15 0 13 0 0 16 3.50075 0.143964 0.0174649 0.447691 1.18125 0.147316 0.614624 0.513177 0.451525 0.0352434 0.436553 0 2 14 0.228965 0.726038  0 0 3 0.193949 0.673469  0 0 16 0.184754 0.660223  0 4 9 0.156135 0.695785  0 0 6 0.136669 0.625175 
3500 17 0 11 0 0 16 3.70637 0.0483526 0.0191931 0.00115641 0.0115062 0.147316 0.614624 0.569042 0.374362 0.0352434 0.436553 0 2 14 0.228965 0.726038  0 0 3 0.193949 0.673469  0 0 16 0.184754 0.660223  0 4 9 0.156135 0.695785  0 0 6 0.136669 0.625175 
4000 17 0 11 0 0 16 3.70637 0.0483526 0.0214235 0.00115641 0.0115062 0.147316 0.614624 0.569042 0.374362 0.0352434 0.436553 0 2 14 0.228965 0.726038  0 0 3 0.193949 0.673469  0 0 16 0.184754 0.660223  0 4 9 0.156135 0.695785  0 0 6 0.136669 0.625175 
4500 17 0 11 0 0 16 3.70637 0.0483526 0.022835 0.00115641 0.0115062 0.147316 0.614624 0.569042 0.374362 0.0352434 0.436553 0 3 9 0.275424 0.936761  0 2 14 0.228965 0.726038  0 0 3 0.193949 0.673469  0 0 16 0.184754 0.660223  0 4 9 0.156135 0.695785 
5000 17 0 11 0 0 22 3.70637 0.0483526 0.0250086 0.00115641 0.0115062 0.509224 1.21626 0.569042 0.374362 0.0241947 0.79286 0 0 22 0.344056 0.987606  0 3 9 0.275424 0.936761  0 0 23 0.248163 0.871621  0 2 7 0.241901 0.854965  0 2 14 0.228965 0.726038 
5500 17 0 11 0 0 21 3.70637 0.0483526 0.0276402 0.00115641 0.0115062 0.744406 1.36584 0.569042 0.374362 0.0469238 0.876801 0 0 7 0.54569 1.26252  0 0 21 0.542859 1.19995  0 0 4 0.364197 1.08846  0 0 22 0.344056 0.987606  0 3 9 0.275424 0.936761 
6000 17 0 11 0 0 21 3.70637 0.0483526 0.0303873 0.00115641 0.0115062 0.744406 1.36584 0.569042 0.374362 0.0469238 0.876801 0 0 7 0.54569 1.26252  0 0 21 0.542859 1.19995  0 0 4 0.364197 1.08846  0 0 24 0.355426 1.01512  0 0 22 0.344056 0.987606 
6500 17 0 11 0 0 21 3.70637 0.0483526 0.0326419 0.00115641 0.0115062 0.744406 1.36584 0.569042 0.374362 0.0469238 0.876801 0 0 7 0.54569 1.26252  0 0 21 0.542859 1.19995  0 0 4 0.364197 1.08846  0 0 24 0.355426 1.01512  0 0 22 0.344056 0.987606 
7000 17 0 11 0 0 21 3.70637 0.0483526 0.0353547 0.00115641 0.0115062 0.744406 1.36584 0.569042 0.374362 0.0469238 0.876801 0 0 7 0.54569 1.26252  0 0 21 0.542859 1.19995  0 0 4 0.364197 1.08846  0 0 24 0.355426 1.01512  0 0 22 0.344056 0.987606 
7500 22 0 5 0 1 23 3.72392 0.295599 0.0394673 0.00112717 0.0112152 0.805409 1.41374 0.748903 0.179016 0.0471986 0.80482 0 1 23 0.615885 1.25005  0 0 7 0.54569 1.26252  0 0 21 0.542859 1.19995  0 0 4 0.364197 1.08846  0 0 24 0.355426 1.01512 
8000 24 0 3 0 1 23 3.7356 0.0549493 0.0437618 0.000535953 0.00533267 0.805409 1.41374 0.817513 0.105329 0.0471986 0.80482 0 0 6 0.639673 1.314  0 1 23 0.615885 1.25005  0 0 7 0.54569 1.26252  0 0 21 0.542859 1.19995  0 0 5 0.401234 1.12735 
8500 22 0 5 0 1 17 3.74835 0.0465506 0.0476079 0.00160492 0.0159688 0.8192 1.50317 0.734671 0.195019 0.081338 0.893219 0 0 6 0.639673 1.314  0 1 23 0.615885 1.25005  0 0 7 0.54569 1.26252  0 0 21 0.542859 1.19995  0 1 17 0.534416 1.20304 
9000 22 0 5 0 1 17 3.74835 0.0465506 0.0523313 0.00160492 0.0159688 0.8192 1.50317 0.734671 0.195019 0.081338 0.893219 0 0 6 0.639673 1.314  0 1 23 0.615885 1.25005  0 0 7 0.54569 1.26252  0 0 21 0.542859 1.19995  0 1 17 0.534416 1.20304 
9500 22 0 5 0 1 17 3.74835 0.0465506 0.0557123 0.00160492 0.0159688 0.8192 1.50317 0.734671 0.195019 0.081338 0.893219 0 0 6 0.639673 1.314  0 1 23 0.615885 1.25005  0 0 7 0.54569 1.26252  0 0 21 0.542859 1.19995  0 1 17 0.534416 1.20304 
10000 22 0 5 0 1 23 3.74835 0.0465506 0.0602251 0.00160492 0.0159688 0.805409 1.41374 0.734671 0.195019 0.0471986 0.80482 0 0 6 0.639673 1.314  0 1 23 0.615885 1.25005  0 4 15 0.575559 1.23787  0 0 9 0.557977 1.21987  0 0 7 0.54569 1.26252 
10500 22 0 5 0 1 23 3.74835 0.0465506 0.0646773 0.00160492 0.0159688 0.805409 1.41374 0.734671 0.195019 0.0471986 0.80482 0 0 6 0.639673 1.314  0 1 23 0.615885 1.25005  0 4 15 0.575559 1.23787  0 0 9 0.557977 1.21987  0 0 7 0.54569 1.26252 
11000 22 0 5 0 1 23 3.74835 0.0465506 0.0698874 0.00160492 0.0159688 0.805409 1.41374 0.734671 0.195019 0.0471986 0.80482 0 10 16 0.713216 1.35079  0 0 6 0.639673 1.314  0 1 23 0.615885 1.25005  0 4 15 0.575559 1.23787  0 0 9 0.557977 1.21987 
11500 21 0 6 0 1 23 3.75247 0.0520311 0.0763807 0.00160492 0.0159688 0.805409 1.41374 0.715313 0.211657 0.0471986 0.80482 0 0 24 0.738955 1.37789  0 10 16 0.713216 1.35079  0 0 6 0.639673 1.314  0 0 22 0.627546 1.26156  0 1 23 0.615885 1.25005 
12000 21 0 6 0 10 16 3.75247 0.0520311 0.0811957 0.00160492 0.0159688 0.21433 0.8327 0.715313 0.211657 0.956285 0.0208849 0 0 24 0.738955 1.37789  0 10 16 0.713216 1.35079  0 5 12 0.641425 1.29668  0 0 6 0.639673 1.314  0 0 22 0.627546 1.26156 
12500 21 0 6 0 10 16 3.75247 0.0520311 0.0885438 0.00160492 0.0159688 0.21433 0.8327 0.715313 0.211657 0.956285 0.0208849 0 0 24 0.738955 1.37789  0 10 16 0.713216 1.35079  0 5 12 0.641425 1.29668  0 0 6 0.639673 1.314  0 0 22 0.627546 1.26156 
13000 21 0 6 0 10 16 3.75247 0.0520311 0.0969787 0.00160492 0.0159688 0.21433 0.8327 0.715313 0.211657 0.956285 0.0208849 0 0 24 0.738955 1.37789  0 10 16 0.713216 1.35079  0 5 12 0.641425 1.29668  0 0 6 0.639673 1.314  0 0 22 0.627546 1.26156 
13500 21 0 6 0 10 16 3.75247 0.0520311 0.104438 0.00160492 0.0159688 0.21433 0.8327 0.715313 0.211657 0.956285 0.0208849 0 0 24 0.816733 1.42664  0 10 16 0.713216 1.35079  0 4 11 0.704244 1.35313  0 5 12 0.641425 1.29668  0 0 6 0.639673 1.314 
14000 21 0 6 0 1 26 3.75247 0.0520311 0.113958 0.00160492 0.0159688 0.769497 1.44013 0.715313 0.211657 0.0195979 0.903993 0 0 24 0.816733 1.42664  0 10 16 0.713216 1.35079  0 4 11 0.704244 1.35313  0 13 20 0.656828 1.30862  0 1 26 0.643033 1.22308 
14500 21 0 6 0 10 16 3.75247 0.0520311 0.123053 0.00160492 0.0159688 0.21433 0.8327 0.715313 0.211657 0.956285 0.0208849 0 0 24 0.816733 1.42664  0 10 16 0.713216 1.35079  0 4 11 0.704244 1.35313  0 7 20 0.678744 1.35748  0 13 20 0.656828 1.30862 
15000 21 0 6 0 0 24 3.75247 0.0520311 0.133311 0.00160492 0.0159688 0.987417 0.544477 0.715313 0.211657 0.0435309 0.793535 0 0 24 1.19719 0.0550347  0 0 27 0.905972 0.138289  0 10 16 0.713216 1.35079  0 4 11 0.704244 1.35313  0 7 20 0.678744 1.35748 
15500 21 0 6 0 0 24 3.75247 0.0520311 0.145252 0.00160492 0.0159688 0.987417 0.544477 0.715313 0.211657 0.0435309 0.793535 0 0 24 1.19719 0.0550347  0 0 27 0.905972 0.138289  0 10 16 0.713216 1.35079  0 4 11 0.704244 1.35313  0 7 20 0.678744 1.35748 
16000 21 0 6 0 0 24 3.75247 0.0520311 0.155846 0.00160492 0.0159688 0.987417 0.544477 0.715313 0.211657 0.0435309 0.793535 0 0 24 1.19719 0.0550347  0 0 27 0.905972 0.138289  0 10 16 0.713216 1.35079  0 4 11 0.704244 1.35313  0 7 20 0.678744 1.35748 
16500 21 0 6 0 0 24 3.75247 0.0520311 0.166122 0.00160492 0.0159688 0.987417 0.544477 0.715313 0.211657 0.0435309 0.793535 0 0 24 1.19719 0.0550347  0 0 27 0.905972 0.138289  0 10 16 0.713216 1.35079  0 4 11 0.704244 1.35313  0 7 20 0.678744 1.35748 
17000 21 0 6 0 0 24 3.75247 0.0520311 0.17755 0.00160492 0.0159688 0.987417 0.544477 0.715313 0.211657 0.0435309 0.793535 0 0 10 1.25969 1.69241  0 0 24 1.19719 0.0550347  0 0 27 0.905972 0.138289  0 10 16 0.713216 1.35079  0 4 11 0.704244 1.35313 
17500 21 0 6 0 0 27 3.75247 0.0520311 0.188661 0.00160492 0.0159688 2.1095 0.371391 0.715313 0.211657 0.00401252 0.903704 0 0 27 2.09431 0.21891  0 1 25 1.41708 0.0570406  0 0 10 1.25969 1.69241  0 0 24 1.19719 0.0550347  0 10 16 0.713216 1.35079 
18000 21 0 6 0 0 27 3.75247 0.0520311 0.199208 0.00160492 0.0159688 2.1095 0.371391 0.715313 0.211657 0.00401252 0.903704 0 0 27 2.09431 0.21891  0 1 25 1.41708 0.0570406  0 0 10 1.25969 1.69241  0 0 24 1.19719 0.0550347  0 9 16 0.788781 1.41023 
18500 21 0 6 0 0 27 3.75247 0.0520311 0.210876 0.00160492 0.0159688 2.1095 0.371391 0.715313 0.211657 0.00401252 0.903704 0 0 27 2.09431 0.21891  0 1 25 1.41708 0.0570406  0 0 10 1.25969 1.69241  0 0 24 1.19719 0.0550347  0 3 24 0.898174 0.921098 
19000 21 0 6 0 0 27 3.75247 0.0520311 0.222076 0.00160492 0.0159688 2.1095 0.371391 0.715313 0.211657 0.00401252 0.903704 0 0 27 2.09431 0.21891  0 1 25 1.41708 0.0570406  0 0 10 1.25969 1.69241  0 0 24 1.19719 0.0550347  0 3 24 0.898174 0.921098 
19500 21 0 6 0 0 27 3.75247 0.0520311 0.234792 0.00160492 0.0159688 2.1095 0.371391 0.715313 0.211657 0.00401252 0.903704 0 0 27 2.09431 0.21891  0 1 25 1.41708 0.0570406  0 0 10 1.25969 1.69241  0 0 24 1.19719 0.0550347  0 3 24 0.898174 0.921098 
20000 21 0 6 0 0 27 3.75247 0.0520311 0.246149 0.00160492 0.0159688 2.1095 0.371391 0.715313 0.211657 0.00401252 0.903704 0 0 27 2.09431 0.21891  0 1 25 1.41708 0.0570406  0 0 10 1.25969 1.69241  0 0 24 1.19719 0.0550347  0 3 24 0.898174 0.921098 
