500 7 0 1 0 1 4 3.71012 0.0596633 0.213136 0.000300983 0.00315965 2.30967 0.298292 0.77547 0.149183 0.587954 0.320285 0 0 5 0.782852 0.447564  0 0 6 0.77617 0.430137  0 1 4 0.668591 1.13615  0 1 2 0.651755 1.20943  0 1 6 0.507615 1.19285 
1000 7 0 1 0 0 8 3.71012 0.0596633 0.417409 0.000300983 0.00315965 2.0566 1.86036 0.77547 0.149183 0.0472066 0.86511 0 0 8 3.70488 0.053607  0 1 4 1.12607 1.4931  0 0 6 1.08151 0.256001  0 2 8 0.949733 1.47575  0 0 4 0.929336 1.29846 
1500 7 0 1 0 0 8 3.72581 0.0542791 0.54444 0.000301996 0.00300482 2.0566 1.86036 0.792072 0.130496 0.0472066 0.86511 0 0 8 3.70488 0.053607  0 0 6 1.14444 0.242679  0 1 4 1.12607 1.4931  0 1 8 1.09209 1.6571  0 1 5 1.08226 1.69211 
2000 6 0 2 0 0 8 3.73576 0.0497208 0.641983 0.00134884 0.0134207 3.50933 0.852889 0.677894 0.248569 0.0751104 0.853449 0 0 8 3.71323 0.0535001  0 0 7 3.22845 0.553845  0 0 6 1.49026 1.5013  0 1 4 1.12607 1.4931  0 1 8 1.09209 1.6571 
2500 6 0 2 0 0 8 3.73576 0.0497208 0.719499 0.00134884 0.0134207 3.50933 0.852889 0.677894 0.248569 0.0751104 0.853449 0 0 8 3.71323 0.0535001  0 0 7 3.32048 0.0644719  0 1 8 2.67686 1.58088  0 0 6 1.49026 1.5013  0 1 7 1.3862 1.63324 
3000 6 0 2 0 0 8 3.73576 0.0497208 0.794649 0.00134884 0.0134207 3.50933 0.852889 0.677894 0.248569 0.0751104 0.853449 0 0 8 3.71323 0.0535001  0 0 7 3.36401 0.0422445  0 2 8 2.73731 1.59728  0 1 8 2.67686 1.58088  0 3 8 1.75979 1.62465 
3500 5 0 3 0 0 8 3.74401 0.0541967 0.825748 0.001341 0.0133428 3.50933 0.852889 0.526147 0.393085 0.0751104 0.853449 0 0 8 3.71323 0.0535001  0 0 7 3.36401 0.0422445  0 2 8 2.73731 1.59728  0 1 8 2.67686 1.58088  0 3 8 1.75979 1.62465 
4000 5 0 4 0 0 8 3.75467 0.0435854 0.854738 0.0013528 0.0134602 3.50933 0.852889 0.508291 0.40963 0.0751104 0.853449 0 0 8 3.71323 0.0535001  0 0 7 3.42382 0.0540693  0 1 8 2.85327 1.41324  0 2 8 2.73731 1.59728  0 1 7 2.24332 1.47434 
4500 5 0 4 0 0 8 3.75467 0.0435854 0.887533 0.0013528 0.0134602 3.53206 0.85878 0.508291 0.40963 0.09964 0.842063 0 0 8 3.74596 0.0507186  0 0 7 3.42382 0.0540693  0 1 8 2.85327 1.41324  0 2 8 2.73731 1.59728  0 1 7 2.24332 1.47434 
5000 5 0 3 0 0 8 3.75826 0.0528919 0.913679 0.00134269 0.0133596 3.53206 0.85878 0.553259 0.36782 0.09964 0.842063 0 0 8 3.74596 0.0507186  0 0 7 3.42382 0.0540693  0 1 8 2.85327 1.41324  0 0 6 2.76296 1.6077  0 2 8 2.73731 1.59728 
5500 5 0 3 0 0 8 3.75826 0.0528919 0.931771 0.00134269 0.0133596 3.53206 0.85878 0.553259 0.36782 0.09964 0.842063 0 0 8 3.74596 0.0507186  0 0 7 3.42382 0.0540693  0 1 8 2.85327 1.41324  0 0 6 2.76296 1.6077  0 2 8 2.73731 1.59728 
6000 0 0 8 0 0 8 3.75862 0.0472681 0.954771 3.65851 0.518162 3.65851 0.518162 0.0684481 0.858284 0.0861073 0.851703 0 0 8 3.75862 0.0472681  0 0 7 3.42382 0.0540693  0 1 8 3.02645 1.10151  0 0 6 2.76296 1.6077  0 2 8 2.73731 1.59728 
6500 0 0 8 0 0 8 3.75862 0.0472681 0.972085 3.65851 0.518162 3.65851 0.518162 0.0684481 0.858284 0.0861073 0.851703 0 0 8 3.75862 0.0472681  0 0 7 3.42382 0.0540693  0 1 8 3.02645 1.10151  0 0 6 2.76296 1.6077  0 2 8 2.73731 1.59728 
7000 1 0 7 0 0 8 3.75992 0.048693 0.988637 0.00160492 0.0159688 3.65851 0.518162 0.196541 0.730959 0.0861073 0.851703 0 0 8 3.75862 0.0472681  0 0 7 3.42382 0.0540693  0 1 8 3.04285 1.20784  0 0 6 2.76296 1.6077  0 2 8 2.73731 1.59728 
7500 1 0 7 0 0 8 3.75992 0.048693 1.00023 0.00160492 0.0159688 3.65851 0.518162 0.196541 0.730959 0.0861073 0.851703 0 0 8 3.75862 0.0472681  0 0 7 3.42382 0.0540693  0 1 8 3.04285 1.20784  0 0 6 2.76296 1.6077  0 2 8 2.73731 1.59728 
8000 1 0 7 0 0 8 3.75992 0.048693 1.02562 0.00160492 0.0159688 3.65851 0.518162 0.196541 0.730959 0.0861073 0.851703 0 0 8 3.75862 0.0472681  0 0 7 3.42382 0.0540693  0 1 8 3.12012 1.37781  0 2 8 2.80014 1.5995  0 0 6 2.76296 1.6077 
8500 1 0 7 0 0 8 3.75992 0.048693 1.03921 0.00160492 0.0159688 3.65851 0.518162 0.196541 0.730959 0.0861073 0.851703 0 0 8 3.75862 0.0472681  0 0 7 3.42382 0.0540693  0 1 8 3.12012 1.37781  0 2 8 2.80239 1.60743  0 0 6 2.76296 1.6077 
9000 1 0 7 0 0 8 3.75992 0.048693 1.05427 0.00160492 0.0159688 3.65851 0.518162 0.196541 0.730959 0.0861073 0.851703 0 0 8 3.75862 0.0472681  0 0 7 3.42382 0.0540693  0 1 8 3.23175 1.252  0 2 8 2.80239 1.60743  0 0 6 2.76296 1.6077 
9500 2 0 7 0 0 8 3.7788 0.046399 1.06079 0.0751164 0.48044 3.65851 0.518162 0.20813 0.723469 0.0861073 0.851703 0 0 8 3.75862 0.0472681  0 0 7 3.42382 0.0540693  0 1 8 3.23175 1.252  0 2 8 2.80239 1.60743  0 0 6 2.76296 1.6077 
10000 2 0 7 0 0 8 3.7788 0.046399 1.07277 0.0751164 0.48044 3.65851 0.518162 0.20813 0.723469 0.0861073 0.851703 0 0 8 3.75862 0.0472681  0 0 9 3.64808 0.0457782  0 0 7 3.42382 0.0540693  0 1 8 3.23175 1.252  0 2 8 2.80239 1.60743 
10500 2 0 7 0 0 8 3.7788 0.046399 1.0805 0.0751164 0.48044 3.65851 0.518162 0.20813 0.723469 0.0861073 0.851703 0 0 8 3.75862 0.0472681  0 0 9 3.64808 0.0457782  0 0 7 3.42382 0.0540693  0 1 8 3.23175 1.252  0 2 8 2.80239 1.60743 
11000 2 0 7 0 0 8 3.7788 0.046399 1.09983 0.0751164 0.48044 3.65851 0.518162 0.20813 0.723469 0.0861073 0.851703 0 0 8 3.75862 0.0472681  0 0 9 3.64808 0.0457782  0 0 7 3.42382 0.0540693  0 1 8 3.23175 1.252  0 2 8 2.80239 1.60743 
11500 2 0 7 0 0 8 3.7788 0.046399 1.11096 0.0751164 0.48044 3.65851 0.518162 0.20813 0.723469 0.0861073 0.851703 0 0 8 3.75862 0.0472681  0 0 9 3.64808 0.0457782  0 0 7 3.42382 0.0540693  0 1 8 3.23175 1.252  0 2 8 2.80239 1.60743 
12000 2 0 7 0 0 8 3.7834 0.047476 1.11714 0.00548867 0.0399245 3.65851 0.518162 0.201704 0.731772 0.0861073 0.851703 0 0 8 3.75862 0.0472681  0 0 9 3.64808 0.0457782  0 0 7 3.42382 0.0540693  0 1 8 3.23175 1.252  0 2 8 2.80239 1.60743 
12500 2 0 7 0 0 8 3.7834 0.047476 1.12837 0.00548867 0.0399245 3.65851 0.518162 0.201704 0.731772 0.0861073 0.851703 0 0 8 3.75862 0.0472681  0 0 9 3.64808 0.0457782  0 0 7 3.42382 0.0540693  0 1 8 3.30761 1.17274  0 2 8 2.80239 1.60743 
13000 2 0 7 0 0 9 3.7834 0.047476 1.1353 0.00548867 0.0399245 3.59147 0.510346 0.201704 0.731772 0.0402814 0.888135 0 0 8 3.75909 0.0523473  0 0 9 3.64808 0.0457782  0 0 7 3.49109 0.519565  0 1 8 3.30761 1.17274  0 2 8 2.80239 1.60743 
13500 2 0 7 0 0 9 3.7834 0.047476 1.14373 0.00548867 0.0399245 3.59147 0.510346 0.201704 0.731772 0.0402814 0.888135 0 0 8 3.75909 0.0523473  0 0 9 3.64808 0.0457782  0 0 7 3.49109 0.519565  0 1 8 3.30761 1.17274  0 2 8 2.91746 1.50477 
14000 1 0 7 0 0 9 3.78518 0.0470969 1.14567 0.00588511 0.040116 3.59147 0.510346 0.19156 0.743703 0.0402814 0.888135 0 0 8 3.75909 0.0523473  0 0 9 3.64808 0.0457782  0 0 7 3.49109 0.519565  0 1 8 3.30761 1.17274  0 2 8 2.91746 1.50477 
14500 1 0 7 0 0 9 3.78518 0.0470969 1.15137 0.00588511 0.040116 3.59147 0.510346 0.19156 0.743703 0.0402814 0.888135 0 0 8 3.75909 0.0523473  0 0 9 3.64808 0.0457782  0 0 7 3.49109 0.519565  0 1 8 3.30761 1.17274  0 2 8 2.91746 1.50477 
15000 1 0 7 0 0 9 3.78518 0.0470969 1.16186 0.00588511 0.040116 3.59147 0.510346 0.19156 0.743703 0.0402814 0.888135 0 0 8 3.75909 0.0523473  0 0 9 3.64808 0.0457782  0 0 7 3.49109 0.519565  0 1 8 3.30761 1.17274  0 2 8 2.91746 1.50477 
15500 1 0 7 0 0 9 3.78518 0.0470969 1.16612 0.00588511 0.040116 3.59147 0.510346 0.19156 0.743703 0.0402814 0.888135 0 0 8 3.75909 0.0523473  0 0 9 3.64808 0.0457782  0 0 7 3.49109 0.519565  0 1 8 3.30761 1.17274  0 2 8 2.91746 1.50477 
16000 1 0 7 0 0 9 3.78518 0.0470969 1.16941 0.00588511 0.040116 3.59147 0.510346 0.19156 0.743703 0.0402814 0.888135 0 0 8 3.75909 0.0523473  0 0 9 3.64808 0.0457782  0 0 7 3.49109 0.519565  0 1 8 3.30761 1.17274  0 2 8 2.91746 1.50477 
16500 1 0 7 0 0 9 3.78518 0.0470969 1.17247 0.00588511 0.040116 3.59147 0.510346 0.19156 0.743703 0.0402814 0.888135 0 0 8 3.75909 0.0523473  0 0 9 3.64808 0.0457782  0 0 7 3.49109 0.519565  0 1 8 3.30761 1.17274  0 2 8 2.91746 1.50477 
17000 1 0 7 0 0 9 3.78518 0.0470969 1.176 0.00588511 0.040116 3.59147 0.510346 0.19156 0.743703 0.0402814 0.888135 0 0 8 3.75909 0.0523473  0 0 9 3.64808 0.0457782  0 0 7 3.49109 0.519565  0 1 8 3.30761 1.17274  0 2 8 2.91746 1.50477 
17500 1 0 7 0 0 9 3.78518 0.0470969 1.18105 0.00588511 0.040116 3.59147 0.510346 0.19156 0.743703 0.0402814 0.888135 0 0 8 3.75909 0.0523473  0 0 9 3.64808 0.0457782  0 0 7 3.49109 0.519565  0 1 8 3.30761 1.17274  0 2 8 2.91746 1.50477 
18000 1 0 7 0 0 9 3.78518 0.0470969 1.18482 0.00588511 0.040116 3.59147 0.510346 0.19156 0.743703 0.0402814 0.888135 0 0 8 3.75909 0.0523473  0 0 9 3.64808 0.0457782  0 0 7 3.49109 0.519565  0 1 8 3.30761 1.17274  0 0 6 2.92955 1.49903 
18500 1 0 7 0 0 9 3.78518 0.0470969 1.18687 0.00588511 0.040116 3.59147 0.510346 0.19156 0.743703 0.0402814 0.888135 0 0 8 3.75909 0.0523473  0 0 9 3.64808 0.0457782  0 0 7 3.49109 0.519565  0 1 8 3.30761 1.17274  0 0 6 2.92955 1.49903 
19000 1 0 7 0 0 9 3.78518 0.0470969 1.19197 0.00588511 0.040116 3.59147 0.510346 0.19156 0.743703 0.0402814 0.888135 0 0 8 3.76051 0.0576003  0 0 9 3.64808 0.0457782  0 0 7 3.49109 0.519565  0 1 8 3.30761 1.17274  0 0 6 2.92955 1.49903 
19500 1 0 7 0 0 9 3.78518 0.0470969 1.19475 0.00588511 0.040116 3.59147 0.510346 0.19156 0.743703 0.0402814 0.888135 0 0 8 3.76051 0.0576003  0 0 9 3.64808 0.0457782  0 0 7 3.49109 0.519565  0 1 8 3.30761 1.17274  0 0 6 2.92955 1.49903 
20000 1 0 7 0 0 9 3.78518 0.0470969 1.19953 0.00588511 0.040116 3.59147 0.510346 0.19156 0.743703 0.0402814 0.888135 0 0 8 3.76051 0.0576003  0 0 9 3.64808 0.0457782  0 0 7 3.49109 0.519565  0 1 8 3.30761 1.17274  0 0 6 2.92955 1.49903 
