500 3 0 10 0 0 12 2.89072 0.0307781 0.0363861 0.000627245 0.0130145 0.441669 1.18169 0.246806 0.670543 0.0521406 0.91574 0 0 2 0.253904 0.831469  0 0 3 0.176543 0.702609  0 0 1 0.0854366 0.493654  0 0 14 0.0434722 0.155833  0 0 12 0.0426129 0.296729 
1000 10 0 3 0 0 12 3.22205 0.348234 0.0676074 0.00140023 0.0139321 0.194123 0.379035 0.723069 0.202422 0.0747858 0.692364 0 0 12 0.830384 0.128178  0 1 4 0.341722 0.889442  0 0 9 0.324854 0.942557  0 0 2 0.253904 0.831469  0 0 3 0.176543 0.702609 
1500 6 0 8 0 0 11 3.3611 0.0421905 0.108363 -0.00101649 0.0127514 0.283968 0.340284 0.412946 0.546724 0.0556735 0.816235 0 0 12 0.830384 0.128178  0 1 4 0.341722 0.889442  0 0 9 0.324854 0.942557  0 0 2 0.253904 0.831469  0 0 11 0.191008 0.192589 
2000 9 0 4 0 0 11 3.3883 0.0436686 0.150165 0.0366884 0.334482 0.791285 1.49626 0.643584 0.302885 0.0301733 0.794962 0 0 12 0.830384 0.128178  0 0 11 0.50442 1.25025  0 0 3 0.394931 1.10236  0 1 4 0.341722 0.889442  0 0 6 0.334894 0.921225 
2500 12 0 1 0 0 10 3.59951 0.0424587 0.2067 0.00132233 0.0120958 2.2376 0.723824 0.812011 0.0973096 0.217763 0.679768 0 0 12 0.830384 0.128178  0 0 3 0.7699 1.41143  0 0 10 0.649439 1.07593  0 0 11 0.50442 1.25025  0 0 6 0.47171 1.12981 
3000 5 0 8 0 0 10 3.66783 0.0452875 0.265864 -0.00121957 0.0118808 2.2376 0.723824 0.377628 0.567337 0.217763 0.679768 0 0 5 1.0791 1.5155  0 0 12 0.975235 1.58266  0 0 4 0.943931 1.5041  0 0 3 0.7699 1.41143  0 0 10 0.649439 1.07593 
3500 5 0 8 0 0 9 3.66783 0.0452875 0.315018 -0.00121957 0.0118808 2.45892 0.32877 0.377628 0.567337 0.369294 0.561307 0 1 12 1.59372 1.06625  0 0 5 1.42379 1.76359  0 0 12 0.975235 1.58266  0 0 4 0.943931 1.5041  0 0 9 0.888881 1.18218 
4000 9 0 4 0 1 12 3.67141 0.0556762 0.354081 0.00425955 0.0290181 2.25436 0.58276 0.644489 0.285605 0.0858559 0.798331 0 0 13 2.49003 0.0500394  0 1 12 1.59372 1.06625  0 0 5 1.42379 1.76359  0 1 11 1.30471 1.60119  0 0 12 0.975235 1.58266 
4500 9 0 4 0 1 12 3.67141 0.0556762 0.384016 0.00425955 0.0290181 2.25436 0.58276 0.644489 0.285605 0.0858559 0.798331 0 0 13 2.57731 0.262223  0 1 12 1.59372 1.06625  0 0 5 1.42379 1.76359  0 0 12 1.37221 1.76149  0 1 11 1.30471 1.60119 
5000 9 0 4 0 1 12 3.67141 0.0556762 0.41758 0.00425955 0.0290181 2.25436 0.58276 0.644489 0.285605 0.0858559 0.798331 0 0 13 2.57731 0.262223  0 0 11 2.16531 0.0337163  0 0 12 2.15894 0.0327407  0 1 12 1.59372 1.06625  0 0 5 1.42379 1.76359 
5500 11 0 2 0 1 12 3.73339 0.0509335 0.449741 -0.00196283 0.0106443 2.25436 0.58276 0.739774 0.186779 0.0858559 0.798331 0 0 13 2.57731 0.262223  0 0 11 2.16531 0.0337163  0 0 12 2.15894 0.0327407  0 1 12 1.59372 1.06625  0 0 5 1.42379 1.76359 
6000 0 0 13 0 1 11 3.74991 0.0473174 0.483006 -0.00234461 0.00926348 2.41159 0.854109 0.0528605 0.868883 0.0258007 0.805922 0 0 13 3.74991 0.0473174  0 1 11 2.25668 0.664698  0 0 11 2.16531 0.0337163  0 0 12 2.15894 0.0327407  0 1 12 1.59372 1.06625 
6500 0 0 13 0 1 11 3.74991 0.0473174 0.519922 -0.00234461 0.00926348 2.41159 0.854109 0.0528605 0.868883 0.0258007 0.805922 0 0 13 3.74991 0.0473174  0 1 11 2.25668 0.664698  0 0 11 2.16531 0.0337163  0 0 12 2.15894 0.0327407  0 0 9 1.92873 1.71624 
7000 0 0 13 0 1 11 3.74991 0.0473174 0.5552 -0.00234461 0.00926348 2.41159 0.854109 0.0528605 0.868883 0.0258007 0.805922 0 0 13 3.74991 0.0473174  0 0 12 3.70852 0.150195  0 1 11 2.25668 0.664698  0 0 11 2.16531 0.0337163  0 1 12 2.02876 1.06925 
7500 0 0 13 0 1 11 3.74991 0.0473174 0.580311 -0.00234461 0.00926348 2.41159 0.854109 0.0528605 0.868883 0.0258007 0.805922 0 0 13 3.74991 0.0473174  0 0 12 3.70852 0.150195  0 1 11 2.25668 0.664698  0 0 11 2.16531 0.0337163  0 1 12 2.02876 1.06925 
8000 0 0 13 0 1 11 3.74991 0.0473174 0.609126 -0.00234461 0.00926348 2.41159 0.854109 0.0528605 0.868883 0.0258007 0.805922 0 0 13 3.74991 0.0473174  0 0 12 3.70852 0.150195  0 0 8 2.49364 1.70695  0 1 11 2.25668 0.664698  0 0 11 2.16531 0.0337163 
8500 0 0 13 0 1 11 3.74991 0.0473174 0.627928 -0.00234461 0.00926348 2.41159 0.854109 0.0528605 0.868883 0.0258007 0.805922 0 0 13 3.74991 0.0473174  0 0 12 3.70852 0.150195  0 0 8 2.49364 1.70695  0 1 11 2.25668 0.664698  0 0 11 2.16531 0.0337163 
9000 0 0 13 0 0 11 3.74991 0.0473174 0.650876 -0.00234461 0.00926348 3.30647 0.358713 0.0528605 0.868883 0.130845 0.772151 0 0 13 3.74991 0.0473174  0 0 12 3.71453 0.0399437  0 0 11 2.84481 0.250531  0 0 8 2.49364 1.70695  0 1 11 2.25668 0.664698 
9500 0 0 13 0 0 11 3.74991 0.0473174 0.666724 -0.00234461 0.00926348 3.30647 0.358713 0.0528605 0.868883 0.130845 0.772151 0 0 13 3.74991 0.0473174  0 0 12 3.71453 0.0399437  0 0 11 2.84481 0.250531  0 0 8 2.49364 1.70695  0 1 11 2.25668 0.664698 
10000 1 0 12 0 0 11 3.75747 0.0474544 0.683965 -0.00196905 0.0090917 3.30647 0.358713 0.103368 0.821042 0.130845 0.772151 0 0 13 3.74991 0.0473174  0 0 12 3.72779 0.0523604  0 0 11 2.84481 0.250531  0 0 8 2.49364 1.70695  0 1 11 2.25668 0.664698 
10500 1 0 12 0 0 11 3.75747 0.0474544 0.699234 -0.00196905 0.0090917 3.30647 0.358713 0.103368 0.821042 0.130845 0.772151 0 0 13 3.75387 0.0517389  0 0 12 3.72779 0.0523604  0 0 11 2.84481 0.250531  0 0 8 2.49364 1.70695  0 1 11 2.25668 0.664698 
11000 1 0 12 0 0 11 3.75747 0.0474544 0.718178 -0.00196905 0.0090917 3.30647 0.358713 0.103368 0.821042 0.130845 0.772151 0 0 13 3.75387 0.0517389  0 0 12 3.72779 0.0523604  0 0 11 2.84481 0.250531  0 0 8 2.49364 1.70695  0 1 11 2.25668 0.664698 
11500 1 0 12 0 0 11 3.75747 0.0474544 0.733766 -0.00196905 0.0090917 3.30647 0.358713 0.103368 0.821042 0.130845 0.772151 0 0 13 3.75387 0.0517389  0 0 12 3.7445 0.0386594  0 0 11 2.84481 0.250531  0 0 14 2.52547 0.171888  0 0 8 2.49364 1.70695 
12000 2 0 10 0 0 11 3.76443 0.0489664 0.745404 0.00150552 0.0160093 3.30647 0.358713 0.193095 0.732121 0.130845 0.772151 0 0 13 3.75504 0.0440637  0 0 12 3.7445 0.0386594  0 0 11 2.84481 0.250531  0 0 14 2.52547 0.171888  0 0 8 2.49364 1.70695 
12500 2 0 10 0 0 11 3.76443 0.0489664 0.757927 0.00150552 0.0160093 3.29021 0.364177 0.193095 0.732121 0.13277 0.766903 0 0 13 3.75504 0.0440637  0 0 12 3.74944 0.0434764  0 0 11 3.06039 0.112938  0 0 14 2.53349 0.0642838  0 0 8 2.49364 1.70695 
13000 2 0 10 0 0 14 3.76443 0.0489664 0.770945 0.00150552 0.0160093 2.17613 1.01398 0.193095 0.732121 0.0019389 0.925929 0 0 13 3.75504 0.0440637  0 0 12 3.74944 0.0434764  0 0 11 3.43098 0.832223  0 0 10 3.143 1.23461  0 0 14 2.53349 0.0642838 
13500 2 0 10 0 0 14 3.76443 0.0489664 0.780869 0.00150552 0.0160093 2.17613 1.01398 0.193095 0.732121 0.0019389 0.925929 0 0 13 3.75504 0.0440637  0 0 12 3.74944 0.0434764  0 0 11 3.43098 0.832223  0 0 10 3.143 1.23461  0 0 14 2.53349 0.0642838 
14000 2 0 10 0 0 14 3.76443 0.0489664 0.790368 0.00150552 0.0160093 2.17613 1.01398 0.193095 0.732121 0.0019389 0.925929 0 0 13 3.75504 0.0440637  0 0 12 3.74944 0.0434764  0 0 11 3.43098 0.832223  0 0 10 3.143 1.23461  0 0 14 2.53349 0.0642838 
14500 2 0 11 0 0 14 3.77655 0.0494547 0.803763 0.0015067 0.0160085 2.65572 1.35603 0.162919 0.768274 0.00238994 0.927812 0 0 13 3.75504 0.0440637  0 0 12 3.74944 0.0434764  0 0 11 3.43098 0.832223  0 0 14 3.29671 0.0729733  0 0 10 3.143 1.23461 
15000 2 0 11 0 0 14 3.77655 0.0494547 0.818316 0.0015067 0.0160085 2.65572 1.35603 0.162919 0.768274 0.00238994 0.927812 0 0 13 3.75504 0.0440637  0 0 12 3.74944 0.0434764  0 0 11 3.43098 0.832223  0 0 14 3.29671 0.0729733  0 0 10 3.143 1.23461 
15500 2 0 11 0 0 14 3.77655 0.0494547 0.829518 0.0015067 0.0160085 2.65572 1.35603 0.162919 0.768274 0.00238994 0.927812 0 0 13 3.75504 0.0440637  0 0 12 3.74944 0.0434764  0 0 11 3.43098 0.832223  0 0 14 3.29671 0.0729733  0 0 10 3.143 1.23461 
16000 2 0 11 0 0 14 3.77655 0.0494547 0.838931 0.0015067 0.0160085 2.65572 1.35603 0.162919 0.768274 0.00238994 0.927812 0 0 13 3.75504 0.0440637  0 0 12 3.74944 0.0434764  0 0 11 3.43098 0.832223  0 0 14 3.29671 0.0729733  0 0 10 3.143 1.23461 
16500 2 0 11 0 0 14 3.77655 0.0494547 0.848394 0.0015067 0.0160085 2.65572 1.35603 0.162919 0.768274 0.00238994 0.927812 0 0 13 3.75504 0.0440637  0 0 12 3.74944 0.0434764  0 0 11 3.43098 0.832223  0 0 14 3.29671 0.0729733  0 0 10 3.143 1.23461 
17000 2 0 11 0 0 14 3.77655 0.0494547 0.855094 0.0015067 0.0160085 2.65572 1.35603 0.162919 0.768274 0.00238994 0.927812 0 0 13 3.75613 0.0513195  0 0 12 3.74944 0.0434764  0 0 11 3.43098 0.832223  0 0 14 3.29671 0.0729733  0 0 10 3.143 1.23461 
17500 2 0 11 0 0 14 3.77655 0.0494547 0.861298 0.0015067 0.0160085 2.65572 1.35603 0.162919 0.768274 0.00238994 0.927812 0 0 13 3.75613 0.0513195  0 0 12 3.74944 0.0434764  0 0 11 3.43098 0.832223  0 0 14 3.29671 0.0729733  0 0 10 3.143 1.23461 
18000 2 0 11 0 0 14 3.77655 0.0494547 0.869992 0.0015067 0.0160085 2.65572 1.35603 0.162919 0.768274 0.00238994 0.927812 0 0 13 3.75613 0.0513195  0 0 12 3.74944 0.0434764  0 0 11 3.43098 0.832223  0 0 14 3.29671 0.0729733  0 0 10 3.143 1.23461 
18500 2 0 11 0 0 14 3.77655 0.0494547 0.877845 0.0015067 0.0160085 2.65572 1.35603 0.162919 0.768274 0.00238994 0.927812 0 0 13 3.75613 0.0513195  0 0 12 3.74944 0.0434764  0 0 11 3.43098 0.832223  0 0 14 3.29671 0.0729733  0 0 10 3.143 1.23461 
19000 2 0 11 0 0 14 3.77655 0.0494547 0.884721 0.0015067 0.0160085 2.65572 1.35603 0.162919 0.768274 0.00238994 0.927812 0 0 13 3.75931 0.0521441  0 0 12 3.74944 0.0434764  0 0 11 3.43098 0.832223  0 0 14 3.29671 0.0729733  0 0 10 3.143 1.23461 
19500 2 0 11 0 0 14 3.77655 0.0494547 0.891288 0.0015067 0.0160085 2.65572 1.35603 0.162919 0.768274 0.00238994 0.927812 0 0 13 3.75931 0.0521441  0 0 12 3.74944 0.0434764  0 0 11 3.43098 0.832223  0 0 14 3.29671 0.0729733  0 0 10 3.143 1.23461 
20000 2 0 11 0 0 14 3.77655 0.0494547 0.899566 0.0015067 0.0160085 2.65572 1.35603 0.162919 0.768274 0.00238994 0.927812 0 0 13 3.75931 0.0521441  0 0 12 3.75103 0.0449099  0 0 11 3.43098 0.832223  0 0 14 3.29671 0.0729733  0 0 10 3.143 1.23461 
