500 12 0 16 0 26 29 0.64965 0.151939 0.00363595 0.10579 0.302292 0.00160492 0.0159688 0.431459 0.534708 0.984818 0.751793 0 26 29 0.0341637 0.165291  0 17 26 0.0335968 0.146249  0 14 28 0.0239033 0.11935  0 24 29 0.0210123 0.103921  0 13 25 0.0170285 0.0889741 
1000 13 2 15 0 26 29 2.51572 0.748463 0.00524491 0.0016304 0.00991071 0.00160492 0.0159688 0.433841 0.531905 0.984818 0.751793 0 26 29 0.0341637 0.165291  0 17 26 0.0335968 0.146249  0 19 29 0.0240355 0.1159  0 14 28 0.0239033 0.11935  0 24 29 0.022708 0.113744 
1500 22 0 4 0 26 29 3.35695 0.0477501 0.0081259 0.31198 0.983579 0.00160492 0.0159688 0.764921 0.141415 0.984818 0.751793 0 26 29 0.0341637 0.165291  0 17 26 0.0335968 0.146249  0 19 29 0.0240355 0.1159  0 11 26 0.0239207 0.204351  0 14 28 0.0239033 0.11935 
2000 22 0 4 0 0 26 3.35695 0.0477501 0.0102975 0.31198 0.983579 0.45562 0.909026 0.764921 0.141415 0.105539 0.900688 0 6 19 0.0912428 0.543621  0 26 29 0.0341637 0.165291  0 17 26 0.0335968 0.146249  0 23 29 0.029842 0.179149  0 0 26 0.028966 0.141376 
2500 22 0 4 0 1 28 3.35695 0.0477501 0.0120199 0.31198 0.983579 1.11751 1.14883 0.764921 0.141415 0.0124812 0.941658 0 3 12 0.256708 0.845682  0 1 28 0.195425 0.521685  0 2 6 0.124631 0.398855  0 6 19 0.0912428 0.543621  0 26 29 0.0341637 0.165291 
3000 22 0 4 0 1 28 3.35695 0.0477501 0.014644 0.31198 0.983579 1.11751 1.14883 0.764921 0.141415 0.0124812 0.941658 0 0 20 0.292726 0.822673  0 3 12 0.256708 0.845682  0 1 28 0.195425 0.521685  0 2 6 0.124631 0.398855  0 6 19 0.0912428 0.543621 
3500 14 0 14 0 1 28 3.4258 0.0393405 0.0168167 0.000276611 0.0214771 1.11751 1.14883 0.477413 0.489254 0.0124812 0.941658 0 0 26 0.769407 0.166547  0 0 20 0.292726 0.822673  0 3 12 0.256708 0.845682  0 1 28 0.195425 0.521685  0 0 22 0.184946 0.549293 
4000 14 0 14 0 1 28 3.4258 0.0393405 0.0190409 0.000276611 0.0214771 1.11751 1.14883 0.477413 0.489254 0.0124812 0.941658 0 0 26 0.769407 0.166547  0 0 15 0.499608 1.1905  0 0 20 0.292726 0.822673  0 3 12 0.256708 0.845682  0 1 28 0.195425 0.521685 
4500 26 0 1 0 1 28 3.45948 0.101286 0.0213177 0.00143303 0.0115483 1.11751 1.14883 0.867476 0.0368217 0.0124812 0.941658 0 0 26 0.769407 0.166547  0 0 15 0.499608 1.1905  0 0 20 0.292726 0.822673  0 3 12 0.256708 0.845682  0 1 28 0.195425 0.521685 
5000 26 0 1 0 2 21 3.45948 0.101286 0.0232149 0.00143303 0.0115483 2.50051 1.1282 0.867476 0.0368217 0.346697 0.723292 0 0 26 0.769407 0.166547  0 0 15 0.499608 1.1905  0 0 20 0.292726 0.822673  0 3 12 0.256708 0.845682  0 2 21 0.197096 0.755129 
5500 12 0 15 0 3 12 3.51273 0.0587477 0.0253449 0.257238 0.926364 0.269197 0.874313 0.414097 0.526447 0.27576 0.284463 0 0 26 0.769407 0.166547  0 0 15 0.499608 1.1905  0 0 25 0.42225 0.776525  0 0 20 0.292726 0.822673  0 3 12 0.256708 0.845682 
6000 12 0 15 0 0 25 3.51273 0.0587477 0.029237 0.257238 0.926364 0.169136 0.350558 0.414097 0.526447 0.0369999 0.781857 0 0 26 0.769407 0.166547  0 0 21 0.591287 0.903792  0 0 25 0.547634 0.269338  0 0 15 0.499608 1.1905  0 0 9 0.324323 0.995844 
6500 13 0 14 0 0 25 3.58265 0.0418651 0.0317702 0.00160492 0.0159688 0.169136 0.350558 0.453007 0.495734 0.0369999 0.781857 0 0 26 0.769407 0.166547  0 0 21 0.591287 0.903792  0 0 25 0.547634 0.269338  0 0 15 0.499608 1.1905  0 0 9 0.324323 0.995844 
7000 17 0 10 0 0 25 3.6834 0.046166 0.0346334 0.00160492 0.0159688 0.169136 0.350558 0.582214 0.360664 0.0369999 0.781857 0 0 26 0.769407 0.166547  0 0 21 0.591287 0.903792  0 0 25 0.547634 0.269338  0 0 15 0.499608 1.1905  0 0 9 0.324323 0.995844 
7500 12 0 15 0 0 25 3.6869 0.0508328 0.0385313 -0.000396197 0.0235946 0.169136 0.350558 0.425449 0.500689 0.0369999 0.781857 0 0 26 0.769407 0.166547  0 0 21 0.591287 0.903792  0 0 25 0.547634 0.269338  0 0 15 0.499608 1.1905  0 0 9 0.324323 0.995844 
8000 12 0 15 0 4 21 3.6869 0.0508328 0.0428911 -0.000396197 0.0235946 0.688513 1.26517 0.425449 0.500689 0.0583501 0.909327 0 0 26 0.769407 0.166547  0 0 21 0.591287 0.903792  0 0 25 0.547634 0.269338  0 0 15 0.499608 1.1905  0 4 21 0.356614 0.949814 
8500 12 0 15 0 8 24 3.6869 0.0508328 0.0470462 -0.000396197 0.0235946 0.776639 1.42281 0.425449 0.500689 0.0357026 0.904499 0 0 26 0.769407 0.166547  0 0 21 0.591287 0.903792  0 0 25 0.547634 0.269338  0 0 15 0.499608 1.1905  0 8 24 0.422195 1.06826 
9000 3 0 24 0 0 25 3.74207 0.0429307 0.0527128 0.00150591 0.016009 0.169136 0.350558 0.108918 0.811275 0.0369999 0.781857 0 0 26 0.769407 0.166547  0 0 21 0.591287 0.903792  0 0 25 0.547634 0.269338  0 0 15 0.499608 1.1905  0 0 18 0.473047 1.14 
9500 3 0 24 0 0 26 3.74207 0.0429307 0.0589396 0.00150591 0.016009 0.150615 0.348631 0.108918 0.811275 0.00868003 0.857424 0 0 26 0.769407 0.166547  0 0 25 0.646456 0.589578  0 0 21 0.591287 0.903792  0 0 15 0.499608 1.1905  0 0 18 0.473047 1.14 
10000 3 0 24 0 5 23 3.74207 0.0429307 0.0652438 0.00150591 0.016009 1.96406 1.61186 0.108918 0.811275 0.218855 0.835617 0 0 26 0.769407 0.166547  0 0 25 0.646456 0.589578  0 0 21 0.591287 0.903792  0 5 23 0.539439 1.18574  0 0 15 0.499608 1.1905 
10500 3 0 24 0 5 23 3.74207 0.0429307 0.0735109 0.00150591 0.016009 1.96406 1.61186 0.108918 0.811275 0.218855 0.835617 0 0 26 0.769407 0.166547  0 0 25 0.646456 0.589578  0 2 18 0.621944 1.37932  0 0 21 0.591287 0.903792  0 5 23 0.539439 1.18574 
11000 3 0 24 0 8 23 3.74207 0.0429307 0.0811469 0.00150591 0.016009 0.201209 0.762362 0.108918 0.811275 0.0129965 0.805782 0 4 20 0.820746 1.03633  0 0 26 0.769407 0.166547  0 0 25 0.646456 0.589578  0 2 18 0.621944 1.37932  0 8 23 0.6061 1.23335 
11500 3 0 24 0 8 23 3.74207 0.0429307 0.0886095 0.00150591 0.016009 0.201209 0.762362 0.108918 0.811275 0.0129965 0.805782 0 4 20 0.820746 1.03633  0 0 26 0.769407 0.166547  0 0 25 0.646456 0.589578  0 2 18 0.621944 1.37932  0 8 23 0.6061 1.23335 
12000 1 0 26 0 0 20 3.75732 0.0459693 0.0988087 3.65553 0.51629 1.57106 1.66497 0.048972 0.876241 0.0746817 0.868978 0 3 23 1.18543 1.66426  0 4 20 0.820746 1.03633  0 0 26 0.769407 0.166547  0 0 20 0.727518 1.36189  0 1 18 0.646574 1.29449 
12500 1 0 26 0 3 23 3.75732 0.0459693 0.108103 3.65553 0.51629 0.847558 1.55574 0.048972 0.876241 0.0311855 0.93613 0 3 23 1.18543 1.66426  0 0 25 1.13287 0.0482106  0 5 12 0.941924 1.54858  0 4 20 0.820746 1.03633  0 0 26 0.769407 0.166547 
13000 5 0 22 0 0 24 3.76789 0.0457774 0.118466 0.00154506 0.0159859 3.06184 0.840068 0.190939 0.736524 0.0340468 0.842637 0 0 24 2.83563 0.942099  0 1 24 1.5264 1.34604  0 3 23 1.18543 1.66426  0 0 25 1.13287 0.0482106  0 5 12 0.941924 1.54858 
13500 5 0 22 0 0 24 3.76789 0.0457774 0.128886 0.00154506 0.0159859 3.06184 0.840068 0.190939 0.736524 0.0340468 0.842637 0 0 24 2.83563 0.942099  0 1 24 1.5264 1.34604  0 3 23 1.18543 1.66426  0 0 25 1.13287 0.0482106  0 5 12 0.941924 1.54858 
14000 5 0 22 0 0 24 3.76789 0.0457774 0.139122 0.00154506 0.0159859 3.06184 0.840068 0.190939 0.736524 0.0340468 0.842637 0 0 24 2.83563 0.942099  0 6 18 1.69019 1.83077  0 1 24 1.5264 1.34604  0 3 23 1.18543 1.66426  0 0 25 1.13287 0.0482106 
14500 5 0 22 0 0 24 3.76789 0.0457774 0.149837 0.00154506 0.0159859 3.06184 0.840068 0.190939 0.736524 0.0340468 0.842637 0 0 24 2.83563 0.942099  0 6 18 1.69019 1.83077  0 1 24 1.5264 1.34604  0 0 17 1.30399 1.77725  0 3 23 1.18543 1.66426 
15000 5 0 22 0 0 24 3.76789 0.0457774 0.161639 0.00154506 0.0159859 3.06184 0.840068 0.190939 0.736524 0.0340468 0.842637 0 0 24 2.83563 0.942099  0 0 25 1.82896 0.191368  0 6 18 1.69019 1.83077  0 1 24 1.5264 1.34604  0 0 17 1.30399 1.77725 
15500 5 0 22 0 0 24 3.76789 0.0457774 0.172627 0.00154506 0.0159859 3.06184 0.840068 0.190939 0.736524 0.0340468 0.842637 0 0 24 2.83563 0.942099  0 1 25 2.68544 0.286958  0 0 25 1.82896 0.191368  0 6 18 1.69019 1.83077  0 1 24 1.5264 1.34604 
16000 5 0 22 0 0 24 3.76789 0.0457774 0.183123 0.00154506 0.0159859 3.06184 0.840068 0.190939 0.736524 0.0340468 0.842637 0 0 24 2.83563 0.942099  0 1 25 2.68544 0.286958  0 0 25 1.82896 0.191368  0 6 18 1.69019 1.83077  0 1 24 1.5264 1.34604 
16500 5 0 22 0 0 24 3.76789 0.0457774 0.194675 0.00154506 0.0159859 3.06184 0.840068 0.190939 0.736524 0.0340468 0.842637 0 0 24 2.83563 0.942099  0 1 25 2.68544 0.286958  0 0 25 1.82896 0.191368  0 6 18 1.69019 1.83077  0 1 24 1.5264 1.34604 
17000 5 0 22 0 0 24 3.76789 0.0457774 0.205155 0.00154506 0.0159859 3.06184 0.840068 0.190939 0.736524 0.0340468 0.842637 0 0 24 2.83563 0.942099  0 1 25 2.68544 0.286958  0 1 24 2.60474 0.904868  0 0 25 1.82896 0.191368  0 6 18 1.69019 1.83077 
17500 5 0 22 0 0 24 3.76789 0.0457774 0.21741 0.00154506 0.0159859 3.06184 0.840068 0.190939 0.736524 0.0340468 0.842637 0 0 24 2.83563 0.942099  0 1 25 2.68544 0.286958  0 1 24 2.60474 0.904868  0 0 25 1.82896 0.191368  0 6 18 1.69019 1.83077 
18000 5 0 22 0 0 24 3.76789 0.0457774 0.228698 0.00154506 0.0159859 3.06184 0.840068 0.190939 0.736524 0.0340468 0.842637 0 0 24 2.83563 0.942099  0 1 25 2.68544 0.286958  0 1 24 2.60474 0.904868  0 0 25 1.82896 0.191368  0 6 18 1.69019 1.83077 
18500 5 0 22 0 0 24 3.76789 0.0457774 0.240968 0.00154506 0.0159859 3.06184 0.840068 0.190939 0.736524 0.0340468 0.842637 0 0 24 2.83563 0.942099  0 1 25 2.68544 0.286958  0 1 24 2.60474 0.904868  0 0 25 1.82896 0.191368  0 0 14 1.7664 1.84769 
19000 5 0 22 0 0 24 3.76789 0.0457774 0.251907 0.00154506 0.0159859 3.06184 0.840068 0.190939 0.736524 0.0340468 0.842637 0 0 24 2.83563 0.942099  0 1 25 2.68544 0.286958  0 1 24 2.60474 0.904868  0 0 25 1.82896 0.191368  0 0 14 1.7664 1.84769 
19500 5 0 22 0 0 24 3.76789 0.0457774 0.263266 0.00154506 0.0159859 3.06184 0.840068 0.190939 0.736524 0.0340468 0.842637 0 0 24 2.83563 0.942099  0 1 25 2.68544 0.286958  0 1 24 2.60474 0.904868  0 1 22 1.83832 1.37959  0 0 25 1.82896 0.191368 
20000 5 0 22 0 0 24 3.76789 0.0457774 0.275583 0.00154506 0.0159859 3.06184 0.840068 0.190939 0.736524 0.0340468 0.842637 0 0 24 2.83563 0.942099  0 1 25 2.68544 0.286958  0 1 24 2.60474 0.904868  0 1 23 2.40526 1.00167  0 3 22 2.15234 0.907072 
