500 7 0 6 0 1 9 2.11347 0.0438317 0.0185262 2.321 0.331992 1.01039 0.534194 0.510377 0.425575 0.306215 0.682919 0 1 9 0.138643 0.379202  0 0 7 0.0678298 0.26625  0 7 13 0.0486324 0.234817  0 11 14 0.0442084 0.188187  0 12 14 0.0308973 0.138864 
1000 6 0 7 0 1 9 3.47798 0.290896 0.0448783 0.00191795 0.0179354 1.01039 0.534194 0.458061 0.490336 0.306215 0.682919 0 1 10 0.156492 0.470921  0 1 9 0.138643 0.379202  0 4 11 0.0990466 0.322755  0 4 12 0.0978882 0.436878  0 5 12 0.0953142 0.1846 
1500 6 0 7 0 0 10 3.47798 0.290896 0.0609151 0.00191795 0.0179354 0.155596 0.444338 0.458061 0.490336 0.0299604 0.752244 0 0 4 0.397289 0.585847  0 0 8 0.353222 0.600578  0 0 10 0.251723 0.519248  0 0 12 0.215018 0.206309  0 0 7 0.179833 0.719107 
2000 8 0 6 0 0 6 3.52452 0.116381 0.085408 0.001536 0.0104105 0.122558 0.467086 0.545049 0.409165 0.42529 0.564167 0 2 7 0.78639 1.38147  0 0 8 0.709231 1.33343  0 0 1 0.520264 1.15275  0 0 4 0.397289 0.585847  0 0 6 0.323507 0.668107 
2500 0 0 12 0 0 8 3.68695 0.052159 0.126496 -0.00065217 0.0148505 0.00575113 0.057223 0.0636059 0.849676 0.106377 0.387394 0 0 12 3.68695 0.052159  0 2 7 0.78639 1.38147  0 0 8 0.709231 1.33343  0 0 1 0.520264 1.15275  0 1 4 0.48236 1.15205 
3000 0 0 12 0 0 10 3.68695 0.052159 0.173444 -0.00065217 0.0148505 0.00787711 0.0443589 0.0636059 0.849676 0.984564 0.00290257 0 0 12 3.68695 0.052159  0 0 6 1.05669 1.47269  0 0 10 0.911717 1.40375  0 2 7 0.78639 1.38147  0 0 8 0.709231 1.33343 
3500 0 0 12 0 0 4 3.68695 0.052159 0.225112 -0.00065217 0.0148505 0.0888986 0.54289 0.0636059 0.849676 0.218838 0.0462511 0 0 12 3.68695 0.052159  0 1 6 1.12311 1.50618  0 1 11 1.11103 1.51213  0 0 6 1.05669 1.47269  0 0 4 1.04728 1.56549 
4000 0 0 12 0 1 11 3.68695 0.052159 0.275579 -0.00065217 0.0148505 0.00427108 0.0274183 0.0636059 0.849676 0.983717 0.0021353 0 0 12 3.68695 0.052159  0 0 10 2.89001 1.50462  0 1 6 1.12311 1.50618  0 1 11 1.11103 1.51213  0 0 6 1.05669 1.47269 
4500 0 0 12 0 0 12 3.69989 0.0446115 0.327931 0.535795 1.34189 0.535795 1.34189 0.0565415 0.856225 0.0931427 0.582514 0 0 12 3.69989 0.0446115  0 0 10 2.89001 1.50462  0 1 6 1.12311 1.50618  0 9 13 1.1161 1.54518  0 1 11 1.11103 1.51213 
5000 0 0 12 0 0 12 3.69989 0.0446115 0.376143 0.535795 1.34189 0.535795 1.34189 0.0565415 0.856225 0.0931427 0.582514 0 0 12 3.69989 0.0446115  0 0 10 2.89001 1.50462  0 0 6 1.40215 1.67733  0 1 6 1.12311 1.50618  0 9 13 1.1161 1.54518 
5500 0 0 12 0 0 13 3.69989 0.0446115 0.435073 0.535795 1.34189 0.84597 0.951666 0.0565415 0.856225 0.00965838 0.858722 0 0 12 3.69989 0.0446115  0 0 10 2.89001 1.50462  0 0 13 1.83209 0.0455064  0 0 6 1.40215 1.67733  0 6 12 1.22812 1.56131 
6000 0 0 12 0 0 13 3.69989 0.0446115 0.479575 0.535795 1.34189 1.86086 0.515545 0.0565415 0.856225 0.02731 0.873956 0 0 12 3.69989 0.0446115  0 0 10 2.89001 1.50462  0 0 9 2.47328 1.72446  0 0 13 1.91782 0.0463573  0 0 6 1.40215 1.67733 
6500 0 0 12 0 0 13 3.73308 0.0477416 0.527365 0.00150798 0.0158926 1.86086 0.515545 0.055516 0.865531 0.02731 0.873956 0 0 12 3.73308 0.0477416  0 0 10 2.89001 1.50462  0 0 9 2.47328 1.72446  0 0 13 1.91782 0.0463573  0 0 8 1.67666 1.71104 
7000 0 0 12 0 0 13 3.73308 0.0477416 0.563263 0.00150798 0.0158926 1.86086 0.515545 0.055516 0.865531 0.02731 0.873956 0 0 12 3.73308 0.0477416  0 0 10 2.89001 1.50462  0 0 9 2.47328 1.72446  0 0 13 1.91782 0.0463573  0 0 8 1.67666 1.71104 
7500 0 0 12 0 0 13 3.73308 0.0477416 0.597357 0.00150798 0.0158926 3.06282 1.46303 0.055516 0.865531 0.124218 0.817495 0 0 12 3.73308 0.0477416  0 0 13 3.67739 0.463105  0 0 10 2.89001 1.50462  0 0 9 2.47328 1.72446  0 0 8 1.67666 1.71104 
8000 12 0 1 0 0 13 3.73852 0.0514583 0.633067 -0.000904298 0.00659745 2.59769 1.68413 0.814152 0.105794 0.0584222 0.846138 0 0 12 3.73308 0.0477416  0 0 13 3.68368 0.102113  0 0 10 2.89001 1.50462  0 0 9 2.47328 1.72446  0 0 8 1.81078 1.7079 
8500 12 0 1 0 0 13 3.73852 0.0514583 0.66194 -0.000904298 0.00659745 2.59769 1.68413 0.814152 0.105794 0.0584222 0.846138 0 0 12 3.73308 0.0477416  0 0 13 3.68368 0.102113  0 0 10 2.89001 1.50462  0 0 9 2.47328 1.72446  0 0 8 1.81078 1.7079 
9000 12 0 1 0 0 13 3.73852 0.0514583 0.683341 -0.000904298 0.00659745 2.59769 1.68413 0.814152 0.105794 0.0584222 0.846138 0 0 12 3.73308 0.0477416  0 0 13 3.68368 0.102113  0 0 10 2.89001 1.50462  0 0 9 2.47328 1.72446  0 0 11 2.25699 1.68014 
9500 12 0 1 0 0 13 3.75209 0.0490209 0.701109 0.000484261 0.00481834 2.59769 1.68413 0.827746 0.0951355 0.0584222 0.846138 0 0 12 3.73308 0.0477416  0 0 13 3.68368 0.102113  0 0 10 2.89001 1.50462  0 0 9 2.47328 1.72446  0 0 11 2.25699 1.68014 
10000 12 0 1 0 0 13 3.75209 0.0490209 0.717211 0.000484261 0.00481834 2.59769 1.68413 0.827746 0.0951355 0.0584222 0.846138 0 0 12 3.73308 0.0477416  0 0 13 3.68368 0.102113  0 0 10 2.89001 1.50462  0 0 9 2.47328 1.72446  0 0 11 2.25699 1.68014 
10500 12 0 1 0 0 13 3.75209 0.0490209 0.73263 0.000484261 0.00481834 2.59769 1.68413 0.827746 0.0951355 0.0584222 0.846138 0 0 12 3.73308 0.0477416  0 0 13 3.68368 0.102113  0 0 10 2.89001 1.50462  0 0 9 2.47328 1.72446  0 0 11 2.25699 1.68014 
11000 12 0 1 0 0 13 3.75209 0.0490209 0.747743 0.000484261 0.00481834 3.62724 0.496225 0.827746 0.0951355 0.0758253 0.854192 0 0 12 3.73308 0.0477416  0 0 13 3.71167 0.055705  0 0 10 2.89001 1.50462  0 0 11 2.52211 0.682828  0 0 9 2.47328 1.72446 
11500 2 0 11 0 0 13 3.75942 0.0488542 0.762293 0.00147434 0.0180632 3.62724 0.496225 0.185524 0.750767 0.0758253 0.854192 0 0 12 3.73308 0.0477416  0 0 13 3.71167 0.055705  0 0 10 2.89001 1.50462  0 0 11 2.52211 0.682828  0 0 9 2.47328 1.72446 
12000 2 0 11 0 0 13 3.75942 0.0488542 0.774908 0.00147434 0.0180632 3.62724 0.496225 0.185524 0.750767 0.0758253 0.854192 0 0 12 3.73308 0.0477416  0 0 13 3.71167 0.055705  0 0 10 2.89001 1.50462  0 0 11 2.52211 0.682828  0 0 9 2.47328 1.72446 
12500 2 0 11 0 0 13 3.75942 0.0488542 0.788802 0.00147434 0.0180632 3.62724 0.496225 0.185524 0.750767 0.0758253 0.854192 0 0 12 3.73308 0.0477416  0 0 13 3.71167 0.055705  0 0 10 2.89001 1.50462  0 0 11 2.52211 0.682828  0 0 9 2.47328 1.72446 
13000 2 0 11 0 0 13 3.75942 0.0488542 0.799573 0.00147434 0.0180632 3.62724 0.496225 0.185524 0.750767 0.0758253 0.854192 0 0 12 3.73308 0.0477416  0 0 13 3.71167 0.055705  0 0 10 2.89001 1.50462  0 1 12 2.59889 0.0523395  0 0 11 2.55748 0.614221 
13500 2 0 11 0 0 13 3.75942 0.0488542 0.807881 0.00147434 0.0180632 3.62724 0.496225 0.185524 0.750767 0.0758253 0.854192 0 0 12 3.73308 0.0477416  0 0 13 3.71167 0.055705  0 0 10 2.89001 1.50462  0 0 9 2.70805 1.64267  0 1 12 2.59889 0.0523395 
14000 9 0 4 0 0 13 3.76607 0.0528094 0.815025 0.000594919 0.0323911 3.62724 0.496225 0.631764 0.294568 0.0758253 0.854192 0 0 12 3.73308 0.0477416  0 0 13 3.71167 0.055705  0 0 10 2.89001 1.50462  0 0 9 2.70805 1.64267  0 1 12 2.59889 0.0523395 
14500 9 0 4 0 0 13 3.76607 0.0528094 0.823686 0.000594919 0.0323911 3.62724 0.496225 0.631764 0.294568 0.0758253 0.854192 0 0 12 3.73308 0.0477416  0 0 13 3.71167 0.055705  0 0 10 2.89001 1.50462  0 0 9 2.70805 1.64267  0 1 12 2.59889 0.0523395 
15000 9 0 4 0 0 13 3.76607 0.0528094 0.831286 0.000594919 0.0323911 3.62724 0.496225 0.631764 0.294568 0.0758253 0.854192 0 0 12 3.73308 0.0477416  0 0 13 3.71167 0.055705  0 0 10 2.89001 1.50462  0 0 9 2.70805 1.64267  0 1 12 2.59889 0.0523395 
15500 9 0 4 0 0 13 3.76607 0.0528094 0.840674 0.000594919 0.0323911 3.62724 0.496225 0.631764 0.294568 0.0758253 0.854192 0 0 12 3.73308 0.0477416  0 0 13 3.71486 0.0518209  0 0 10 2.89001 1.50462  0 0 9 2.70805 1.64267  0 1 12 2.59889 0.0523395 
16000 9 0 4 0 0 13 3.76607 0.0528094 0.846992 0.000594919 0.0323911 3.62724 0.496225 0.631764 0.294568 0.0758253 0.854192 0 0 12 3.73308 0.0477416  0 0 13 3.71486 0.0518209  0 0 10 2.89001 1.50462  0 0 9 2.70805 1.64267  0 1 12 2.59889 0.0523395 
16500 9 0 4 0 0 13 3.76607 0.0528094 0.85296 0.000594919 0.0323911 3.62724 0.496225 0.631764 0.294568 0.0758253 0.854192 0 0 12 3.73308 0.0477416  0 0 13 3.71486 0.0518209  0 0 10 2.89001 1.50462  0 0 9 2.70805 1.64267  0 1 12 2.59889 0.0523395 
17000 9 0 4 0 0 13 3.76607 0.0528094 0.859523 0.000594919 0.0323911 3.62724 0.496225 0.631764 0.294568 0.0758253 0.854192 0 0 12 3.73308 0.0477416  0 0 13 3.71486 0.0518209  0 0 10 2.89001 1.50462  0 0 9 2.70805 1.64267  0 1 12 2.59889 0.0523395 
17500 9 0 4 0 0 13 3.76607 0.0528094 0.867338 0.000594919 0.0323911 3.62724 0.496225 0.631764 0.294568 0.0758253 0.854192 0 0 12 3.73308 0.0477416  0 0 13 3.71486 0.0518209  0 0 10 2.89001 1.50462  0 0 9 2.70805 1.64267  0 1 12 2.59889 0.0523395 
18000 9 0 4 0 1 12 3.76607 0.0528094 0.873042 0.000594919 0.0323911 2.4509 0.948035 0.631764 0.294568 0.0424215 0.817527 0 0 13 3.73359 0.0495242  0 0 12 3.73308 0.0477416  0 0 10 2.89001 1.50462  0 0 9 2.70805 1.64267  0 1 12 2.65895 0.0486068 
18500 9 0 4 0 1 12 3.76607 0.0528094 0.876795 0.000594919 0.0323911 2.4509 0.948035 0.631764 0.294568 0.0424215 0.817527 0 0 12 3.73748 0.0479853  0 0 13 3.73359 0.0495242  0 0 10 2.89001 1.50462  0 0 9 2.70805 1.64267  0 1 12 2.65895 0.0486068 
19000 9 0 4 0 1 12 3.76607 0.0528094 0.883499 0.000594919 0.0323911 2.4509 0.948035 0.631764 0.294568 0.0424215 0.817527 0 0 12 3.73748 0.0479853  0 0 13 3.73359 0.0495242  0 0 10 2.89001 1.50462  0 0 9 2.70805 1.64267  0 1 12 2.65895 0.0486068 
19500 9 0 4 0 1 12 3.76607 0.0528094 0.888193 0.000594919 0.0323911 2.4509 0.948035 0.631764 0.294568 0.0424215 0.817527 0 0 12 3.73748 0.0479853  0 0 13 3.73359 0.0495242  0 0 10 2.89001 1.50462  0 0 9 2.70805 1.64267  0 1 12 2.65895 0.0486068 
20000 9 0 4 0 1 12 3.76607 0.0528094 0.893937 0.000594919 0.0323911 2.4509 0.948035 0.631764 0.294568 0.0424215 0.817527 0 0 12 3.73748 0.0479853  0 0 13 3.73359 0.0495242  0 0 10 2.89001 1.50462  0 0 9 2.70805 1.64267  0 1 12 2.65895 0.0486068 
