500 21 0 5 0 4 14 3.16325 0.0616429 0.00703504 0.0416255 0.390697 0.00203574 0.0128775 0.728285 0.183305 0.29812 0.000693081 0 15 29 0.0216167 0.0992541  0 5 28 0.0212705 0.123661  0 26 29 0.0187301 0.103462  0 4 14 0.0172358 0.163716  0 18 24 0.0170453 0.113363 
1000 5 0 22 0 8 25 3.25279 0.03361 0.00858667 1.49454 1.627 0.220805 0.839538 0.183562 0.740831 0.0133669 0.971361 0 8 25 0.239598 0.848709  0 0 26 0.12556 0.187191  0 26 29 0.0274047 0.164001  0 12 29 0.0253117 0.136077  0 6 20 0.0243474 0.168216 
1500 5 0 22 0 8 25 3.25279 0.03361 0.0103671 1.49454 1.627 0.220805 0.839538 0.183562 0.740831 0.0133669 0.971361 0 8 25 0.239598 0.848709  0 0 24 0.159136 0.696902  0 0 26 0.12556 0.187191  0 0 25 0.0407893 0.369177  0 17 29 0.0313654 0.101143 
2000 5 0 22 0 8 25 3.25279 0.03361 0.0127741 1.49454 1.627 0.220805 0.839538 0.183562 0.740831 0.0133669 0.971361 0 8 25 0.239598 0.848709  0 0 24 0.159136 0.696902  0 0 17 0.152891 0.308572  0 0 26 0.12556 0.187191  0 0 25 0.0484921 0.239114 
2500 17 0 10 0 0 22 3.45358 0.0425405 0.0137233 0.00308016 0.0287283 0.678999 1.2495 0.588806 0.366371 0.0412123 0.77078 0 0 15 0.779678 1.38073  0 0 22 0.345497 0.83657  0 8 25 0.239598 0.848709  0 0 24 0.159136 0.696902  0 0 17 0.152891 0.308572 
3000 6 0 21 0 0 22 3.48938 0.171707 0.0149055 -0.00160455 0.0103794 0.678999 1.2495 0.224357 0.702871 0.0412123 0.77078 0 0 15 0.779678 1.38073  0 0 22 0.345497 0.83657  0 8 25 0.239598 0.848709  0 1 17 0.178268 0.728779  0 0 24 0.159136 0.696902 
3500 6 0 21 0 0 22 3.48938 0.171707 0.0165769 -0.00160455 0.0103794 0.678999 1.2495 0.224357 0.702871 0.0412123 0.77078 0 0 15 0.779678 1.38073  0 1 11 0.375353 0.820885  0 0 22 0.345497 0.83657  0 0 12 0.241665 0.880104  0 8 25 0.239598 0.848709 
4000 24 0 2 0 0 22 3.58169 0.0451221 0.0180137 0.000393265 0.0085499 0.678999 1.2495 0.8168 0.0886667 0.0412123 0.77078 0 0 15 0.779678 1.38073  0 1 11 0.375353 0.820885  0 0 22 0.345497 0.83657  0 0 12 0.241665 0.880104  0 8 25 0.239598 0.848709 
4500 24 0 2 0 0 21 3.58169 0.0451221 0.0196883 0.000393265 0.0085499 2.18817 1.38721 0.8168 0.0886667 0.156526 0.709373 0 0 15 0.779678 1.38073  0 0 21 0.645518 1.21601  0 1 11 0.375353 0.820885  0 0 22 0.345497 0.83657  0 0 12 0.241665 0.880104 
5000 24 0 2 0 0 21 3.58169 0.0451221 0.0210022 0.000393265 0.0085499 2.18817 1.38721 0.8168 0.0886667 0.156526 0.709373 0 0 15 0.779678 1.38073  0 0 21 0.645518 1.21601  0 1 11 0.375353 0.820885  0 0 22 0.345497 0.83657  0 0 20 0.277489 0.930987 
5500 24 0 2 0 0 21 3.58169 0.0451221 0.0218835 0.000393265 0.0085499 2.18817 1.38721 0.8168 0.0886667 0.156526 0.709373 0 0 15 0.779678 1.38073  0 0 21 0.645518 1.21601  0 1 11 0.375353 0.820885  0 0 22 0.345497 0.83657  0 0 18 0.332555 1.01694 
6000 24 0 2 0 0 21 3.58169 0.0451221 0.0236203 0.000393265 0.0085499 2.18817 1.38721 0.8168 0.0886667 0.156526 0.709373 0 0 15 0.779678 1.38073  0 0 21 0.645518 1.21601  0 2 10 0.411371 1.09472  0 1 11 0.375353 0.820885  0 0 22 0.345497 0.83657 
6500 14 0 13 0 0 21 3.64938 0.0453689 0.026021 0.0013021 0.0160328 2.18817 1.38721 0.497502 0.448009 0.156526 0.709373 0 0 15 0.779678 1.38073  0 0 21 0.645518 1.21601  0 2 13 0.56979 1.24204  0 2 10 0.411371 1.09472  0 1 11 0.375353 0.820885 
7000 14 0 13 0 0 21 3.64938 0.0453689 0.0273728 0.0013021 0.0160328 2.18817 1.38721 0.497502 0.448009 0.156526 0.709373 0 0 15 0.779678 1.38073  0 0 21 0.645518 1.21601  0 2 13 0.56979 1.24204  0 2 10 0.411371 1.09472  0 1 11 0.375353 0.820885 
7500 14 0 13 0 0 21 3.64938 0.0453689 0.0295793 0.0013021 0.0160328 2.18817 1.38721 0.497502 0.448009 0.156526 0.709373 0 0 15 0.779678 1.38073  0 0 7 0.690827 1.42737  0 0 21 0.645518 1.21601  0 2 13 0.56979 1.24204  0 2 10 0.411371 1.09472 
8000 14 0 13 0 0 21 3.64938 0.0453689 0.0311339 0.0013021 0.0160328 2.18817 1.38721 0.497502 0.448009 0.156526 0.709373 0 4 22 0.81212 1.40105  0 0 15 0.779678 1.38073  0 0 20 0.764403 0.374416  0 0 7 0.690827 1.42737  0 0 21 0.645518 1.21601 
8500 14 0 13 0 0 21 3.64938 0.0453689 0.0331198 0.0013021 0.0160328 2.18817 1.38721 0.497502 0.448009 0.156526 0.709373 0 4 22 0.81212 1.40105  0 0 15 0.779678 1.38073  0 0 20 0.764403 0.374416  0 0 7 0.690827 1.42737  0 0 21 0.645518 1.21601 
9000 14 0 13 0 4 22 3.64938 0.0453689 0.0363388 0.0013021 0.0160328 1.78208 1.69068 0.497502 0.448009 0.146869 0.85353 0 3 21 1.43187 0.71456  0 4 22 0.81212 1.40105  0 0 15 0.779678 1.38073  0 0 20 0.764403 0.374416  0 0 16 0.740449 1.3889 
9500 14 0 13 0 4 22 3.64938 0.0453689 0.0392728 0.0013021 0.0160328 1.78208 1.69068 0.497502 0.448009 0.146869 0.85353 0 3 21 1.43187 0.71456  0 4 22 0.81212 1.40105  0 0 15 0.779678 1.38073  0 0 20 0.764403 0.374416  0 0 16 0.740449 1.3889 
10000 22 0 5 0 4 22 3.70182 0.0657901 0.0429371 0.071356 0.478743 1.78208 1.69068 0.747488 0.170156 0.146869 0.85353 0 3 21 1.43187 0.71456  0 4 22 0.81212 1.40105  0 0 15 0.779678 1.38073  0 0 20 0.764403 0.374416  0 0 16 0.740449 1.3889 
10500 22 0 5 0 4 22 3.70182 0.0657901 0.0459472 0.071356 0.478743 1.78208 1.69068 0.747488 0.170156 0.146869 0.85353 0 3 21 1.43187 0.71456  0 4 22 0.81212 1.40105  0 0 15 0.779678 1.38073  0 0 20 0.764403 0.374416  0 0 16 0.740449 1.3889 
11000 22 0 5 0 2 22 3.70182 0.0657901 0.0494097 0.071356 0.478743 1.84272 0.389369 0.747488 0.170156 0.0187841 0.792353 0 2 22 1.66811 0.575906  0 3 22 1.47779 0.383185  0 3 21 1.43187 0.71456  0 4 22 0.81212 1.40105  0 0 21 0.801153 1.4777 
11500 22 0 5 0 2 22 3.70182 0.0657901 0.0533248 0.071356 0.478743 1.84272 0.389369 0.747488 0.170156 0.0187841 0.792353 0 2 22 1.66811 0.575906  0 3 22 1.47779 0.383185  0 3 21 1.43187 0.71456  0 4 22 0.81212 1.40105  0 0 21 0.801153 1.4777 
12000 22 0 5 0 2 22 3.70182 0.0657901 0.0569927 0.071356 0.478743 1.84272 0.389369 0.747488 0.170156 0.0187841 0.792353 0 2 22 1.66811 0.575906  0 3 22 1.47779 0.383185  0 3 21 1.43187 0.71456  0 4 22 0.81212 1.40105  0 0 21 0.801153 1.4777 
12500 22 0 5 0 2 22 3.70182 0.0657901 0.0618297 0.071356 0.478743 1.84272 0.389369 0.747488 0.170156 0.0187841 0.792353 0 2 22 1.66811 0.575906  0 3 22 1.47779 0.383185  0 3 21 1.43187 0.71456  0 4 22 0.81212 1.40105  0 0 21 0.801153 1.4777 
13000 22 0 5 0 2 22 3.70182 0.0657901 0.0663403 0.071356 0.478743 1.92856 0.449076 0.747488 0.170156 0.0392082 0.776888 0 2 22 1.78698 0.512085  0 3 22 1.47779 0.383185  0 3 21 1.43187 0.71456  0 4 22 0.81212 1.40105  0 0 21 0.801153 1.4777 
13500 20 0 7 0 2 22 3.71927 0.045358 0.0707987 0.00139244 0.0138546 1.92856 0.449076 0.67336 0.263533 0.0392082 0.776888 0 2 22 1.78698 0.512085  0 3 22 1.47779 0.383185  0 3 21 1.43187 0.71456  0 0 26 1.36957 0.0471447  0 1 24 1.21482 0.218892 
14000 20 0 7 0 2 22 3.71927 0.045358 0.0770968 0.00139244 0.0138546 1.92856 0.449076 0.67336 0.263533 0.0392082 0.776888 0 2 22 1.78698 0.512085  0 3 22 1.47779 0.383185  0 3 21 1.43187 0.71456  0 1 24 1.3904 0.178768  0 0 26 1.36957 0.0471447 
14500 20 0 7 0 3 22 3.71927 0.045358 0.0834964 0.00139244 0.0138546 1.98615 0.44616 0.67336 0.263533 0.0242878 0.777277 0 3 22 1.7957 0.599752  0 2 22 1.78698 0.512085  0 3 21 1.43187 0.71456  0 1 24 1.3904 0.178768  0 0 26 1.36957 0.0471447 
15000 20 0 7 0 0 25 3.71927 0.045358 0.0902047 0.00139244 0.0138546 2.94254 1.48025 0.67336 0.263533 0.0622225 0.838884 0 3 22 1.7957 0.599752  0 2 22 1.78698 0.512085  0 2 24 1.54944 0.36448  0 0 25 1.49342 1.7977  0 3 21 1.43187 0.71456 
15500 20 0 7 0 0 25 3.71927 0.045358 0.0968561 0.00139244 0.0138546 2.94254 1.48025 0.67336 0.263533 0.0622225 0.838884 0 3 22 1.7957 0.599752  0 2 22 1.78698 0.512085  0 2 24 1.54944 0.36448  0 0 25 1.49342 1.7977  0 3 21 1.43187 0.71456 
16000 20 0 7 0 0 25 3.71927 0.045358 0.103845 0.00139244 0.0138546 2.94254 1.48025 0.67336 0.263533 0.0622225 0.838884 0 3 22 1.7957 0.599752  0 2 22 1.78698 0.512085  0 2 24 1.54944 0.36448  0 0 26 1.53442 0.974391  0 0 25 1.49342 1.7977 
16500 20 0 6 0 0 25 3.73231 0.0558922 0.110741 0.0011558 0.0115001 3.0085 1.3211 0.697101 0.228321 0.0276164 0.879175 0 0 25 3.24784 0.691816  0 3 22 1.7957 0.599752  0 2 22 1.78698 0.512085  0 2 24 1.54944 0.36448  0 0 26 1.53442 0.974391 
17000 20 0 6 0 0 25 3.73231 0.0558922 0.117608 0.0011558 0.0115001 3.0085 1.3211 0.697101 0.228321 0.0276164 0.879175 0 0 25 3.24784 0.691816  0 3 23 1.95779 0.354922  0 3 22 1.7957 0.599752  0 2 22 1.78698 0.512085  0 2 24 1.54944 0.36448 
17500 20 0 6 0 0 25 3.73231 0.0558922 0.125455 0.0011558 0.0115001 3.0085 1.3211 0.697101 0.228321 0.0276164 0.879175 0 0 25 3.24784 0.691816  0 2 23 2.32905 0.448871  0 3 23 1.95779 0.354922  0 2 22 1.82311 0.576645  0 3 22 1.7957 0.599752 
18000 20 0 6 0 0 25 3.73231 0.0558922 0.13408 0.0011558 0.0115001 3.0085 1.3211 0.697101 0.228321 0.0276164 0.879175 0 0 25 3.24784 0.691816  0 2 23 2.32905 0.448871  0 3 23 1.95779 0.354922  0 2 22 1.82311 0.576645  0 3 22 1.7957 0.599752 
18500 20 0 6 0 0 25 3.73231 0.0558922 0.142521 0.0011558 0.0115001 3.0085 1.3211 0.697101 0.228321 0.0276164 0.879175 0 0 25 3.24784 0.691816  0 2 23 2.32905 0.448871  0 3 23 1.95779 0.354922  0 2 22 1.82311 0.576645  0 3 22 1.7957 0.599752 
19000 21 0 6 0 0 25 3.74362 0.0570431 0.151938 0.00137379 0.013669 3.0085 1.3211 0.716799 0.209314 0.0276164 0.879175 0 0 25 3.24784 0.691816  0 2 23 2.32905 0.448871  0 3 23 1.95779 0.354922  0 2 22 1.82311 0.576645  0 3 22 1.7957 0.599752 
19500 21 0 6 0 0 25 3.74362 0.0570431 0.160715 0.00137379 0.013669 3.0085 1.3211 0.716799 0.209314 0.0276164 0.879175 0 0 25 3.24784 0.691816  0 2 23 2.32905 0.448871  0 3 23 1.95779 0.354922  0 2 22 1.82311 0.576645  0 3 22 1.7957 0.599752 
20000 21 0 6 0 0 25 3.74362 0.0570431 0.169346 0.00137379 0.013669 3.0085 1.3211 0.716799 0.209314 0.0276164 0.879175 0 0 25 3.24784 0.691816  0 2 23 2.32905 0.448871  0 3 23 1.95779 0.354922  0 2 22 1.82311 0.576645  0 3 22 1.7957 0.599752 
