500 11 0 2 0 5 12 3.31728 0.0508305 0.0335989 -0.00062989 0.00999774 0.00134841 0.0134165 0.757477 0.153722 0.985401 0.754902 0 5 6 0.228254 0.733927  0 2 4 0.094179 0.484061  0 0 4 0.0911078 0.524209  0 5 12 0.0653004 0.391431  0 5 7 0.0519532 0.366264 
1000 11 0 1 0 0 11 3.49167 0.0538781 0.0688309 0.00136591 0.0135906 0.792113 1.45802 0.784247 0.126308 0.0602656 0.912274 0 0 11 0.823953 1.4355  0 0 9 0.473788 1.14688  0 4 13 0.423703 0.285193  0 0 4 0.275107 0.825595  0 5 6 0.228254 0.733927 
1500 10 0 3 0 0 11 3.54307 0.0431776 0.11326 0.00172175 0.0170365 0.792113 1.45802 0.702313 0.213375 0.0602656 0.912274 0 0 11 0.823953 1.4355  0 0 9 0.473788 1.14688  0 4 13 0.423703 0.285193  0 0 2 0.362846 0.902681  0 1 7 0.361721 0.822474 
2000 10 0 3 0 0 11 3.54307 0.0431776 0.158183 0.00172175 0.0170365 0.792113 1.45802 0.702313 0.213375 0.0602656 0.912274 0 0 11 0.823953 1.4355  0 3 12 0.580151 0.290723  0 0 5 0.576028 1.23811  0 0 9 0.473788 1.14688  0 0 3 0.428926 1.11739 
2500 3 0 10 0 0 11 3.59998 0.0365415 0.219194 0.105584 0.621534 0.792113 1.45802 0.207297 0.715418 0.0602656 0.912274 0 0 11 0.823953 1.4355  0 0 9 0.794397 1.41348  0 0 10 0.713141 1.34244  0 0 6 0.660794 1.32043  0 3 12 0.591927 0.405394 
3000 12 0 0 0 0 11 3.66791 0.0510114 0.286437 0.00176023 0.0167708 0.792113 1.45802 0.852269 0.0540112 0.0602656 0.912274 0 0 6 1.52447 1.79289  0 0 11 0.823953 1.4355  0 0 9 0.794397 1.41348  0 4 9 0.777371 1.43265  0 0 10 0.713141 1.34244 
3500 12 0 0 0 0 13 3.71639 0.0557244 0.33934 -0.0010399 0.00999439 1.70026 1.13045 0.858829 0.0580937 0.0116792 0.896769 0 0 13 1.66226 1.11526  0 0 6 1.52447 1.79289  0 0 11 0.823953 1.4355  0 0 9 0.794397 1.41348  0 4 9 0.777371 1.43265 
4000 12 0 0 0 0 11 3.72582 0.0573842 0.4016 0.000654759 0.00998041 1.65751 1.83057 0.85637 0.0604491 0.0777771 0.779221 0 0 13 2.42184 0.0454786  0 0 12 2.39644 1.68216  0 0 11 2.00072 1.77823  0 0 6 1.52447 1.79289  0 0 5 1.08325 1.62476 
4500 11 0 1 0 0 11 3.72857 0.0502093 0.446592 0.00159086 0.0158288 1.65751 1.83057 0.79019 0.133156 0.0777771 0.779221 0 0 13 2.46474 0.0501993  0 0 12 2.39644 1.68216  0 0 11 2.00072 1.77823  0 0 6 1.52447 1.79289  0 0 9 1.20877 1.66297 
5000 11 0 1 0 0 13 3.72857 0.0502093 0.48916 0.00159086 0.0158288 0.582444 1.07492 0.79019 0.133156 0.00613225 0.911837 0 0 12 3.66187 0.452256  0 0 11 3.03055 1.43175  0 0 13 2.46474 0.0501993  0 0 6 1.52447 1.79289  0 1 10 1.21823 0.499599 
5500 9 0 4 0 0 13 3.76182 0.0490356 0.525802 0.00160492 0.0159688 0.582444 1.07492 0.653685 0.281928 0.00613225 0.911837 0 0 12 3.66187 0.452256  0 0 11 3.03055 1.43175  0 0 9 2.67758 1.64735  0 0 13 2.46474 0.0501993  0 0 6 1.52447 1.79289 
6000 9 0 4 0 0 13 3.76182 0.0490356 0.558248 0.00160492 0.0159688 0.858746 1.57487 0.653685 0.281928 0.0215063 0.840632 0 0 12 3.66187 0.452256  0 0 13 3.57037 0.35882  0 0 11 3.03055 1.43175  0 0 9 2.67758 1.64735  0 0 7 1.77729 1.82784 
6500 9 0 4 0 0 13 3.76182 0.0490356 0.588234 0.00160492 0.0159688 0.858746 1.57487 0.653685 0.281928 0.0215063 0.840632 0 0 12 3.70221 0.045036  0 0 13 3.57037 0.35882  0 0 11 3.03055 1.43175  0 0 9 2.67758 1.64735  0 0 14 2.55298 0.0375539 
7000 9 0 4 0 0 13 3.76182 0.0490356 0.621724 0.00160492 0.0159688 0.858746 1.57487 0.653685 0.281928 0.0215063 0.840632 0 0 12 3.70221 0.045036  0 0 13 3.57037 0.35882  0 0 11 3.03055 1.43175  0 0 9 2.67758 1.64735  0 0 14 2.55298 0.0375539 
7500 9 0 4 0 0 13 3.76182 0.0490356 0.648088 0.00160492 0.0159688 0.858746 1.57487 0.653685 0.281928 0.0215063 0.840632 0 0 12 3.70221 0.045036  0 0 13 3.57037 0.35882  0 0 11 3.03055 1.43175  0 0 9 2.67758 1.64735  0 0 14 2.55298 0.0375539 
8000 9 0 4 0 0 11 3.76182 0.0490356 0.675388 0.00160492 0.0159688 3.63269 0.487113 0.653685 0.281928 0.174503 0.754398 0 0 12 3.70221 0.045036  0 0 13 3.57037 0.35882  0 0 11 3.16752 0.628585  0 0 9 2.67758 1.64735  0 0 14 2.55298 0.0375539 
8500 9 0 4 0 0 11 3.76182 0.0490356 0.698225 0.00160492 0.0159688 3.63269 0.487113 0.653685 0.281928 0.174503 0.754398 0 0 12 3.70221 0.045036  0 0 13 3.57037 0.35882  0 0 11 3.16752 0.628585  0 0 9 2.67758 1.64735  0 0 14 2.55298 0.0375539 
9000 9 0 4 0 0 11 3.76182 0.0490356 0.728092 0.00160492 0.0159688 3.63269 0.487113 0.653685 0.281928 0.174503 0.754398 0 0 12 3.70221 0.045036  0 0 13 3.57037 0.35882  0 0 11 3.16752 0.628585  0 0 10 2.9285 1.49519  0 0 9 2.67758 1.64735 
9500 9 0 4 0 0 11 3.76182 0.0490356 0.750113 0.00160492 0.0159688 3.63269 0.487113 0.653685 0.281928 0.174503 0.754398 0 0 12 3.70221 0.045036  0 0 13 3.57037 0.35882  0 0 11 3.16752 0.628585  0 0 10 2.9285 1.49519  0 0 9 2.68798 1.66516 
10000 9 0 4 0 0 11 3.76182 0.0490356 0.76618 0.00160492 0.0159688 3.63269 0.487113 0.653685 0.281928 0.174503 0.754398 0 0 12 3.70221 0.045036  0 0 13 3.57037 0.35882  0 0 11 3.16752 0.628585  0 0 10 2.9285 1.49519  0 0 9 2.68798 1.66516 
10500 9 0 4 0 0 11 3.76182 0.0490356 0.783373 0.00160492 0.0159688 3.63269 0.487113 0.653685 0.281928 0.174503 0.754398 0 0 12 3.70221 0.045036  0 0 13 3.57037 0.35882  0 0 11 3.16752 0.628585  0 0 10 2.9285 1.49519  0 0 9 2.68798 1.66516 
11000 9 0 4 0 0 11 3.76182 0.0490356 0.799165 0.00160492 0.0159688 3.63269 0.487113 0.653685 0.281928 0.174503 0.754398 0 0 12 3.70221 0.045036  0 0 13 3.57037 0.35882  0 0 11 3.16752 0.628585  0 0 10 2.9285 1.49519  0 0 9 2.68798 1.66516 
11500 9 0 4 0 0 11 3.76182 0.0490356 0.812813 0.00160492 0.0159688 3.63269 0.487113 0.653685 0.281928 0.174503 0.754398 0 0 12 3.70221 0.045036  0 0 13 3.58078 0.28164  0 0 11 3.16752 0.628585  0 0 10 2.9285 1.49519  0 0 9 2.68798 1.66516 
12000 9 0 4 0 0 11 3.76182 0.0490356 0.826404 0.00160492 0.0159688 3.63269 0.487113 0.653685 0.281928 0.174503 0.754398 0 0 12 3.70221 0.045036  0 0 13 3.58896 0.0451475  0 0 11 3.16752 0.628585  0 0 10 2.9285 1.49519  0 0 9 2.68798 1.66516 
12500 9 0 4 0 0 11 3.76182 0.0490356 0.842597 0.00160492 0.0159688 3.63269 0.487113 0.653685 0.281928 0.174503 0.754398 0 0 12 3.70221 0.045036  0 0 13 3.58896 0.0451475  0 0 11 3.16752 0.628585  0 0 10 2.9285 1.49519  0 0 9 2.68798 1.66516 
13000 9 0 4 0 0 11 3.76182 0.0490356 0.855718 0.00160492 0.0159688 3.63269 0.487113 0.653685 0.281928 0.174503 0.754398 0 0 12 3.70221 0.045036  0 0 13 3.58896 0.0451475  0 0 11 3.16752 0.628585  0 0 10 2.9285 1.49519  0 0 9 2.68798 1.66516 
13500 9 0 4 0 0 11 3.76182 0.0490356 0.865176 0.00160492 0.0159688 3.63269 0.487113 0.653685 0.281928 0.174503 0.754398 0 0 12 3.70221 0.045036  0 0 13 3.58896 0.0451475  0 0 11 3.16752 0.628585  0 0 10 2.9285 1.49519  0 0 9 2.68798 1.66516 
14000 9 0 4 0 0 11 3.76182 0.0490356 0.874282 0.00160492 0.0159688 3.63269 0.487113 0.653685 0.281928 0.174503 0.754398 0 0 12 3.7204 0.0456931  0 0 13 3.58896 0.0451475  0 0 11 3.16752 0.628585  0 0 10 2.9285 1.49519  0 0 9 2.68798 1.66516 
14500 9 0 4 0 0 11 3.76182 0.0490356 0.886658 0.00160492 0.0159688 3.63269 0.487113 0.653685 0.281928 0.174503 0.754398 0 0 12 3.73296 0.043859  0 0 13 3.58896 0.0451475  0 0 11 3.16752 0.628585  0 0 10 2.9285 1.49519  0 0 9 2.68798 1.66516 
15000 9 0 4 0 0 11 3.76182 0.0490356 0.895736 0.00160492 0.0159688 2.60634 1.70089 0.653685 0.281928 0.125834 0.72466 0 0 12 3.73296 0.043859  0 0 13 3.58896 0.0451475  0 0 11 3.19621 0.642479  0 0 10 2.9285 1.49519  0 0 9 2.68798 1.66516 
15500 9 0 4 0 0 11 3.76182 0.0490356 0.903551 0.00160492 0.0159688 2.60634 1.70089 0.653685 0.281928 0.125834 0.72466 0 0 12 3.73296 0.043859  0 0 13 3.58896 0.0451475  0 0 11 3.19621 0.642479  0 0 10 2.9285 1.49519  0 0 9 2.68798 1.66516 
16000 9 0 4 0 0 11 3.76182 0.0490356 0.909697 0.00160492 0.0159688 2.60634 1.70089 0.653685 0.281928 0.125834 0.72466 0 0 12 3.73296 0.043859  0 0 13 3.58896 0.0451475  0 0 11 3.19621 0.642479  0 0 10 2.9285 1.49519  0 0 9 2.68798 1.66516 
16500 9 0 4 0 0 11 3.76182 0.0490356 0.915593 0.00160492 0.0159688 2.60634 1.70089 0.653685 0.281928 0.125834 0.72466 0 0 12 3.73296 0.043859  0 0 13 3.58896 0.0451475  0 0 11 3.19621 0.642479  0 0 10 2.9285 1.49519  0 0 9 2.68798 1.66516 
17000 9 0 4 0 0 11 3.76182 0.0490356 0.924898 0.00160492 0.0159688 2.60634 1.70089 0.653685 0.281928 0.125834 0.72466 0 0 12 3.73296 0.043859  0 0 13 3.58896 0.0451475  0 0 11 3.19621 0.642479  0 0 10 2.9285 1.49519  0 0 9 2.68798 1.66516 
17500 9 0 4 0 0 11 3.76182 0.0490356 0.932795 0.00160492 0.0159688 2.60634 1.70089 0.653685 0.281928 0.125834 0.72466 0 0 12 3.73296 0.043859  0 0 13 3.58896 0.0451475  0 0 11 3.19621 0.642479  0 0 10 2.9285 1.49519  0 0 9 2.68798 1.66516 
18000 9 0 4 0 0 11 3.76182 0.0490356 0.937859 0.00160492 0.0159688 2.60634 1.70089 0.653685 0.281928 0.125834 0.72466 0 0 12 3.73296 0.043859  0 0 13 3.58896 0.0451475  0 0 11 3.19621 0.642479  0 0 10 2.9285 1.49519  0 0 9 2.68798 1.66516 
18500 9 0 4 0 0 11 3.76182 0.0490356 0.943504 0.00160492 0.0159688 2.60634 1.70089 0.653685 0.281928 0.125834 0.72466 0 0 12 3.73296 0.043859  0 0 13 3.58896 0.0451475  0 0 11 3.19621 0.642479  0 0 10 2.9285 1.49519  0 0 9 2.68798 1.66516 
19000 9 0 4 0 0 11 3.76182 0.0490356 0.948188 0.00160492 0.0159688 2.60634 1.70089 0.653685 0.281928 0.125834 0.72466 0 0 12 3.73296 0.043859  0 0 13 3.58896 0.0451475  0 0 11 3.19621 0.642479  0 0 10 2.9285 1.49519  0 0 9 2.68798 1.66516 
19500 9 0 4 0 0 11 3.76182 0.0490356 0.954391 0.00160492 0.0159688 2.60634 1.70089 0.653685 0.281928 0.125834 0.72466 0 0 12 3.73296 0.043859  0 0 13 3.58896 0.0451475  0 0 11 3.19621 0.642479  0 0 10 2.9285 1.49519  0 0 9 2.68798 1.66516 
20000 9 0 4 0 0 11 3.76182 0.0490356 0.961742 0.00160492 0.0159688 2.60634 1.70089 0.653685 0.281928 0.125834 0.72466 0 0 12 3.73522 0.0479092  0 0 13 3.58896 0.0451475  0 0 11 3.19621 0.642479  0 0 10 2.9285 1.49519  0 0 9 2.68798 1.66516 
