500 6 0 2 0 1 6 3.75923 0.0533231 0.112626 0.00160492 0.0159688 0.520963 1.24349 0.691565 0.240667 0.0453711 0.629728 0 1 6 1.35063 1.5886  0 0 8 0.859063 0.160171  0 2 4 0.621244 1.25908  0 0 1 0.602353 1.14504  0 1 3 0.529458 1.26208 
1000 7 0 2 0 0 7 3.76308 0.0489189 0.339674 0.00160492 0.0159688 1.76237 0.383543 0.705724 0.226205 0.124209 0.753848 0 0 8 3.51811 0.254508  0 0 7 1.71719 0.05856  0 0 6 1.41732 1.51854  0 2 5 1.37873 1.51356  0 1 6 1.35063 1.5886 
1500 7 0 2 0 0 6 3.76308 0.0489189 0.509376 0.00160492 0.0159688 1.47563 1.66314 0.705724 0.226205 0.127808 0.655612 0 0 8 3.54733 0.0497153  0 0 7 1.90534 1.58971  0 2 5 1.53165 1.56278  0 0 6 1.41732 1.51854  0 1 6 1.35063 1.5886 
2000 7 0 2 0 1 7 3.76308 0.0489189 0.660254 0.00160492 0.0159688 0.760828 1.39661 0.705724 0.226205 0.0729168 0.894486 0 0 8 3.72974 0.0439375  0 0 6 2.13557 1.78616  0 0 7 1.90534 1.58971  0 1 7 1.76659 1.58066  0 2 5 1.53165 1.56278 
2500 7 0 2 0 0 7 3.76308 0.0489189 0.740849 0.00160492 0.0159688 3.38091 0.335894 0.705724 0.226205 0.11227 0.785445 0 0 8 3.72974 0.0439375  0 0 7 3.40789 0.0505759  0 0 6 2.13557 1.78616  0 1 7 1.76659 1.58066  0 0 4 1.74569 1.84492 
3000 7 0 2 0 0 7 3.76308 0.0489189 0.798088 0.00160492 0.0159688 3.38091 0.335894 0.705724 0.226205 0.11227 0.785445 0 0 8 3.72974 0.0439375  0 0 7 3.40789 0.0505759  0 0 6 2.19233 1.69681  0 2 8 2.144 1.51079  0 1 7 1.76659 1.58066 
3500 7 0 2 0 0 7 3.76308 0.0489189 0.833749 0.00160492 0.0159688 3.38091 0.335894 0.705724 0.226205 0.11227 0.785445 0 0 8 3.74435 0.0451171  0 0 7 3.40789 0.0505759  0 0 6 2.75547 1.4907  0 2 8 2.144 1.51079  0 1 7 1.76659 1.58066 
4000 7 0 2 0 0 7 3.76308 0.0489189 0.869256 0.00160492 0.0159688 3.38091 0.335894 0.705724 0.226205 0.11227 0.785445 0 0 8 3.74435 0.0451171  0 0 7 3.40789 0.0505759  0 0 6 2.75547 1.4907  0 0 5 2.21238 1.82952  0 2 8 2.144 1.51079 
4500 1 0 7 0 0 7 3.77731 0.0507521 0.897004 -0.000946297 0.0173348 3.38091 0.335894 0.161793 0.775593 0.11227 0.785445 0 0 8 3.74435 0.0451171  0 0 7 3.40789 0.0505759  0 0 6 2.75547 1.4907  0 0 5 2.21238 1.82952  0 2 8 2.144 1.51079 
5000 1 0 7 0 0 7 3.77731 0.0507521 0.921505 -0.000946297 0.0173348 3.38091 0.335894 0.161793 0.775593 0.11227 0.785445 0 0 8 3.74435 0.0451171  0 0 7 3.40789 0.0505759  0 0 6 2.75547 1.4907  0 0 9 2.22061 0.0365015  0 0 5 2.21238 1.82952 
5500 1 0 7 0 0 7 3.77731 0.0507521 0.94156 -0.000946297 0.0173348 3.38091 0.335894 0.161793 0.775593 0.11227 0.785445 0 0 8 3.74435 0.0451171  0 0 7 3.40789 0.0505759  0 0 6 2.75547 1.4907  0 0 9 2.22061 0.0365015  0 0 5 2.21238 1.82952 
6000 1 0 7 0 0 7 3.77731 0.0507521 0.956106 -0.000946297 0.0173348 3.38091 0.335894 0.161793 0.775593 0.11227 0.785445 0 0 8 3.74963 0.0374783  0 0 7 3.40789 0.0505759  0 0 6 2.75547 1.4907  0 0 9 2.31718 0.029359  0 0 5 2.21238 1.82952 
6500 1 0 7 0 0 7 3.77731 0.0507521 0.969806 -0.000946297 0.0173348 3.38091 0.335894 0.161793 0.775593 0.11227 0.785445 0 0 8 3.74963 0.0374783  0 0 7 3.40789 0.0505759  0 0 6 2.75547 1.4907  0 0 5 2.43311 1.67123  0 0 9 2.31718 0.029359 
7000 1 0 7 0 0 7 3.77731 0.0507521 0.98287 -0.000946297 0.0173348 3.38091 0.335894 0.161793 0.775593 0.11227 0.785445 0 0 8 3.74963 0.0374783  0 0 7 3.40789 0.0505759  0 0 6 2.75547 1.4907  0 0 5 2.43311 1.67123  0 0 9 2.31718 0.029359 
7500 1 0 7 0 0 7 3.77731 0.0507521 0.995435 -0.000946297 0.0173348 3.38091 0.335894 0.161793 0.775593 0.11227 0.785445 0 0 8 3.76772 0.0470515  0 0 7 3.40789 0.0505759  0 0 6 2.75547 1.4907  0 0 5 2.43311 1.67123  0 0 9 2.31718 0.029359 
8000 1 0 7 0 0 7 3.77731 0.0507521 1.01152 -0.000946297 0.0173348 3.38091 0.335894 0.161793 0.775593 0.11227 0.785445 0 0 8 3.76772 0.0470515  0 0 7 3.40846 0.0357167  0 0 6 2.75547 1.4907  0 0 5 2.43311 1.67123  0 0 9 2.31718 0.029359 
8500 1 0 7 0 0 7 3.78568 0.051868 1.03295 -0.000612939 0.0171832 3.38091 0.335894 0.18096 0.756533 0.11227 0.785445 0 0 8 3.76772 0.0470515  0 0 7 3.40846 0.0357167  0 1 8 2.87261 1.37182  0 0 6 2.75547 1.4907  0 0 5 2.43311 1.67123 
9000 1 0 7 0 0 7 3.78568 0.051868 1.04469 -0.000612939 0.0171832 3.38091 0.335894 0.18096 0.756533 0.11227 0.785445 0 0 8 3.76772 0.0470515  0 0 7 3.40846 0.0357167  0 1 8 3.00427 1.23065  0 0 6 2.75547 1.4907  0 0 5 2.43311 1.67123 
9500 1 0 7 0 0 7 3.78568 0.051868 1.06008 -0.000612939 0.0171832 3.38091 0.335894 0.18096 0.756533 0.11227 0.785445 0 0 8 3.76772 0.0470515  0 0 7 3.40846 0.0357167  0 1 8 3.00427 1.23065  0 0 6 2.75547 1.4907  0 0 5 2.43311 1.67123 
10000 1 0 7 0 0 7 3.78568 0.051868 1.07378 -0.000612939 0.0171832 3.38091 0.335894 0.18096 0.756533 0.11227 0.785445 0 0 8 3.76772 0.0470515  0 0 7 3.40846 0.0357167  0 1 8 3.00427 1.23065  0 0 6 2.75547 1.4907  0 0 5 2.43311 1.67123 
10500 1 0 7 0 0 7 3.78568 0.051868 1.08197 -0.000612939 0.0171832 3.38091 0.335894 0.18096 0.756533 0.11227 0.785445 0 0 8 3.76772 0.0470515  0 0 7 3.40846 0.0357167  0 1 8 3.00427 1.23065  0 0 6 2.75547 1.4907  0 0 5 2.44904 1.75509 
11000 1 0 7 0 0 7 3.78568 0.051868 1.08916 -0.000612939 0.0171832 3.38091 0.335894 0.18096 0.756533 0.11227 0.785445 0 0 8 3.76772 0.0470515  0 0 7 3.40846 0.0357167  0 1 8 3.00427 1.23065  0 0 6 2.75547 1.4907  0 0 5 2.44904 1.75509 
11500 1 0 7 0 0 7 3.78568 0.051868 1.09984 -0.000612939 0.0171832 3.38091 0.335894 0.18096 0.756533 0.11227 0.785445 0 0 8 3.76772 0.0470515  0 0 7 3.40846 0.0357167  0 1 8 3.00427 1.23065  0 0 6 2.75547 1.4907  0 0 5 2.44904 1.75509 
12000 1 0 7 0 0 7 3.78568 0.051868 1.10931 -0.000612939 0.0171832 3.38091 0.335894 0.18096 0.756533 0.11227 0.785445 0 0 8 3.76772 0.0470515  0 0 7 3.40846 0.0357167  0 1 8 3.00427 1.23065  0 0 6 2.75547 1.4907  0 0 5 2.44904 1.75509 
12500 1 0 7 0 0 7 3.78568 0.051868 1.11671 -0.000612939 0.0171832 3.38091 0.335894 0.18096 0.756533 0.11227 0.785445 0 0 8 3.76772 0.0470515  0 0 7 3.40846 0.0357167  0 0 6 3.08791 1.38584  0 1 8 3.00427 1.23065  0 1 7 2.5975 1.69318 
13000 1 0 7 0 0 7 3.78568 0.051868 1.12346 -0.000612939 0.0171832 3.38091 0.335894 0.18096 0.756533 0.11227 0.785445 0 0 8 3.76772 0.0470515  0 0 7 3.40846 0.0357167  0 0 6 3.08791 1.38584  0 1 8 3.00427 1.23065  0 1 7 2.5975 1.69318 
13500 1 0 7 0 0 7 3.78568 0.051868 1.12888 -0.000612939 0.0171832 3.38091 0.335894 0.18096 0.756533 0.11227 0.785445 0 0 8 3.76772 0.0470515  0 0 7 3.40846 0.0357167  0 0 6 3.08791 1.38584  0 1 8 3.00427 1.23065  0 1 7 2.5975 1.69318 
14000 1 0 7 0 0 7 3.78568 0.051868 1.13557 -0.000612939 0.0171832 3.38091 0.335894 0.18096 0.756533 0.11227 0.785445 0 0 8 3.76772 0.0470515  0 0 7 3.40846 0.0357167  0 1 8 3.11252 1.19139  0 0 6 3.08791 1.38584  0 1 7 2.5975 1.69318 
14500 1 0 7 0 0 7 3.78568 0.051868 1.14133 -0.000612939 0.0171832 3.38091 0.335894 0.18096 0.756533 0.11227 0.785445 0 0 8 3.76772 0.0470515  0 0 7 3.40846 0.0357167  0 1 8 3.11252 1.19139  0 0 6 3.08791 1.38584  0 0 9 2.87033 0.0894391 
15000 1 0 7 0 0 7 3.78568 0.051868 1.14472 -0.000612939 0.0171832 3.38091 0.335894 0.18096 0.756533 0.11227 0.785445 0 0 8 3.76772 0.0470515  0 0 7 3.40846 0.0357167  0 1 8 3.11252 1.19139  0 0 6 3.08791 1.38584  0 0 9 2.87033 0.0894391 
15500 1 0 7 0 0 7 3.78568 0.051868 1.15249 -0.000612939 0.0171832 3.38091 0.335894 0.18096 0.756533 0.11227 0.785445 0 0 8 3.76772 0.0470515  0 0 7 3.40846 0.0357167  0 1 8 3.11252 1.19139  0 0 6 3.08791 1.38584  0 0 9 2.87033 0.0894391 
16000 1 0 7 0 0 7 3.78568 0.051868 1.15308 -0.000612939 0.0171832 3.38091 0.335894 0.18096 0.756533 0.11227 0.785445 0 0 8 3.76772 0.0470515  0 0 7 3.40846 0.0357167  0 1 8 3.11252 1.19139  0 0 6 3.08791 1.38584  0 0 9 2.87033 0.0894391 
16500 1 0 7 0 0 7 3.78568 0.051868 1.15737 -0.000612939 0.0171832 3.38091 0.335894 0.18096 0.756533 0.11227 0.785445 0 0 8 3.76772 0.0470515  0 0 7 3.40846 0.0357167  0 1 8 3.11252 1.19139  0 0 6 3.08791 1.38584  0 0 9 2.87033 0.0894391 
17000 1 0 7 0 0 7 3.78568 0.051868 1.16248 -0.000612939 0.0171832 3.38091 0.335894 0.18096 0.756533 0.11227 0.785445 0 0 8 3.76772 0.0470515  0 0 7 3.40846 0.0357167  0 1 8 3.11252 1.19139  0 0 6 3.08791 1.38584  0 0 9 2.87033 0.0894391 
17500 1 0 7 0 0 7 3.78568 0.051868 1.16916 -0.000612939 0.0171832 3.38091 0.335894 0.18096 0.756533 0.11227 0.785445 0 0 8 3.76772 0.0470515  0 0 7 3.40846 0.0357167  0 1 8 3.11252 1.19139  0 0 6 3.08791 1.38584  0 0 9 2.87033 0.0894391 
18000 1 0 7 0 0 7 3.78568 0.051868 1.17213 -0.000612939 0.0171832 3.38091 0.335894 0.18096 0.756533 0.11227 0.785445 0 0 8 3.76772 0.0470515  0 0 7 3.40968 0.0574574  0 1 8 3.11252 1.19139  0 0 6 3.08791 1.38584  0 0 9 2.87033 0.0894391 
18500 1 0 7 0 0 7 3.78568 0.051868 1.17444 -0.000612939 0.0171832 3.38091 0.335894 0.18096 0.756533 0.11227 0.785445 0 0 8 3.76772 0.0470515  0 0 7 3.40968 0.0574574  0 1 8 3.11252 1.19139  0 0 6 3.08791 1.38584  0 0 9 2.87033 0.0894391 
19000 1 0 7 0 0 9 3.78568 0.051868 1.17773 -0.000612939 0.0171832 2.47792 1.08764 0.18096 0.756533 0.000135155 0.933978 0 0 8 3.76772 0.0470515  0 0 7 3.47591 0.89665  0 1 8 3.11252 1.19139  0 0 6 3.08791 1.38584  0 0 9 2.87033 0.0894391 
19500 1 0 7 0 1 8 3.78568 0.051868 1.18175 -0.000612939 0.0171832 1.46123 1.65203 0.18096 0.756533 0.509811 0.568138 0 0 8 3.76772 0.0470515  0 0 7 3.53622 0.0523685  0 0 9 3.19398 0.0730942  0 1 8 3.11252 1.19139  0 0 6 3.08791 1.38584 
20000 7 0 1 0 1 8 3.78843 0.0452916 1.1849 0.00160492 0.0159688 1.46123 1.65203 0.784553 0.153682 0.509811 0.568138 0 0 8 3.76772 0.0470515  0 0 7 3.53622 0.0523685  0 0 9 3.19398 0.0730942  0 1 8 3.11252 1.19139  0 0 6 3.08791 1.38584 
