500 2 2 1 0 0 1 0.0735084 0.264434 0.022011 0.124 0.640758 0.00240168 0.0365276 0.584828 0.319428 0.874957 0.0977925 0 4 4 0.033533 0.146231  0 3 3 0.0329704 0.123861  0 0 1 0.0279021 0.19566  0 1 3 0.0276187 0.185144  0 3 4 0.0266548 0.175391 
1000 3 0 0 0 2 4 3.78239 0.0476441 0.627206 0.00134312 0.0133638 0.208712 0.828998 0.767251 0.171896 0.961201 0.0134585 0 0 3 3.24599 0.0332441  0 1 3 2.40276 1.45498  0 0 2 2.04489 1.71422  0 2 4 1.54216 1.58919  0 2 3 1.50741 1.66676 
1500 3 0 0 0 1 3 3.79165 0.0530959 1.18412 0.00134976 0.0134299 0.274462 0.931074 0.774497 0.165088 0.961092 0.0177054 0 0 4 3.59559 0.0369312  0 0 3 3.55245 0.0395083  0 1 3 2.49063 1.29071  0 1 4 2.214 1.57356  0 0 2 2.15091 1.55034 
2000 3 0 0 0 1 4 3.7955 0.0457422 1.28566 0.00134976 0.0134299 0.195624 0.795455 0.76829 0.169141 0.100739 0.901967 0 0 4 3.72258 0.0400964  0 0 3 3.65118 0.0397803  0 0 2 2.86508 1.49985  0 1 3 2.78933 1.58934  0 1 4 2.214 1.57356 
2500 3 0 0 0 1 4 3.7955 0.0457422 1.38991 0.00134976 0.0134299 0.00226501 0.0225366 0.76829 0.169141 0.985019 0.000693081 0 0 4 3.77443 0.0479839  0 0 3 3.76324 0.0387785  0 0 2 2.86508 1.49985  0 1 3 2.78933 1.58934  0 1 4 2.61423 1.38913 
3000 3 0 0 0 0 4 3.7955 0.0457422 1.42602 0.00134976 0.0134299 0.00160492 0.0159688 0.76829 0.169141 0.984818 0.751793 0 0 4 3.78609 0.0472905  0 0 3 3.78186 0.0501019  0 0 2 2.86508 1.49985  0 1 4 2.83367 1.63735  0 1 3 2.78933 1.58934 
3500 3 0 0 0 0 4 3.7955 0.0457422 1.46678 0.00134976 0.0134299 0.00160492 0.0159688 0.76829 0.169141 0.984818 0.751793 0 0 4 3.78609 0.0468917  0 0 3 3.78186 0.0501019  0 0 2 2.86508 1.49985  0 1 4 2.83367 1.63735  0 1 3 2.78933 1.58934 
4000 3 0 0 0 0 3 3.7955 0.0457422 1.47045 0.00134976 0.0134299 0.00160492 0.0159688 0.76829 0.169141 0.984818 0.751793 0 0 3 3.78699 0.0501197  0 0 4 3.78609 0.0468917  0 0 2 2.86508 1.49985  0 1 4 2.83367 1.63735  0 1 3 2.78933 1.58934 
4500 3 0 0 0 0 4 3.7955 0.0457422 1.49826 0.00134976 0.0134299 0.00160492 0.0159688 0.76829 0.169141 0.984818 0.751793 0 0 4 3.79263 0.0443077  0 0 3 3.78797 0.0428183  0 1 4 2.94694 1.54132  0 0 2 2.86508 1.49985  0 1 3 2.78933 1.58934 
5000 3 0 0 0 0 4 3.79677 0.0492972 1.51068 0.00136517 0.0135833 0.00160492 0.0159688 0.786553 0.150607 0.984818 0.751793 0 0 4 3.79263 0.0443077  0 0 3 3.79047 0.0556383  0 1 4 2.94694 1.54132  0 0 2 2.86508 1.49985  0 1 3 2.78933 1.58934 
5500 3 0 0 0 0 4 3.79677 0.0492972 1.51745 0.00136517 0.0135833 0.00160492 0.0159688 0.786553 0.150607 0.984818 0.751793 0 0 4 3.79263 0.0443077  0 0 3 3.79047 0.0556383  0 1 4 2.94694 1.54132  0 0 2 2.86508 1.49985  0 1 3 2.78933 1.58934 
6000 3 0 0 0 0 4 3.79677 0.0492972 1.51346 0.00136517 0.0135833 0.00160492 0.0159688 0.786553 0.150607 0.984818 0.751793 0 0 4 3.79263 0.0443077  0 0 3 3.79047 0.0556383  0 1 4 2.94694 1.54132  0 1 3 2.87931 1.55113  0 0 2 2.86508 1.49985 
6500 3 0 0 0 0 4 3.79677 0.0492972 1.52096 0.00136517 0.0135833 0.00160492 0.0159688 0.786553 0.150607 0.984818 0.751793 0 0 4 3.79263 0.0443077  0 0 3 3.79047 0.0556383  0 1 4 2.94694 1.54132  0 1 3 2.87931 1.55113  0 0 2 2.86508 1.49985 
7000 3 0 0 0 0 4 3.79677 0.0492972 1.53256 0.00136517 0.0135833 0.00160492 0.0159688 0.786553 0.150607 0.984818 0.751793 0 0 4 3.79263 0.0443077  0 0 3 3.79047 0.0556383  0 1 4 2.94694 1.54132  0 1 3 2.87931 1.55113  0 0 2 2.86508 1.49985 
7500 3 0 0 0 0 4 3.79677 0.0492972 1.56007 0.00136517 0.0135833 0.00160492 0.0159688 0.786553 0.150607 0.984818 0.751793 0 0 4 3.79263 0.0443077  0 0 3 3.79047 0.0556383  0 1 4 2.9583 1.53024  0 1 3 2.87931 1.55113  0 0 2 2.86508 1.49985 
8000 1 0 3 0 0 3 3.79765 0.049157 1.57051 0.00160492 0.0159688 0.00160492 0.0159688 0.26495 0.6692 0.984818 0.751793 0 0 3 3.79373 0.0448924  0 0 4 3.79263 0.0443077  0 1 4 2.9583 1.53024  0 1 3 2.87931 1.55113  0 0 2 2.86508 1.49985 
8500 1 0 3 0 0 3 3.79765 0.049157 1.57459 0.00160492 0.0159688 0.00160492 0.0159688 0.26495 0.6692 0.984818 0.751793 0 0 3 3.79373 0.0448924  0 0 4 3.79263 0.0443077  0 1 4 2.9583 1.53024  0 1 3 2.87931 1.55113  0 0 2 2.86508 1.49985 
9000 3 0 0 0 0 3 3.80125 0.0494399 1.58726 0.00151684 0.0160016 0.00160492 0.0159688 0.741167 0.193589 0.984818 0.751793 0 0 3 3.79373 0.0448924  0 0 4 3.79263 0.0443077  0 1 4 2.9583 1.53024  0 1 3 2.87931 1.55113  0 0 2 2.86508 1.49985 
9500 3 0 0 0 0 3 3.80125 0.0494399 1.59489 0.00151684 0.0160016 0.00160492 0.0159688 0.741167 0.193589 0.984818 0.751793 0 0 3 3.79373 0.0448924  0 0 4 3.79263 0.0443077  0 1 4 2.9583 1.53024  0 1 3 2.87931 1.55113  0 0 2 2.86508 1.49985 
10000 3 0 0 0 0 3 3.80125 0.0494399 1.60047 0.00151684 0.0160016 0.00160492 0.0159688 0.741167 0.193589 0.984818 0.751793 0 0 3 3.79373 0.0448924  0 0 4 3.79263 0.0443077  0 1 4 2.9583 1.53024  0 1 3 2.87931 1.55113  0 0 2 2.86508 1.49985 
10500 3 0 0 0 0 3 3.80125 0.0494399 1.60145 0.00151684 0.0160016 0.00160492 0.0159688 0.741167 0.193589 0.984818 0.751793 0 0 3 3.79373 0.0448924  0 0 4 3.79263 0.0443077  0 1 4 2.9583 1.53024  0 1 3 2.87931 1.55113  0 0 2 2.86508 1.49985 
11000 3 0 0 0 0 3 3.80125 0.0494399 1.60903 0.00151684 0.0160016 0.00160492 0.0159688 0.741167 0.193589 0.984818 0.751793 0 0 3 3.79373 0.0448924  0 0 4 3.79263 0.0443077  0 1 4 2.9583 1.53024  0 1 3 2.88977 1.55167  0 0 2 2.86508 1.49985 
11500 3 0 0 0 0 3 3.80125 0.0494399 1.61398 0.00151684 0.0160016 0.00160492 0.0159688 0.741167 0.193589 0.984818 0.751793 0 0 3 3.79373 0.0448924  0 0 4 3.79263 0.0443077  0 1 4 2.9583 1.53024  0 1 3 2.88977 1.55167  0 0 2 2.86508 1.49985 
12000 3 0 0 0 0 3 3.80125 0.0494399 1.62337 0.00151684 0.0160016 0.00160492 0.0159688 0.741167 0.193589 0.984818 0.751793 0 0 3 3.79373 0.0448924  0 0 4 3.79263 0.0443077  0 1 4 2.9583 1.53024  0 1 3 2.88977 1.55167  0 0 2 2.86508 1.49985 
12500 3 0 0 0 0 3 3.80125 0.0494399 1.63282 0.00151684 0.0160016 0.00160492 0.0159688 0.741167 0.193589 0.984818 0.751793 0 0 3 3.79373 0.0448924  0 0 4 3.79263 0.0443077  0 1 4 2.9583 1.53024  0 1 3 2.88977 1.55167  0 0 2 2.86508 1.49985 
13000 3 0 0 0 0 3 3.80125 0.0494399 1.63995 0.00151684 0.0160016 0.00160492 0.0159688 0.741167 0.193589 0.984818 0.751793 0 0 3 3.79373 0.0448924  0 0 4 3.79263 0.0443077  0 1 4 2.9583 1.53024  0 1 3 2.91385 1.59184  0 0 2 2.86508 1.49985 
13500 3 0 0 0 0 3 3.80125 0.0494399 1.64172 0.00151684 0.0160016 0.00160492 0.0159688 0.741167 0.193589 0.984818 0.751793 0 0 3 3.79373 0.0448924  0 0 4 3.79263 0.0443077  0 1 4 2.9583 1.53024  0 1 3 2.91385 1.59184  0 0 2 2.86508 1.49985 
14000 3 0 0 0 0 3 3.80125 0.0494399 1.6523 0.00151684 0.0160016 0.00160492 0.0159688 0.741167 0.193589 0.984818 0.751793 0 0 3 3.79373 0.0448924  0 0 4 3.79263 0.0443077  0 1 4 2.9583 1.53024  0 1 3 2.91385 1.59184  0 0 2 2.86508 1.49985 
14500 3 0 0 0 0 3 3.80125 0.0494399 1.65283 0.00151684 0.0160016 0.00160492 0.0159688 0.741167 0.193589 0.984818 0.751793 0 0 3 3.79373 0.0448924  0 0 4 3.79263 0.0443077  0 1 4 2.9583 1.53024  0 1 3 2.91385 1.59184  0 0 2 2.86508 1.49985 
15000 3 0 0 0 0 3 3.80125 0.0494399 1.65346 0.00151684 0.0160016 0.00160492 0.0159688 0.741167 0.193589 0.984818 0.751793 0 0 3 3.79506 0.0460157  0 0 4 3.79263 0.0443077  0 1 4 2.9583 1.53024  0 1 3 2.91385 1.59184  0 0 2 2.86508 1.49985 
15500 3 0 0 0 0 4 3.80125 0.0494399 1.65364 0.00151684 0.0160016 0.00160492 0.0159688 0.741167 0.193589 0.984818 0.751793 0 0 4 3.79682 0.0467699  0 0 3 3.79506 0.0460157  0 1 4 2.9583 1.53024  0 1 3 2.91385 1.59184  0 0 2 2.86508 1.49985 
16000 3 0 0 0 0 3 3.80125 0.0494399 1.65418 0.00151684 0.0160016 0.00160492 0.0159688 0.741167 0.193589 0.984818 0.751793 0 0 3 3.80078 0.0478045  0 0 4 3.79682 0.0467699  0 1 4 2.9583 1.53024  0 1 3 2.91385 1.59184  0 0 2 2.86508 1.49985 
16500 3 0 0 0 0 3 3.80125 0.0494399 1.6554 0.00151684 0.0160016 0.00160492 0.0159688 0.741167 0.193589 0.984818 0.751793 0 0 3 3.80078 0.0478045  0 0 4 3.79682 0.0467699  0 1 4 2.9583 1.53024  0 1 3 2.91385 1.59184  0 0 2 2.86508 1.49985 
17000 3 0 0 0 0 3 3.80125 0.0494399 1.65597 0.00151684 0.0160016 0.00160492 0.0159688 0.741167 0.193589 0.984818 0.751793 0 0 3 3.80078 0.0478045  0 0 4 3.79682 0.0467699  0 1 4 2.9583 1.53024  0 1 3 2.91385 1.59184  0 0 2 2.86508 1.49985 
17500 3 0 0 0 0 3 3.80125 0.0494399 1.66169 0.00151684 0.0160016 0.00160492 0.0159688 0.741167 0.193589 0.984818 0.751793 0 0 3 3.80078 0.0478045  0 0 4 3.79682 0.0467699  0 1 4 2.96503 1.52825  0 1 3 2.91385 1.59184  0 0 2 2.86508 1.49985 
18000 2 0 2 0 0 3 3.80449 0.0543688 1.66254 0.00160492 0.0159688 0.00160492 0.0159688 0.473382 0.449573 0.984818 0.751793 0 0 3 3.80078 0.0478045  0 0 4 3.79682 0.0467699  0 1 4 2.96503 1.52825  0 1 3 2.91385 1.59184  0 0 2 2.86508 1.49985 
18500 2 0 2 0 0 4 3.80449 0.0543688 1.67697 0.00160492 0.0159688 0.00160492 0.0159688 0.473382 0.449573 0.984818 0.751793 0 0 4 3.80157 0.0461221  0 0 3 3.80078 0.0478045  0 1 4 2.96503 1.52825  0 1 3 2.91385 1.59184  0 0 2 2.86508 1.49985 
19000 2 0 2 0 0 4 3.80449 0.0543688 1.68 0.00160492 0.0159688 0.00160492 0.0159688 0.473382 0.449573 0.984818 0.751793 0 0 4 3.80157 0.0461221  0 0 3 3.80078 0.0478045  0 1 4 2.96503 1.52825  0 1 3 2.91385 1.59184  0 0 2 2.86508 1.49985 
19500 2 0 2 0 0 4 3.80449 0.0543688 1.68284 0.00160492 0.0159688 0.00160492 0.0159688 0.473382 0.449573 0.984818 0.751793 0 0 4 3.80157 0.0461221  0 0 3 3.80078 0.0478045  0 1 4 2.96503 1.52825  0 1 3 2.91385 1.59184  0 0 2 2.86508 1.49985 
20000 2 0 2 0 0 4 3.80449 0.0543688 1.68481 0.00160492 0.0159688 0.00160492 0.0159688 0.473382 0.449573 0.984818 0.751793 0 0 4 3.80157 0.0461221  0 0 3 3.80078 0.0478045  0 1 4 2.96503 1.52825  0 1 3 2.91385 1.59184  0 0 2 2.86508 1.49985 
