500 3 0 5 0 0 6 3.40638 0.0326804 0.123309 -0.00369038 0.0260711 1.16217 1.60797 0.382612 0.572741 0.326732 0.420633 0 0 6 1.28916 1.61102  0 0 7 0.726924 1.29624  0 0 8 0.60227 0.172499  0 1 6 0.39861 0.796504  0 0 5 0.292864 0.937285 
1000 4 0 5 0 0 7 3.51811 0.032979 0.209375 0.495322 1.26382 0.709888 1.313 0.444501 0.507702 0.064684 0.730335 0 1 7 1.68621 1.55228  0 0 6 1.55642 1.6957  0 0 7 1.47955 1.5735  0 0 5 0.705458 1.2867  0 1 4 0.655341 1.15844 
1500 1 0 8 0 0 5 3.75228 0.0439037 0.308012 -0.00918924 0.0211099 0.993058 1.47977 0.122756 0.807043 0.277745 0.466108 0 1 7 1.68621 1.55228  0 0 6 1.55642 1.6957  0 0 7 1.47955 1.5735  0 2 7 1.22187 1.5313  0 0 5 1.1756 1.54437 
2000 1 0 8 0 0 8 3.75228 0.0439037 0.41417 -0.00918924 0.0211099 1.98421 1.87237 0.122756 0.807043 0.0613264 0.845101 0 0 8 3.73991 0.0582052  0 1 7 1.68621 1.55228  0 0 6 1.55642 1.6957  0 0 7 1.47955 1.5735  0 5 8 1.35572 1.61335 
2500 1 0 8 0 0 8 3.75228 0.0439037 0.503044 -0.00918924 0.0211099 1.98421 1.87237 0.122756 0.807043 0.0613264 0.845101 0 0 8 3.73991 0.0582052  0 0 5 1.72858 1.69085  0 1 7 1.68621 1.55228  0 0 7 1.67216 1.56937  0 0 6 1.63338 1.68389 
3000 1 0 8 0 0 8 3.75228 0.0439037 0.566421 -0.00918924 0.0211099 1.98421 1.87237 0.122756 0.807043 0.0613264 0.845101 0 0 8 3.73991 0.0582052  0 0 7 2.19992 1.7729  0 0 6 1.7807 1.86612  0 0 5 1.72858 1.69085  0 1 7 1.68621 1.55228 
3500 1 0 8 0 0 8 3.75228 0.0439037 0.619844 -0.00918924 0.0211099 1.98421 1.87237 0.122756 0.807043 0.0613264 0.845101 0 0 8 3.73991 0.0582052  0 0 7 2.19992 1.7729  0 0 6 1.7807 1.86612  0 0 5 1.72858 1.69085  0 1 7 1.68621 1.55228 
4000 1 0 8 0 0 8 3.75228 0.0439037 0.666517 -0.00918924 0.0211099 1.98421 1.87237 0.122756 0.807043 0.0613264 0.845101 0 0 8 3.73991 0.0582052  0 0 7 2.19992 1.7729  0 0 6 1.7807 1.86612  0 0 5 1.72858 1.69085  0 1 7 1.68621 1.55228 
4500 1 0 8 0 0 7 3.75228 0.0439037 0.710937 -0.00918924 0.0211099 2.23034 1.49067 0.122756 0.807043 0.133873 0.798496 0 0 8 3.73991 0.0582052  0 0 7 2.31736 1.46515  0 0 9 2.24033 0.0496568  0 0 6 1.7807 1.86612  0 0 5 1.72858 1.69085 
5000 1 0 8 0 0 7 3.75228 0.0439037 0.754936 -0.00918924 0.0211099 2.23034 1.49067 0.122756 0.807043 0.133873 0.798496 0 0 8 3.73991 0.0582052  0 0 7 2.31736 1.46515  0 0 9 2.24033 0.0496568  0 0 6 1.7807 1.86612  0 0 5 1.72858 1.69085 
5500 1 0 8 0 0 7 3.75228 0.0439037 0.790112 -0.00918924 0.0211099 2.23034 1.49067 0.122756 0.807043 0.133873 0.798496 0 0 8 3.73991 0.0582052  0 0 7 2.31736 1.46515  0 0 9 2.24033 0.0496568  0 0 6 2.09523 1.72564  0 0 5 1.72858 1.69085 
6000 1 0 8 0 0 7 3.75228 0.0439037 0.80695 -0.00918924 0.0211099 2.23034 1.49067 0.122756 0.807043 0.133873 0.798496 0 0 8 3.73991 0.0582052  0 0 7 2.31736 1.46515  0 0 9 2.24033 0.0496568  0 0 6 2.09523 1.72564  0 1 7 1.76177 1.54234 
6500 1 0 8 0 0 7 3.75228 0.0439037 0.824756 -0.00918924 0.0211099 2.23034 1.49067 0.122756 0.807043 0.133873 0.798496 0 0 8 3.74036 0.124212  0 0 6 2.4322 1.75557  0 0 7 2.31736 1.46515  0 0 9 2.24033 0.0496568  0 1 8 1.98512 1.55523 
7000 0 0 8 0 0 7 3.78932 0.0497187 0.846907 0.00148409 0.0160261 2.23034 1.49067 0.0911905 0.841007 0.133873 0.798496 0 0 8 3.78932 0.0497187  0 0 6 2.4322 1.75557  0 0 7 2.31736 1.46515  0 0 9 2.25332 0.0551891  0 1 8 1.98512 1.55523 
7500 0 0 8 0 0 7 3.78932 0.0497187 0.867509 0.00148409 0.0160261 2.23034 1.49067 0.0911905 0.841007 0.133873 0.798496 0 0 8 3.78932 0.0497187  0 0 6 2.4322 1.75557  0 0 7 2.31736 1.46515  0 0 9 2.25332 0.0551891  0 1 8 1.98512 1.55523 
8000 0 0 8 0 0 7 3.78932 0.0497187 0.886053 0.00148409 0.0160261 2.23034 1.49067 0.0911905 0.841007 0.133873 0.798496 0 0 8 3.78932 0.0497187  0 0 6 2.4322 1.75557  0 0 7 2.31736 1.46515  0 0 9 2.25332 0.0551891  0 1 8 1.98512 1.55523 
8500 0 0 8 0 0 7 3.78932 0.0497187 0.894497 0.00148409 0.0160261 2.23034 1.49067 0.0911905 0.841007 0.133873 0.798496 0 0 8 3.78932 0.0497187  0 0 6 2.53939 1.75784  0 0 7 2.31736 1.46515  0 0 9 2.25332 0.0551891  0 1 8 1.98512 1.55523 
9000 0 0 8 0 0 7 3.78932 0.0497187 0.907083 0.00148409 0.0160261 2.23034 1.49067 0.0911905 0.841007 0.133873 0.798496 0 0 8 3.78932 0.0497187  0 0 6 2.53939 1.75784  0 0 7 2.31736 1.46515  0 0 9 2.25332 0.0551891  0 1 8 1.98512 1.55523 
9500 0 0 8 0 0 7 3.78932 0.0497187 0.921803 0.00148409 0.0160261 2.23034 1.49067 0.0911905 0.841007 0.133873 0.798496 0 0 8 3.78932 0.0497187  0 0 6 2.53939 1.75784  0 0 7 2.31736 1.46515  0 0 9 2.25332 0.0551891  0 1 8 1.98512 1.55523 
10000 0 0 8 0 0 7 3.78932 0.0497187 0.933799 0.00148409 0.0160261 2.23034 1.49067 0.0911905 0.841007 0.133873 0.798496 0 0 8 3.78932 0.0497187  0 0 9 2.69081 0.846245  0 0 6 2.53939 1.75784  0 0 7 2.31736 1.46515  0 1 8 1.98512 1.55523 
10500 0 0 8 0 0 7 3.78932 0.0497187 0.941882 0.00148409 0.0160261 2.23034 1.49067 0.0911905 0.841007 0.133873 0.798496 0 0 8 3.78932 0.0497187  0 0 9 2.9326 0.0427387  0 0 6 2.53939 1.75784  0 0 7 2.31736 1.46515  0 0 5 2.11318 1.84327 
11000 0 0 8 0 0 7 3.78932 0.0497187 0.951489 0.00148409 0.0160261 3.39451 0.338984 0.0911905 0.841007 0.107626 0.784077 0 0 8 3.78932 0.0497187  0 0 7 3.3689 0.0572541  0 0 9 2.95479 0.0361688  0 0 6 2.53939 1.75784  0 0 5 2.16312 1.85951 
11500 0 0 8 0 0 7 3.78932 0.0497187 0.958621 0.00148409 0.0160261 3.39451 0.338984 0.0911905 0.841007 0.107626 0.784077 0 0 8 3.78932 0.0497187  0 0 7 3.3689 0.0572541  0 0 9 2.95479 0.0361688  0 0 6 2.53939 1.75784  0 0 5 2.16312 1.85951 
12000 0 0 8 0 0 7 3.78932 0.0497187 0.966339 0.00148409 0.0160261 3.39451 0.338984 0.0911905 0.841007 0.107626 0.784077 0 0 8 3.78932 0.0497187  0 0 7 3.3689 0.0572541  0 0 9 2.95479 0.0361688  0 0 6 2.53939 1.75784  0 0 5 2.16312 1.85951 
12500 0 0 8 0 0 7 3.78932 0.0497187 0.973283 0.00148409 0.0160261 3.39451 0.338984 0.0911905 0.841007 0.107626 0.784077 0 0 8 3.78932 0.0497187  0 0 7 3.3689 0.0572541  0 0 9 2.95479 0.0361688  0 0 6 2.53939 1.75784  0 1 8 2.39156 0.985984 
13000 0 0 8 0 0 7 3.78932 0.0497187 0.980624 0.00148409 0.0160261 3.39451 0.338984 0.0911905 0.841007 0.107626 0.784077 0 0 8 3.78932 0.0497187  0 0 7 3.37847 0.0525874  0 0 9 2.95479 0.0361688  0 0 6 2.53939 1.75784  0 1 8 2.39156 0.985984 
13500 0 0 8 0 0 7 3.78932 0.0497187 0.983623 0.00148409 0.0160261 3.39451 0.338984 0.0911905 0.841007 0.107626 0.784077 0 0 8 3.78932 0.0497187  0 0 7 3.37847 0.0525874  0 0 9 2.95479 0.0361688  0 0 6 2.53939 1.75784  0 1 8 2.39156 0.985984 
14000 0 0 8 0 0 7 3.78932 0.0497187 0.99103 0.00148409 0.0160261 3.39451 0.338984 0.0911905 0.841007 0.107626 0.784077 0 0 8 3.78932 0.0497187  0 0 7 3.37847 0.0525874  0 0 9 2.95479 0.0361688  0 0 6 2.53939 1.75784  0 1 8 2.39156 0.985984 
14500 0 0 8 0 0 7 3.78932 0.0497187 0.997661 0.00148409 0.0160261 2.8455 1.27207 0.0911905 0.841007 0.107456 0.787862 0 0 8 3.78932 0.0497187  0 0 7 3.39451 0.0449625  0 0 9 2.95479 0.0361688  0 0 6 2.53939 1.75784  0 1 8 2.39156 0.985984 
15000 0 0 8 0 0 7 3.78932 0.0497187 1.00264 0.00148409 0.0160261 2.8455 1.27207 0.0911905 0.841007 0.107456 0.787862 0 0 8 3.78932 0.0497187  0 0 7 3.39451 0.0449625  0 0 9 2.95479 0.0361688  0 0 6 2.53939 1.75784  0 1 8 2.39156 0.985984 
15500 0 0 8 0 0 7 3.78932 0.0497187 1.00793 0.00148409 0.0160261 2.8455 1.27207 0.0911905 0.841007 0.107456 0.787862 0 0 8 3.78932 0.0497187  0 0 7 3.39451 0.0449625  0 0 9 2.95479 0.0361688  0 0 6 2.53939 1.75784  0 1 8 2.39156 0.985984 
16000 0 0 8 0 0 7 3.78932 0.0497187 1.00978 0.00148409 0.0160261 2.8455 1.27207 0.0911905 0.841007 0.107456 0.787862 0 0 8 3.78932 0.0497187  0 0 7 3.39451 0.0449625  0 0 9 2.95479 0.0361688  0 0 6 2.53939 1.75784  0 1 8 2.39156 0.985984 
16500 0 0 8 0 0 7 3.78932 0.0497187 1.01498 0.00148409 0.0160261 2.8455 1.27207 0.0911905 0.841007 0.107456 0.787862 0 0 8 3.78932 0.0497187  0 0 7 3.39451 0.0449625  0 0 9 2.95479 0.0361688  0 0 6 2.53939 1.75784  0 1 8 2.39156 0.985984 
17000 0 0 8 0 0 7 3.78932 0.0497187 1.01751 0.00148409 0.0160261 2.8455 1.27207 0.0911905 0.841007 0.107456 0.787862 0 0 8 3.78932 0.0497187  0 0 9 3.76098 0.0496587  0 0 7 3.39451 0.0449625  0 0 6 2.53939 1.75784  0 1 8 2.39156 0.985984 
17500 0 0 8 0 0 7 3.78932 0.0497187 1.02293 0.00148409 0.0160261 2.8455 1.27207 0.0911905 0.841007 0.107456 0.787862 0 0 8 3.78932 0.0497187  0 0 9 3.76098 0.0496587  0 0 7 3.39451 0.0449625  0 0 6 2.53939 1.75784  0 1 8 2.39156 0.985984 
18000 0 0 8 0 0 7 3.78932 0.0497187 1.02726 0.00148409 0.0160261 3.43407 0.341485 0.0911905 0.841007 0.11982 0.782642 0 0 8 3.78932 0.0497187  0 0 9 3.76098 0.0496587  0 0 7 3.41325 0.0576449  0 0 6 2.64255 1.67334  0 1 8 2.39156 0.985984 
18500 0 0 8 0 0 7 3.78932 0.0497187 1.03132 0.00148409 0.0160261 3.43407 0.341485 0.0911905 0.841007 0.11982 0.782642 0 0 8 3.78932 0.0497187  0 0 9 3.76098 0.0496587  0 0 7 3.41325 0.0576449  0 0 6 2.64255 1.67334  0 1 8 2.39156 0.985984 
19000 0 0 8 0 0 7 3.78932 0.0497187 1.03711 0.00148409 0.0160261 3.43407 0.341485 0.0911905 0.841007 0.11982 0.782642 0 0 8 3.78932 0.0497187  0 0 9 3.76098 0.0496587  0 0 7 3.41325 0.0576449  0 0 6 2.64255 1.67334  0 0 5 2.45605 1.77132 
19500 0 0 8 0 0 9 3.78932 0.0497187 1.03962 0.00148409 0.0160261 0.870817 1.59582 0.0911905 0.841007 0.0149877 0.863276 0 0 8 3.78932 0.0497187  0 0 9 3.76098 0.0496587  0 0 7 3.46484 0.0514507  0 0 6 2.64255 1.67334  0 0 5 2.45605 1.77132 
20000 0 0 8 0 0 9 3.78932 0.0497187 1.04594 0.00148409 0.0160261 0.870817 1.59582 0.0911905 0.841007 0.0149877 0.863276 0 0 8 3.78932 0.0497187  0 0 9 3.76098 0.0496587  0 0 7 3.46484 0.0514507  0 0 6 2.64255 1.67334  0 0 5 2.45605 1.77132 
