500 1 0 3 0 0 4 3.63565 0.187668 0.572265 0.000498003 0.0201304 1.03442 0.771054 0.297489 0.652476 0.0911851 0.775167 0 0 3 3.47294 0.0374558  0 0 2 2.36139 1.63931  0 0 4 1.52693 0.0477945  0 0 1 0.899468 1.52261  0 0 0 0.607001 1.34336 
1000 2 0 2 0 0 3 3.64323 0.0375349 0.958581 -0.00127764 0.014397 -0.0011967 0.0152257 0.447897 0.509826 0.868394 0.115751 0 0 3 3.48883 0.0308254  0 0 4 3.15791 0.94448  0 0 2 2.36139 1.63931  0 0 1 1.54573 1.74491  0 1 4 0.866743 0.533413 
1500 1 0 3 0 0 4 3.667 0.0452988 1.05941 -0.00116752 0.0155953 1.03265 1.52026 0.31572 0.635374 0.0522338 0.773754 0 0 3 3.59756 0.0385718  0 0 4 3.27078 0.0347588  0 0 2 2.54478 1.63088  0 0 1 1.82615 1.76193  0 1 4 1.06125 0.58655 
2000 1 0 2 0 0 4 3.68337 0.0410966 1.20295 -0.000972499 0.015974 0.757542 1.41394 0.351358 0.598537 0.0360185 0.799269 0 0 3 3.59756 0.0385718  0 0 4 3.4037 0.037442  0 0 2 2.6461 1.59541  0 0 1 1.82615 1.76193  0 2 4 1.4335 1.74106 
2500 1 0 3 0 0 4 3.68696 0.0416138 1.29188 -0.00140216 0.0157569 0.793657 1.44815 0.345492 0.603115 0.0327671 0.797857 0 0 3 3.59756 0.0385718  0 0 4 3.40778 0.0413627  0 0 2 2.71719 1.45301  0 1 3 2.42182 1.58805  0 1 4 2.11616 1.73433 
3000 1 0 3 0 0 4 3.68696 0.0416138 1.31654 -0.00140216 0.0157569 0.79779 1.4628 0.345492 0.603115 0.0320335 0.810389 0 0 3 3.59756 0.0385718  0 0 4 3.43732 0.0296307  0 0 2 2.71719 1.45301  0 1 3 2.49266 1.61026  0 1 4 2.20515 1.6957 
3500 3 0 1 0 0 4 3.7474 0.047091 1.37348 0.00139494 0.0138795 0.800338 1.46781 0.730463 0.202178 0.0310804 0.810625 0 0 3 3.59756 0.0385718  0 0 4 3.43816 0.039135  0 0 2 2.71719 1.45301  0 1 3 2.50956 1.59844  0 1 4 2.20515 1.6957 
4000 3 0 1 0 0 4 3.7474 0.047091 1.43473 0.00139494 0.0138795 0.807582 1.4794 0.730463 0.202178 0.0394993 0.783959 0 0 3 3.59756 0.0385718  0 0 4 3.44524 0.0396269  0 1 3 2.81192 1.45021  0 0 2 2.74153 1.52932  0 1 4 2.20515 1.6957 
4500 3 0 1 0 0 4 3.77259 0.0505841 1.46836 0.00159245 0.0158447 0.807582 1.4794 0.721071 0.212763 0.0394993 0.783959 0 0 3 3.62294 0.0353518  0 0 4 3.44524 0.0396269  0 1 3 2.81192 1.45021  0 0 2 2.74153 1.52932  0 1 4 2.3479 1.60891 
5000 3 0 1 0 0 4 3.77259 0.0505841 1.50492 0.00159245 0.0158447 0.807582 1.4794 0.721071 0.212763 0.0394993 0.783959 0 0 3 3.63486 0.0340594  0 0 4 3.44524 0.0396269  0 1 3 2.81192 1.45021  0 0 2 2.79521 1.53065  0 1 4 2.3479 1.60891 
5500 3 0 0 0 0 4 3.78016 0.0496778 1.54133 0.000617218 0.0114218 0.807582 1.4794 0.797837 0.13658 0.0394993 0.783959 0 0 3 3.63486 0.0340594  0 0 4 3.44524 0.0396269  0 1 3 2.81192 1.45021  0 0 2 2.79521 1.53065  0 1 4 2.3479 1.60891 
6000 3 0 0 0 0 4 3.78016 0.0496778 1.55602 0.000617218 0.0114218 0.807582 1.4794 0.797837 0.13658 0.0394993 0.783959 0 0 3 3.63486 0.0340594  0 0 4 3.44524 0.0396269  0 1 3 2.81192 1.45021  0 0 2 2.79521 1.53065  0 1 4 2.3479 1.60891 
6500 3 0 0 0 0 4 3.78016 0.0496778 1.55387 0.000617218 0.0114218 0.807582 1.4794 0.797837 0.13658 0.0394993 0.783959 0 0 3 3.63486 0.0340594  0 0 4 3.44524 0.0396269  0 1 3 2.81192 1.45021  0 0 2 2.79521 1.53065  0 1 4 2.43438 1.6643 
7000 4 0 0 0 0 4 3.78545 0.0501592 1.56463 0.000764308 0.00760476 0.807582 1.4794 0.818871 0.113655 0.0394993 0.783959 0 0 3 3.63486 0.0340594  0 0 4 3.44524 0.0396269  0 0 2 2.84184 1.51109  0 1 3 2.81192 1.45021  0 1 4 2.43438 1.6643 
7500 4 0 0 0 0 4 3.78545 0.0501592 1.55833 0.000764308 0.00760476 0.807582 1.4794 0.818871 0.113655 0.0394993 0.783959 0 0 3 3.63648 0.0422653  0 0 4 3.44524 0.0396269  0 0 2 2.84184 1.51109  0 1 3 2.81192 1.45021  0 1 4 2.43438 1.6643 
8000 4 0 0 0 0 4 3.78545 0.0501592 1.56147 0.000764308 0.00760476 0.150735 0.706441 0.818871 0.113655 0.0102725 0.770361 0 0 3 3.63648 0.0422653  0 0 4 3.45156 0.0713565  0 0 2 2.84184 1.51109  0 1 3 2.81192 1.45021  0 1 4 2.47245 1.64819 
8500 4 0 0 0 0 4 3.78545 0.0501592 1.56517 0.000764308 0.00760476 0.150735 0.706441 0.818871 0.113655 0.0102725 0.770361 0 0 3 3.63648 0.0422653  0 0 4 3.45156 0.0713565  0 0 2 2.84184 1.51109  0 1 3 2.81192 1.45021  0 1 4 2.47245 1.64819 
9000 4 0 0 0 0 4 3.78545 0.0501592 1.57545 0.000764308 0.00760476 0.82072 1.5054 0.818871 0.113655 0.0465311 0.768315 0 0 3 3.63648 0.0422653  0 0 4 3.46145 0.0417924  0 0 2 2.84184 1.51109  0 1 3 2.81192 1.45021  0 1 4 2.47245 1.64819 
9500 4 0 0 0 0 4 3.78545 0.0501592 1.57656 0.000764308 0.00760476 0.82072 1.5054 0.818871 0.113655 0.0465311 0.768315 0 0 3 3.63648 0.0422653  0 0 4 3.46145 0.0417924  0 0 2 2.84184 1.51109  0 1 3 2.81192 1.45021  0 1 4 2.47245 1.64819 
10000 4 0 0 0 0 4 3.78545 0.0501592 1.59016 0.000764308 0.00760476 0.82072 1.5054 0.818871 0.113655 0.0465311 0.768315 0 0 3 3.63648 0.0422653  0 0 4 3.46145 0.0417924  0 0 2 2.84184 1.51109  0 1 3 2.81192 1.45021  0 1 4 2.48582 1.56622 
10500 4 0 0 0 0 4 3.78545 0.0501592 1.59743 0.000764308 0.00760476 0.857153 1.529 0.818871 0.113655 0.0283339 0.802789 0 0 3 3.67305 0.0408063  0 0 4 3.5141 0.0413569  0 0 2 2.84184 1.51109  0 1 3 2.81192 1.45021  0 1 4 2.48582 1.56622 
11000 4 0 0 0 0 4 3.78657 0.0490835 1.58615 0.000764308 0.00760476 0.865201 1.58547 0.808253 0.123105 0.0483066 0.765747 0 0 3 3.67305 0.0408063  0 0 4 3.62112 0.039583  0 0 2 2.84184 1.51109  0 1 3 2.81192 1.45021  0 1 4 2.48582 1.56622 
11500 4 0 0 0 0 4 3.78657 0.0490835 1.58303 0.000764308 0.00760476 0.865201 1.58547 0.808253 0.123105 0.0483066 0.765747 0 0 3 3.69747 0.162326  0 0 4 3.62112 0.039583  0 0 2 2.84184 1.51109  0 1 3 2.81192 1.45021  0 1 4 2.48582 1.56622 
12000 4 0 0 0 0 4 3.78657 0.0490835 1.58638 0.000764308 0.00760476 0.865201 1.58547 0.808253 0.123105 0.0483066 0.765747 0 0 3 3.69747 0.162326  0 0 4 3.62112 0.039583  0 0 2 2.92302 1.46302  0 1 3 2.81192 1.45021  0 1 4 2.48582 1.56622 
12500 4 0 0 0 1 4 3.78657 0.0490835 1.59554 0.000764308 0.00760476 0.519103 1.29035 0.808253 0.123105 0.401776 0.741964 0 0 3 3.69985 0.0387836  0 0 4 3.67831 0.0427891  0 0 2 2.92302 1.46302  0 1 3 2.81192 1.45021  0 1 4 2.58899 1.41023 
13000 4 0 0 0 1 4 3.79156 0.0474597 1.59787 0.000747443 0.00743696 0.519103 1.29035 0.810469 0.129139 0.401776 0.741964 0 0 3 3.69985 0.0387836  0 0 4 3.67831 0.0427891  0 0 2 2.92302 1.46302  0 1 3 2.81192 1.45021  0 1 4 2.58899 1.41023 
13500 4 0 0 0 1 4 3.79156 0.0474597 1.60125 0.000747443 0.00743696 0.519103 1.29035 0.810469 0.129139 0.401776 0.741964 0 0 3 3.69985 0.0387836  0 0 4 3.67831 0.0427891  0 0 2 2.92302 1.46302  0 1 3 2.81192 1.45021  0 1 4 2.58899 1.41023 
14000 4 0 0 0 1 4 3.79156 0.0474597 1.60205 0.000747443 0.00743696 0.519103 1.29035 0.810469 0.129139 0.401776 0.741964 0 0 3 3.71198 0.0395818  0 0 4 3.67831 0.0427891  0 0 2 2.92302 1.46302  0 1 3 2.81192 1.45021  0 1 4 2.58899 1.41023 
14500 4 0 0 0 1 4 3.79156 0.0474597 1.60459 0.000747443 0.00743696 0.519103 1.29035 0.810469 0.129139 0.401776 0.741964 0 0 3 3.71198 0.0395818  0 0 4 3.67831 0.0427891  0 0 2 2.92302 1.46302  0 1 3 2.81192 1.45021  0 1 4 2.58899 1.41023 
15000 4 0 0 0 1 4 3.79156 0.0474597 1.60556 0.000747443 0.00743696 0.519103 1.29035 0.810469 0.129139 0.401776 0.741964 0 0 3 3.71198 0.0395818  0 0 4 3.67831 0.0427891  0 0 2 2.92302 1.46302  0 1 3 2.81192 1.45021  0 1 4 2.58899 1.41023 
15500 4 0 0 0 1 4 3.79156 0.0474597 1.60825 0.000747443 0.00743696 0.519103 1.29035 0.810469 0.129139 0.401776 0.741964 0 0 3 3.71198 0.0395818  0 0 4 3.67831 0.0427891  0 0 2 2.92302 1.46302  0 1 3 2.81192 1.45021  0 1 4 2.58899 1.41023 
16000 4 0 0 0 1 4 3.79156 0.0474597 1.60954 0.000747443 0.00743696 0.519103 1.29035 0.810469 0.129139 0.401776 0.741964 0 0 3 3.71198 0.0395818  0 0 4 3.67831 0.0427891  0 0 2 2.92302 1.46302  0 1 3 2.81192 1.45021  0 1 4 2.58899 1.41023 
16500 4 0 0 0 1 4 3.79156 0.0474597 1.61249 0.000747443 0.00743696 0.519103 1.29035 0.810469 0.129139 0.401776 0.741964 0 0 3 3.73166 0.0453838  0 0 4 3.67831 0.0427891  0 0 2 2.92302 1.46302  0 1 3 2.81192 1.45021  0 1 4 2.58899 1.41023 
17000 4 0 0 0 1 4 3.79156 0.0474597 1.61806 0.000747443 0.00743696 0.519103 1.29035 0.810469 0.129139 0.401776 0.741964 0 0 3 3.73166 0.0453838  0 0 4 3.67831 0.0427891  0 0 2 2.92302 1.46302  0 1 3 2.81192 1.45021  0 1 4 2.58899 1.41023 
17500 4 0 0 0 1 4 3.79156 0.0474597 1.61867 0.000747443 0.00743696 0.519103 1.29035 0.810469 0.129139 0.401776 0.741964 0 0 3 3.73166 0.0453838  0 0 4 3.67831 0.0427891  0 0 2 2.92302 1.46302  0 1 3 2.81192 1.45021  0 1 4 2.58899 1.41023 
18000 4 0 0 0 1 4 3.79156 0.0474597 1.62111 0.000747443 0.00743696 0.519103 1.29035 0.810469 0.129139 0.401776 0.741964 0 0 3 3.73166 0.0453838  0 0 4 3.67831 0.0427891  0 0 2 2.92302 1.46302  0 1 3 2.81192 1.45021  0 1 4 2.58899 1.41023 
18500 4 0 0 0 1 4 3.79156 0.0474597 1.62139 0.000747443 0.00743696 0.519103 1.29035 0.810469 0.129139 0.401776 0.741964 0 0 3 3.73166 0.0453838  0 0 4 3.67831 0.0427891  0 0 2 2.92302 1.46302  0 1 3 2.81192 1.45021  0 1 4 2.58899 1.41023 
19000 4 0 0 0 1 4 3.79469 0.0463578 1.6229 0.000779234 0.00775328 0.519103 1.29035 0.810583 0.13042 0.401776 0.741964 0 0 3 3.73166 0.0453838  0 0 4 3.67831 0.0427891  0 0 2 2.92302 1.46302  0 1 3 2.81192 1.45021  0 1 4 2.58899 1.41023 
19500 4 0 0 0 1 4 3.79469 0.0463578 1.62503 0.000779234 0.00775328 0.519103 1.29035 0.810583 0.13042 0.401776 0.741964 0 0 3 3.73166 0.0453838  0 0 4 3.67831 0.0427891  0 0 2 2.92302 1.46302  0 1 3 2.81192 1.45021  0 1 4 2.58899 1.41023 
20000 4 0 0 0 0 4 3.79469 0.0463578 1.62536 0.000779234 0.00775328 0.535605 1.33887 0.810583 0.13042 0.137596 0.648528 0 0 3 3.73166 0.0453838  0 0 4 3.70125 0.0393389  0 0 2 2.92302 1.46302  0 1 3 2.81192 1.45021  0 1 4 2.58899 1.41023 
