500 6 0 2 0 0 5 3.70025 0.0418561 0.150706 0.00109294 0.0108746 2.57368 1.16144 0.650527 0.299557 0.386956 0.556717 0 4 8 1.19413 1.20088  0 0 5 0.791901 1.15377  0 2 5 0.363712 1.06286  0 3 5 0.351959 0.911256  0 8 9 0.322152 0.953658 
1000 7 0 2 0 1 6 3.74079 0.0527972 0.288787 0.000953142 0.00948364 2.78429 0.330458 0.707796 0.2276 0.450121 0.484348 0 0 5 2.27749 1.39778  0 0 4 1.50611 1.55141  0 4 8 1.19413 1.20088  0 1 6 0.977761 1.03339  0 3 6 0.977397 1.57101 
1500 7 0 2 0 0 7 3.74079 0.0527972 0.512444 0.000953142 0.00948364 2.37036 0.849074 0.707796 0.2276 0.162789 0.730484 0 0 7 2.57132 0.0369274  0 0 8 2.55851 0.902225  0 0 5 2.27749 1.39778  0 1 8 2.07072 0.491575  0 1 6 1.80935 1.31423 
2000 7 0 1 0 1 8 3.75528 0.0453404 0.663554 0.00085418 0.00849899 1.16372 1.29929 0.787562 0.138864 0.00554778 0.866856 0 0 8 3.59378 0.085952  0 0 7 3.20095 1.22628  0 0 6 2.64312 1.52709  0 0 5 2.46754 1.5346  0 1 8 2.39543 0.487454 
2500 7 0 1 0 1 8 3.75528 0.0453404 0.742361 0.00085418 0.00849899 1.16372 1.29929 0.787562 0.138864 0.00554778 0.866856 0 0 8 3.65154 0.070934  0 0 7 3.48345 0.0802888  0 0 6 2.64312 1.52709  0 0 5 2.46754 1.5346  0 1 8 2.39543 0.487454 
3000 7 0 1 0 1 8 3.75528 0.0453404 0.796492 0.00085418 0.00849899 1.16372 1.29929 0.787562 0.138864 0.00554778 0.866856 0 0 8 3.68936 0.0939529  0 0 7 3.48345 0.0802888  0 0 6 2.64312 1.52709  0 0 5 2.56446 1.60601  0 1 8 2.39543 0.487454 
3500 7 0 1 0 1 8 3.75528 0.0453404 0.83904 0.00085418 0.00849899 1.16372 1.29929 0.787562 0.138864 0.00554778 0.866856 0 0 8 3.68936 0.0939529  0 0 7 3.51322 0.0654902  0 0 6 2.79228 1.44731  0 0 5 2.56446 1.60601  0 1 8 2.39543 0.487454 
4000 7 0 1 0 1 8 3.75528 0.0453404 0.862148 0.00085418 0.00849899 1.16372 1.29929 0.787562 0.138864 0.00554778 0.866856 0 0 8 3.68936 0.0939529  0 0 7 3.51322 0.0654902  0 0 6 2.86137 1.50606  0 0 5 2.56446 1.60601  0 1 8 2.39543 0.487454 
4500 1 0 7 0 1 8 3.76956 0.0396732 0.879417 0.0479988 0.412076 1.16372 1.29929 0.179525 0.7468 0.00554778 0.866856 0 0 8 3.68936 0.0939529  0 0 7 3.52586 0.0887261  0 0 6 2.86137 1.50606  0 0 5 2.56446 1.60601  0 1 8 2.39543 0.487454 
5000 1 0 7 0 1 8 3.76956 0.0396732 0.899866 0.0479988 0.412076 1.16372 1.29929 0.179525 0.7468 0.00554778 0.866856 0 0 8 3.71008 0.0782672  0 0 7 3.53713 0.0890381  0 0 6 2.86137 1.50606  0 0 5 2.56446 1.60601  0 1 8 2.39543 0.487454 
5500 1 0 7 0 1 8 3.76956 0.0396732 0.91892 0.0479988 0.412076 1.16372 1.29929 0.179525 0.7468 0.00554778 0.866856 0 0 8 3.71008 0.0782672  0 0 7 3.53713 0.0890381  0 0 6 2.86137 1.50606  0 0 5 2.56446 1.60601  0 1 8 2.39543 0.487454 
6000 1 0 7 0 1 8 3.76956 0.0396732 0.938961 0.0479988 0.412076 1.31856 1.27011 0.179525 0.7468 0.00676281 0.851328 0 0 8 3.72135 0.0547606  0 0 7 3.53713 0.0890381  0 0 6 2.86137 1.50606  0 0 5 2.56748 1.68268  0 1 8 2.48319 0.194712 
6500 1 0 7 0 1 8 3.76956 0.0396732 0.95141 0.0479988 0.412076 1.31856 1.27011 0.179525 0.7468 0.00676281 0.851328 0 0 8 3.72135 0.0547606  0 0 7 3.53713 0.0890381  0 0 6 2.86137 1.50606  0 0 5 2.56748 1.68268  0 1 8 2.48319 0.194712 
7000 2 0 7 0 1 8 3.77161 0.0470847 0.964236 0.0095879 0.0509288 1.31856 1.27011 0.223124 0.703002 0.00676281 0.851328 0 0 8 3.72135 0.0547606  0 0 7 3.53713 0.0890381  0 0 6 2.86137 1.50606  0 0 5 2.56748 1.68268  0 1 8 2.48319 0.194712 
7500 2 0 7 0 1 8 3.77161 0.0470847 0.975495 0.0095879 0.0509288 1.31856 1.27011 0.223124 0.703002 0.00676281 0.851328 0 0 8 3.72135 0.0547606  0 0 7 3.53713 0.0890381  0 0 6 2.86137 1.50606  0 0 5 2.56748 1.68268  0 1 8 2.48319 0.194712 
8000 2 0 7 0 1 8 3.77161 0.0470847 0.987312 0.0095879 0.0509288 1.31856 1.27011 0.223124 0.703002 0.00676281 0.851328 0 0 8 3.72135 0.0547606  0 0 7 3.53713 0.0890381  0 0 6 2.86137 1.50606  0 0 5 2.56748 1.68268  0 1 8 2.48319 0.194712 
8500 2 0 7 0 1 8 3.77161 0.0470847 0.999781 0.0095879 0.0509288 1.31856 1.27011 0.223124 0.703002 0.00676281 0.851328 0 0 8 3.72714 0.0467797  0 0 7 3.53713 0.0890381  0 0 6 2.86137 1.50606  0 0 5 2.56748 1.68268  0 1 8 2.48319 0.194712 
9000 2 0 7 0 1 8 3.77302 0.0434381 1.01046 0.00547734 0.0313039 1.31856 1.27011 0.228163 0.702859 0.00676281 0.851328 0 0 8 3.72714 0.0467797  0 0 7 3.53713 0.0890381  0 0 6 2.86137 1.50606  0 0 5 2.56748 1.68268  0 1 8 2.48319 0.194712 
9500 2 0 7 0 1 8 3.77302 0.0434381 1.01963 0.00547734 0.0313039 1.31856 1.27011 0.228163 0.702859 0.00676281 0.851328 0 0 8 3.72714 0.0467797  0 0 7 3.53713 0.0890381  0 0 6 2.86137 1.50606  0 0 5 2.62777 1.61167  0 1 8 2.48319 0.194712 
10000 2 0 6 0 1 8 3.78 0.045762 1.02882 0.00564001 0.0313468 1.31856 1.27011 0.259308 0.66944 0.00676281 0.851328 0 0 8 3.73963 0.0468837  0 0 7 3.53713 0.0890381  0 0 6 2.86137 1.50606  0 0 5 2.62777 1.61167  0 1 8 2.48319 0.194712 
10500 2 0 6 0 1 8 3.78 0.045762 1.03998 0.00564001 0.0313468 1.31856 1.27011 0.259308 0.66944 0.00676281 0.851328 0 0 8 3.73963 0.0468837  0 0 7 3.53713 0.0890381  0 0 6 2.86137 1.50606  0 0 5 2.62777 1.61167  0 1 8 2.48319 0.194712 
11000 2 0 6 0 1 8 3.78 0.045762 1.04683 0.00564001 0.0313468 1.31856 1.27011 0.259308 0.66944 0.00676281 0.851328 0 0 8 3.73963 0.0468837  0 0 7 3.53713 0.0890381  0 0 6 2.86137 1.50606  0 0 5 2.62777 1.61167  0 1 8 2.48319 0.194712 
11500 2 0 6 0 1 8 3.78 0.045762 1.06014 0.00564001 0.0313468 3.61738 0.376811 0.259308 0.66944 0.175703 0.744957 0 0 8 3.73963 0.0468837  0 0 7 3.53713 0.0890381  0 1 8 3.13835 1.31377  0 0 6 2.86137 1.50606  0 0 5 2.62777 1.61167 
12000 2 0 6 0 1 8 3.78 0.045762 1.06495 0.00564001 0.0313468 3.61738 0.376811 0.259308 0.66944 0.175703 0.744957 0 0 8 3.73963 0.0468837  0 0 7 3.53713 0.0890381  0 1 8 3.13835 1.31377  0 0 6 2.86137 1.50606  0 0 5 2.62777 1.61167 
12500 2 0 6 0 1 8 3.78 0.045762 1.07377 0.00564001 0.0313468 3.61738 0.376811 0.259308 0.66944 0.175703 0.744957 0 0 8 3.73963 0.0468837  0 0 7 3.53713 0.0890381  0 1 8 3.13835 1.31377  0 0 6 2.86137 1.50606  0 0 5 2.62777 1.61167 
13000 2 0 6 0 1 8 3.78 0.045762 1.08565 0.00564001 0.0313468 3.61738 0.376811 0.259308 0.66944 0.175703 0.744957 0 0 8 3.73963 0.0468837  0 0 7 3.53713 0.0890381  0 1 8 3.13835 1.31377  0 0 6 2.87454 1.30583  0 2 8 2.65653 1.70569 
13500 2 0 6 0 1 8 3.78 0.045762 1.09101 0.00564001 0.0313468 3.61738 0.376811 0.259308 0.66944 0.175703 0.744957 0 0 8 3.73963 0.0468837  0 0 7 3.53713 0.0890381  0 1 8 3.13835 1.31377  0 0 6 2.87454 1.30583  0 2 8 2.65653 1.70569 
14000 2 0 6 0 1 8 3.78 0.045762 1.10084 0.00564001 0.0313468 3.61738 0.376811 0.259308 0.66944 0.175703 0.744957 0 0 8 3.73963 0.0468837  0 0 7 3.54711 0.0827355  0 1 8 3.13835 1.31377  0 0 6 2.91405 1.23927  0 2 8 2.65653 1.70569 
14500 2 0 6 0 1 8 3.78 0.045762 1.10469 0.00564001 0.0313468 3.61738 0.376811 0.259308 0.66944 0.175703 0.744957 0 0 8 3.73963 0.0468837  0 0 7 3.54711 0.0827355  0 1 8 3.13835 1.31377  0 0 6 2.91405 1.23927  0 2 8 2.65653 1.70569 
15000 2 0 6 0 1 8 3.78 0.045762 1.10879 0.00564001 0.0313468 3.61738 0.376811 0.259308 0.66944 0.175703 0.744957 0 0 8 3.73963 0.0468837  0 0 7 3.54711 0.0827355  0 1 8 3.13835 1.31377  0 0 6 2.91405 1.23927  0 2 8 2.65653 1.70569 
15500 2 0 7 0 1 8 3.78018 0.0485757 1.11353 0.00547397 0.0312819 3.61738 0.376811 0.212857 0.719184 0.175703 0.744957 0 0 8 3.73963 0.0468837  0 0 7 3.54711 0.0827355  0 1 8 3.13835 1.31377  0 0 6 2.94558 1.18939  0 2 8 2.65653 1.70569 
16000 2 0 7 0 1 8 3.78018 0.0485757 1.1168 0.00547397 0.0312819 3.61738 0.376811 0.212857 0.719184 0.175703 0.744957 0 0 8 3.73963 0.0468837  0 0 7 3.54711 0.0827355  0 1 8 3.13835 1.31377  0 0 6 2.94558 1.18939  0 2 8 2.65653 1.70569 
16500 2 0 7 0 1 8 3.78018 0.0485757 1.12127 0.00547397 0.0312819 3.61738 0.376811 0.212857 0.719184 0.175703 0.744957 0 0 8 3.73963 0.0468837  0 0 7 3.54711 0.0827355  0 1 8 3.13835 1.31377  0 0 6 2.94558 1.18939  0 2 8 2.65653 1.70569 
17000 2 0 7 0 1 8 3.78018 0.0485757 1.12395 0.00547397 0.0312819 1.74343 1.86481 0.212857 0.719184 0.0949283 0.871642 0 0 8 3.73963 0.0468837  0 0 7 3.54711 0.0827355  0 1 8 3.17466 1.32699  0 0 6 2.94558 1.18939  0 2 8 2.65653 1.70569 
17500 2 0 7 0 1 8 3.78018 0.0485757 1.12727 0.00547397 0.0312819 1.74343 1.86481 0.212857 0.719184 0.0949283 0.871642 0 0 8 3.75154 0.0480794  0 0 7 3.54711 0.0827355  0 1 8 3.17466 1.32699  0 0 6 2.94558 1.18939  0 2 8 2.65653 1.70569 
18000 2 0 7 0 1 8 3.78018 0.0485757 1.12956 0.00547397 0.0312819 1.74343 1.86481 0.212857 0.719184 0.0949283 0.871642 0 0 8 3.76378 0.0434943  0 0 7 3.54711 0.0827355  0 1 8 3.17466 1.32699  0 0 6 2.94558 1.18939  0 2 8 2.65653 1.70569 
18500 2 0 7 0 1 8 3.78018 0.0485757 1.13569 0.00547397 0.0312819 1.74343 1.86481 0.212857 0.719184 0.0949283 0.871642 0 0 8 3.76378 0.0434943  0 0 7 3.54711 0.0827355  0 1 8 3.17466 1.32699  0 0 6 2.94558 1.18939  0 2 8 2.65653 1.70569 
19000 2 0 7 0 1 8 3.78018 0.0485757 1.13794 0.00547397 0.0312819 1.74343 1.86481 0.212857 0.719184 0.0949283 0.871642 0 0 8 3.76378 0.0434943  0 0 7 3.54711 0.0827355  0 1 8 3.17466 1.32699  0 0 6 2.98602 1.45321  0 2 8 2.65653 1.70569 
19500 2 0 7 0 1 8 3.78018 0.0485757 1.1481 0.00547397 0.0312819 1.74343 1.86481 0.212857 0.719184 0.0949283 0.871642 0 0 8 3.76378 0.0434943  0 0 7 3.54711 0.0827355  0 1 8 3.17466 1.32699  0 0 6 2.98602 1.45321  0 2 8 2.65653 1.70569 
20000 2 0 7 0 1 8 3.78018 0.0485757 1.15189 0.00547397 0.0312819 1.74343 1.86481 0.212857 0.719184 0.0949283 0.871642 0 0 8 3.76378 0.0434943  0 0 7 3.54711 0.0827355  0 1 8 3.17466 1.32699  0 0 6 2.98602 1.45321  0 2 8 2.65653 1.70569 
