500 7 0 6 0 0 9 3.02595 0.0410093 0.0235508 0.00134111 0.0365227 0.160407 0.726117 0.489671 0.455648 0.382108 0.537098 0 1 9 0.248554 0.795713  0 0 9 0.15314 0.630329  0 0 6 0.0466988 0.278491  0 9 14 0.0431614 0.167649  0 9 13 0.0327059 0.148727 
1000 11 0 2 0 3 10 3.23364 0.0509141 0.0394226 0.000469119 0.00466767 0.678019 1.25153 0.751784 0.161305 0.556336 0.723996 0 0 10 1.46815 1.64345  0 3 10 0.575157 1.14983  0 2 10 0.330098 0.422371  0 1 9 0.248554 0.795713  0 0 9 0.15314 0.630329 
1500 7 0 6 0 3 10 3.34844 0.0350215 0.0484236 0.484616 1.2017 0.678019 1.25153 0.526364 0.427715 0.556336 0.723996 0 0 10 1.46815 1.64345  0 0 4 0.577284 1.15986  0 3 10 0.575157 1.14983  0 2 10 0.330098 0.422371  0 0 8 0.277664 0.866443 
2000 6 0 8 0 3 10 3.48464 0.0401253 0.0752111 0.0826613 0.542796 0.678019 1.25153 0.405271 0.555318 0.556336 0.723996 0 0 10 1.46815 1.64345  0 0 4 0.577284 1.15986  0 3 10 0.575157 1.14983  0 1 10 0.366837 0.424783  0 3 12 0.351962 0.901593 
2500 6 0 8 0 1 12 3.48464 0.0401253 0.0981822 0.0826613 0.542796 1.48078 1.16377 0.405271 0.555318 0.0146197 0.843565 0 1 12 1.61784 0.987371  0 0 10 1.46815 1.64345  0 3 9 1.11245 1.55676  0 0 3 0.808043 1.33792  0 0 8 0.756216 1.40487 
3000 7 0 7 0 2 11 3.56255 0.0415771 0.123413 0.0444232 0.417277 1.60192 0.885733 0.470544 0.494114 0.0110128 0.824638 0 1 12 1.61784 0.987371  0 0 10 1.46815 1.64345  0 2 11 1.38534 0.859373  0 0 12 1.15761 0.128233  0 3 9 1.11245 1.55676 
3500 2 0 11 0 0 12 3.58589 0.0498278 0.15652 0.00118307 0.0137756 2.05026 1.6676 0.173958 0.745168 0.0606417 0.817257 0 0 12 3.20543 0.0562868  0 0 11 1.9602 0.0374468  0 1 11 1.9189 0.720744  0 0 13 1.81784 0.700221  0 2 12 1.78627 0.687604 
4000 10 0 2 0 0 12 3.68954 0.0490859 0.199836 0.00112435 0.0136422 3.24504 0.828137 0.726355 0.197202 0.0590583 0.854911 0 0 12 3.28365 0.481905  0 0 13 2.22935 0.0328157  0 0 11 1.9602 0.0374468  0 1 11 1.9189 0.720744  0 2 12 1.78627 0.687604 
4500 10 0 2 0 0 11 3.68954 0.0490859 0.241375 0.00112435 0.0136422 3.338 0.409522 0.726355 0.197202 0.0423149 0.840834 0 0 12 3.28365 0.481905  0 0 11 2.91009 0.65895  0 0 13 2.22935 0.0328157  0 1 11 2.01196 0.506115  0 2 12 1.78627 0.687604 
5000 10 0 2 0 0 11 3.68954 0.0490859 0.293341 0.00112435 0.0136422 3.338 0.409522 0.726355 0.197202 0.0423149 0.840834 0 0 12 3.28365 0.481905  0 0 13 2.99985 0.138355  0 0 11 2.91009 0.65895  0 1 11 2.01196 0.506115  0 2 10 1.91974 0.474939 
5500 11 0 2 0 0 11 3.73998 0.0580031 0.340278 0.000519469 0.00516865 3.338 0.409522 0.782176 0.142848 0.0423149 0.840834 0 0 12 3.28365 0.481905  0 0 13 2.99985 0.138355  0 0 11 2.91009 0.65895  0 1 11 2.48029 0.476876  0 1 12 1.94245 0.821604 
6000 11 0 2 0 0 11 3.75361 0.0517206 0.389663 0.000489224 0.00486772 3.338 0.409522 0.783665 0.140365 0.0423149 0.840834 0 0 12 3.52055 0.735334  0 0 13 2.99985 0.138355  0 0 11 2.91009 0.65895  0 1 11 2.48029 0.476876  0 1 12 1.94245 0.821604 
6500 11 0 2 0 0 11 3.75361 0.0517206 0.433104 0.000489224 0.00486772 3.338 0.409522 0.783665 0.140365 0.0423149 0.840834 0 0 12 3.68018 0.0713865  0 0 13 2.99985 0.138355  0 0 11 2.91009 0.65895  0 1 11 2.48029 0.476876  0 1 10 2.09678 1.14984 
7000 11 0 2 0 0 11 3.75361 0.0517206 0.474459 0.000489224 0.00486772 3.15395 0.687452 0.783665 0.140365 0.0420955 0.820664 0 0 12 3.69522 0.0844771  0 0 11 3.00712 0.123338  0 0 13 2.99985 0.138355  0 1 11 2.48029 0.476876  0 1 10 2.09678 1.14984 
7500 11 0 2 0 0 11 3.75361 0.0517206 0.517774 0.000489224 0.00486772 3.15395 0.687452 0.783665 0.140365 0.0420955 0.820664 0 0 12 3.69522 0.0844771  0 0 11 3.00712 0.123338  0 0 13 2.99985 0.138355  0 0 9 2.55331 1.67281  0 1 11 2.48029 0.476876 
8000 13 0 0 0 0 11 3.76629 0.0469211 0.556141 0.000405133 0.00403102 3.15395 0.687452 0.871726 0.0533406 0.0420955 0.820664 0 0 12 3.69587 0.0698429  0 0 11 3.00712 0.123338  0 0 13 2.99985 0.138355  0 0 9 2.55331 1.67281  0 1 11 2.48029 0.476876 
8500 13 0 0 0 0 11 3.76629 0.0469211 0.5905 0.000405133 0.00403102 3.15395 0.687452 0.871726 0.0533406 0.0420955 0.820664 0 0 12 3.69587 0.0698429  0 0 11 3.00712 0.123338  0 0 13 2.99985 0.138355  0 0 9 2.55331 1.67281  0 1 11 2.48029 0.476876 
9000 13 0 0 0 0 11 3.76629 0.0469211 0.624275 0.000405133 0.00403102 3.15395 0.687452 0.871726 0.0533406 0.0420955 0.820664 0 0 12 3.69587 0.0698429  0 0 11 3.00712 0.123338  0 0 13 2.99985 0.138355  0 0 9 2.55331 1.67281  0 1 11 2.48029 0.476876 
9500 13 0 0 0 0 11 3.76629 0.0469211 0.650566 0.000405133 0.00403102 3.15395 0.687452 0.871726 0.0533406 0.0420955 0.820664 0 0 12 3.69587 0.0698429  0 0 11 3.00712 0.123338  0 0 13 2.99985 0.138355  0 0 9 2.55331 1.67281  0 1 11 2.48029 0.476876 
10000 13 0 0 0 1 11 3.76629 0.0469211 0.675158 0.000405133 0.00403102 2.56658 0.431714 0.871726 0.0533406 0.0406248 0.80419 0 0 12 3.70436 0.0703369  0 0 11 3.33608 1.00976  0 0 13 2.99985 0.138355  0 0 9 2.78016 1.48566  0 1 11 2.48029 0.476876 
10500 10 0 3 0 1 11 3.77189 0.04803 0.696181 0.00111097 0.011054 2.56658 0.431714 0.698077 0.2343 0.0406248 0.80419 0 0 12 3.70436 0.0703369  0 0 11 3.33608 1.00976  0 0 13 2.99985 0.138355  0 0 9 2.78016 1.48566  0 1 11 2.48029 0.476876 
11000 10 0 3 0 1 11 3.77189 0.04803 0.712535 0.00111097 0.011054 2.68913 0.414493 0.698077 0.2343 0.0384691 0.812953 0 0 12 3.70436 0.0703369  0 0 13 3.39773 0.072884  0 0 11 3.33608 1.00976  0 0 9 2.78016 1.48566  0 1 11 2.63712 0.11078 
11500 10 0 3 0 1 11 3.77189 0.04803 0.730441 0.00111097 0.011054 2.68913 0.414493 0.698077 0.2343 0.0384691 0.812953 0 0 12 3.70436 0.0703369  0 0 13 3.39773 0.072884  0 0 11 3.33608 1.00976  0 0 9 2.78016 1.48566  0 1 11 2.63712 0.11078 
12000 10 0 3 0 0 13 3.77189 0.04803 0.748294 0.00111097 0.011054 2.10291 1.7108 0.698077 0.2343 0.0383012 0.843202 0 0 12 3.70436 0.0703369  0 0 13 3.39773 0.072884  0 0 11 3.33608 1.00976  0 0 10 3.0882 1.24542  0 0 9 2.78016 1.48566 
12500 10 0 3 0 0 13 3.77189 0.04803 0.761455 0.00111097 0.011054 2.10291 1.7108 0.698077 0.2343 0.0383012 0.843202 0 0 12 3.70436 0.0703369  0 0 13 3.39773 0.072884  0 0 11 3.33608 1.00976  0 0 10 3.0882 1.24542  0 0 9 2.78016 1.48566 
13000 10 0 3 0 0 13 3.77189 0.04803 0.774433 0.00111097 0.011054 2.10291 1.7108 0.698077 0.2343 0.0383012 0.843202 0 0 12 3.70436 0.0703369  0 0 13 3.39773 0.072884  0 0 11 3.33608 1.00976  0 0 10 3.0882 1.24542  0 0 9 2.78016 1.48566 
13500 10 0 3 0 0 12 3.77189 0.04803 0.788415 0.00111097 0.011054 3.64971 0.380762 0.698077 0.2343 0.187512 0.74218 0 0 12 3.71188 0.0527343  0 0 13 3.61842 0.157847  0 0 11 3.33608 1.00976  0 0 10 3.2374 1.25483  0 0 9 2.78016 1.48566 
14000 10 0 3 0 0 12 3.77189 0.04803 0.799873 0.00111097 0.011054 3.64971 0.380762 0.698077 0.2343 0.187512 0.74218 0 0 12 3.71188 0.0527343  0 0 13 3.68582 0.162262  0 0 11 3.33608 1.00976  0 0 10 3.2374 1.25483  0 0 9 2.78016 1.48566 
14500 10 0 3 0 0 12 3.77189 0.04803 0.811361 0.00111097 0.011054 3.64971 0.380762 0.698077 0.2343 0.187512 0.74218 0 0 12 3.71188 0.0527343  0 0 13 3.68582 0.162262  0 0 11 3.33608 1.00976  0 0 10 3.2374 1.25483  0 0 9 2.78016 1.48566 
15000 10 0 3 0 0 13 3.77189 0.04803 0.821953 0.00111097 0.011054 3.46577 0.556006 0.698077 0.2343 0.14745 0.792011 0 0 12 3.71787 0.0650649  0 0 13 3.68582 0.162262  0 0 11 3.33608 1.00976  0 0 10 3.2374 1.25483  0 0 9 2.78016 1.48566 
15500 10 0 3 0 0 13 3.77189 0.04803 0.834211 0.00111097 0.011054 3.64807 0.411551 0.698077 0.2343 0.0734395 0.853543 0 0 12 3.71787 0.0650649  0 0 13 3.69983 0.071805  0 0 11 3.33608 1.00976  0 0 10 3.2374 1.25483  0 0 9 2.78016 1.48566 
16000 10 0 3 0 0 13 3.77189 0.04803 0.843587 0.00111097 0.011054 3.64807 0.411551 0.698077 0.2343 0.0734395 0.853543 0 0 12 3.71787 0.0650649  0 0 13 3.69983 0.071805  0 0 11 3.33608 1.00976  0 0 10 3.2374 1.25483  0 0 9 2.78016 1.48566 
16500 10 0 3 0 0 13 3.77189 0.04803 0.854822 0.00111097 0.011054 3.64807 0.411551 0.698077 0.2343 0.0734395 0.853543 0 0 12 3.71787 0.0650649  0 0 13 3.69983 0.071805  0 0 11 3.33608 1.00976  0 0 10 3.2374 1.25483  0 2 12 2.94923 1.18211 
17000 10 0 3 0 0 13 3.77189 0.04803 0.862024 0.00111097 0.011054 3.64807 0.411551 0.698077 0.2343 0.0734395 0.853543 0 0 12 3.72058 0.0555609  0 0 13 3.69983 0.071805  0 0 11 3.33608 1.00976  0 0 10 3.2374 1.25483  0 2 12 2.94923 1.18211 
17500 10 0 3 0 0 13 3.77189 0.04803 0.867381 0.00111097 0.011054 3.64807 0.411551 0.698077 0.2343 0.0734395 0.853543 0 0 12 3.72058 0.0555609  0 0 13 3.69983 0.071805  0 0 11 3.33608 1.00976  0 0 10 3.2374 1.25483  0 2 12 2.94923 1.18211 
18000 10 0 3 0 0 12 3.77189 0.04803 0.879166 0.00111097 0.011054 3.13729 1.3669 0.698077 0.2343 0.190306 0.715083 0 0 13 3.73787 0.059035  0 0 12 3.72651 0.0561726  0 0 11 3.33608 1.00976  0 0 10 3.2374 1.25483  0 1 13 3.15819 0.945635 
18500 10 0 3 0 0 12 3.77189 0.04803 0.888749 0.00111097 0.011054 3.13729 1.3669 0.698077 0.2343 0.190306 0.715083 0 0 13 3.73787 0.059035  0 0 12 3.72651 0.0561726  0 0 11 3.33608 1.00976  0 0 10 3.2374 1.25483  0 1 13 3.15819 0.945635 
19000 10 0 3 0 0 12 3.77189 0.04803 0.898162 0.00111097 0.011054 3.13729 1.3669 0.698077 0.2343 0.190306 0.715083 0 0 13 3.73787 0.059035  0 0 12 3.72651 0.0561726  0 0 11 3.33608 1.00976  0 0 10 3.2374 1.25483  0 1 13 3.15819 0.945635 
19500 10 0 3 0 0 12 3.77189 0.04803 0.904457 0.00111097 0.011054 3.13729 1.3669 0.698077 0.2343 0.190306 0.715083 0 0 13 3.73787 0.059035  0 0 12 3.72651 0.0561726  0 0 11 3.33608 1.00976  0 0 10 3.2374 1.25483  0 1 13 3.15819 0.945635 
20000 10 0 3 0 0 12 3.77189 0.04803 0.913983 0.00111097 0.011054 3.13729 1.3669 0.698077 0.2343 0.190306 0.715083 0 0 13 3.73787 0.059035  0 0 12 3.72651 0.0561726  0 0 11 3.33608 1.00976  0 0 10 3.2374 1.25483  0 1 13 3.15819 0.945635 
