500 11 0 16 0 0 21 2.99418 0.0620948 0.00614231 0.931855 1.42002 0.487825 1.09995 0.396035 0.564366 0.27789 0.606679 0 1 19 0.13152 0.534986  0 24 29 0.0320274 0.15508  0 0 21 0.0311473 0.284735  0 18 29 0.0246183 0.1376  0 21 29 0.0243148 0.142492 
1000 16 0 12 0 0 21 3.02802 0.0641978 0.00766121 1.12207 1.49831 0.487825 1.09995 0.535697 0.420481 0.27789 0.606679 0 1 19 0.13152 0.534986  0 0 22 0.0727541 0.422016  0 15 29 0.0374381 0.150921  0 24 29 0.0320274 0.15508  0 0 21 0.0311473 0.284735 
1500 8 0 19 0 0 21 3.14659 0.0412388 0.00980035 0.000275304 0.0295046 0.487825 1.09995 0.289127 0.642286 0.27789 0.606679 0 1 19 0.13152 0.534986  0 0 22 0.0727541 0.422016  0 15 29 0.0374381 0.150921  0 24 29 0.0320274 0.15508  0 0 21 0.0311473 0.284735 
2000 8 0 19 0 0 23 3.14659 0.0412388 0.0115433 0.000275304 0.0295046 1.58566 1.03081 0.289127 0.642286 0.0974158 0.776479 0 0 23 0.833233 1.0086  0 1 19 0.13152 0.534986  0 0 22 0.0727541 0.422016  0 15 29 0.0374381 0.150921  0 26 29 0.0324657 0.131864 
2500 15 0 12 0 0 23 3.32035 0.0389725 0.0130437 0.0826692 0.538224 1.58566 1.03081 0.533271 0.417714 0.0974158 0.776479 0 0 23 0.833233 1.0086  0 1 19 0.13152 0.534986  0 0 22 0.0727541 0.422016  0 15 29 0.0374381 0.150921  0 24 29 0.0352635 0.191989 
3000 15 0 12 0 0 23 3.32035 0.0389725 0.0139977 0.0826692 0.538224 1.58566 1.03081 0.533271 0.417714 0.0974158 0.776479 0 0 23 0.833233 1.0086  0 0 20 0.17784 0.690256  0 1 19 0.13152 0.534986  0 0 22 0.0727541 0.422016  0 15 29 0.0374381 0.150921 
3500 15 0 12 0 0 23 3.32035 0.0389725 0.0155398 0.0826692 0.538224 1.58566 1.03081 0.533271 0.417714 0.0974158 0.776479 0 0 23 0.833233 1.0086  0 0 20 0.17784 0.690256  0 1 19 0.13152 0.534986  0 0 15 0.0978947 0.397898  0 0 22 0.0727541 0.422016 
4000 20 0 6 0 0 23 3.41778 0.045631 0.0174616 0.000800078 0.00462404 1.58566 1.03081 0.691525 0.221837 0.0974158 0.776479 0 0 23 0.833233 1.0086  0 0 20 0.17784 0.690256  0 0 19 0.164939 0.661852  0 1 19 0.13152 0.534986  0 0 6 0.113141 0.629262 
4500 20 0 6 0 0 23 3.41778 0.045631 0.0199116 0.000800078 0.00462404 1.58566 1.03081 0.691525 0.221837 0.0974158 0.776479 0 0 23 0.833233 1.0086  0 0 11 0.291119 0.963385  0 1 23 0.237596 0.488379  0 0 3 0.228146 0.80679  0 0 20 0.17784 0.690256 
5000 20 0 6 0 0 23 3.41778 0.045631 0.0229244 0.000800078 0.00462404 1.58566 1.03081 0.691525 0.221837 0.0974158 0.776479 0 0 23 0.833233 1.0086  0 0 11 0.291119 0.963385  0 1 23 0.237596 0.488379  0 0 3 0.228146 0.80679  0 0 9 0.207236 0.761973 
5500 20 0 6 0 0 23 3.41778 0.045631 0.024095 0.000800078 0.00462404 1.58566 1.03081 0.691525 0.221837 0.0974158 0.776479 0 0 23 0.833233 1.0086  0 0 11 0.291119 0.963385  0 1 23 0.237596 0.488379  0 0 3 0.228146 0.80679  0 0 9 0.207236 0.761973 
6000 20 0 6 0 0 23 3.41778 0.045631 0.0269275 0.000800078 0.00462404 1.58566 1.03081 0.691525 0.221837 0.0974158 0.776479 0 0 23 0.833233 1.0086  0 0 11 0.291119 0.963385  0 2 5 0.279955 0.894189  0 0 4 0.27307 0.827117  0 0 27 0.253676 0.243103 
6500 20 0 6 0 0 23 3.41778 0.045631 0.029804 0.000800078 0.00462404 1.58566 1.03081 0.691525 0.221837 0.0974158 0.776479 0 0 23 0.833233 1.0086  0 14 21 0.529859 1.17977  0 1 7 0.407463 1.07922  0 0 11 0.291119 0.963385  0 2 5 0.279955 0.894189 
7000 11 0 17 0 0 23 3.65298 0.0428051 0.0334883 -0.000559245 0.0148739 1.58566 1.03081 0.37416 0.573299 0.0974158 0.776479 0 0 23 0.833233 1.0086  0 14 21 0.529859 1.17977  0 1 7 0.407463 1.07922  0 3 24 0.336189 0.433017  0 0 11 0.291119 0.963385 
7500 11 0 17 0 0 23 3.65298 0.0428051 0.0374412 -0.000559245 0.0148739 1.58566 1.03081 0.37416 0.573299 0.0974158 0.776479 0 0 23 0.833233 1.0086  0 0 27 0.545105 0.2465  0 14 21 0.529859 1.17977  0 1 6 0.464365 1.11302  0 1 7 0.407463 1.07922 
8000 11 0 17 0 0 23 3.65298 0.0428051 0.0413415 -0.000559245 0.0148739 1.58566 1.03081 0.37416 0.573299 0.0974158 0.776479 0 0 23 0.833233 1.0086  0 0 27 0.545105 0.2465  0 14 21 0.529859 1.17977  0 1 6 0.464365 1.11302  0 1 7 0.407463 1.07922 
8500 11 0 17 0 0 23 3.65298 0.0428051 0.0464746 -0.000559245 0.0148739 1.58566 1.03081 0.37416 0.573299 0.0974158 0.776479 0 0 23 0.833233 1.0086  0 0 27 0.545105 0.2465  0 14 21 0.529859 1.17977  0 1 6 0.464365 1.11302  0 1 7 0.407463 1.07922 
9000 11 0 17 0 0 23 3.65298 0.0428051 0.0531201 -0.000559245 0.0148739 1.58566 1.03081 0.37416 0.573299 0.0974158 0.776479 0 0 23 0.833233 1.0086  0 0 27 0.545105 0.2465  0 14 21 0.529859 1.17977  0 1 6 0.464365 1.11302  0 0 14 0.459253 0.955148 
9500 11 0 17 0 0 23 3.65298 0.0428051 0.058469 -0.000559245 0.0148739 1.58566 1.03081 0.37416 0.573299 0.0974158 0.776479 0 0 23 0.833233 1.0086  0 5 21 0.722747 0.803843  0 0 18 0.642843 1.14792  0 0 27 0.545105 0.2465  0 14 21 0.529859 1.17977 
10000 11 0 17 0 0 23 3.65298 0.0428051 0.0655987 -0.000559245 0.0148739 1.58566 1.03081 0.37416 0.573299 0.0974158 0.776479 0 0 23 0.833233 1.0086  0 5 21 0.722747 0.803843  0 0 5 0.650129 1.30599  0 0 18 0.642843 1.14792  0 0 27 0.545105 0.2465 
10500 11 0 17 0 0 23 3.65298 0.0428051 0.07187 -0.000559245 0.0148739 1.58566 1.03081 0.37416 0.573299 0.0974158 0.776479 0 0 7 0.874927 1.51496  0 0 23 0.833233 1.0086  0 18 25 0.779096 1.42034  0 5 21 0.722747 0.803843  0 0 5 0.650129 1.30599 
11000 19 0 8 0 0 23 3.7004 0.0487202 0.0796458 -0.00094302 0.012545 1.58566 1.03081 0.643414 0.294592 0.0974158 0.776479 0 0 18 1.12335 1.63739  0 12 23 0.977833 1.49825  0 0 7 0.874927 1.51496  0 0 23 0.833233 1.0086  0 18 25 0.779096 1.42034 
11500 20 0 7 0 0 23 3.7651 0.0579256 0.0875158 0.00141056 0.0140349 1.58566 1.03081 0.691287 0.247521 0.0974158 0.776479 0 0 18 1.12335 1.63739  0 12 23 0.977833 1.49825  0 0 7 0.874927 1.51496  0 0 23 0.833233 1.0086  0 18 25 0.779096 1.42034 
12000 20 0 7 0 0 23 3.7651 0.0579256 0.095604 0.00141056 0.0140349 1.58566 1.03081 0.691287 0.247521 0.0974158 0.776479 0 0 18 1.12335 1.63739  0 12 23 0.977833 1.49825  0 0 7 0.874927 1.51496  0 0 23 0.833233 1.0086  0 18 25 0.779096 1.42034 
12500 20 0 7 0 5 23 3.7651 0.0579256 0.106976 0.00141056 0.0140349 1.5224 0.616173 0.691287 0.247521 0.00772308 0.826317 0 0 18 1.12335 1.63739  0 5 23 0.982543 0.833615  0 12 23 0.977833 1.49825  0 0 9 0.896253 1.5364  0 0 7 0.874927 1.51496 
13000 20 0 7 0 5 23 3.7651 0.0579256 0.118093 0.00141056 0.0140349 1.5224 0.616173 0.691287 0.247521 0.00772308 0.826317 0 0 18 1.12335 1.63739  0 5 23 0.982543 0.833615  0 12 23 0.977833 1.49825  0 0 9 0.896253 1.5364  0 0 7 0.874927 1.51496 
13500 20 0 7 0 5 23 3.7651 0.0579256 0.129039 0.00141056 0.0140349 1.5224 0.616173 0.691287 0.247521 0.00772308 0.826317 0 0 18 1.12335 1.63739  0 5 23 0.982543 0.833615  0 12 23 0.977833 1.49825  0 0 9 0.896253 1.5364  0 0 7 0.874927 1.51496 
14000 20 0 7 0 0 26 3.7651 0.0579256 0.138755 0.00141056 0.0140349 3.02426 0.667253 0.691287 0.247521 0.0187877 0.87812 0 0 26 3.02233 0.20339  0 5 21 1.16373 0.763684  0 0 18 1.12335 1.63739  0 5 23 0.982543 0.833615  0 12 23 0.977833 1.49825 
14500 20 0 7 0 0 26 3.7651 0.0579256 0.149671 0.00141056 0.0140349 3.02426 0.667253 0.691287 0.247521 0.0187877 0.87812 0 0 26 3.02233 0.20339  0 5 21 1.16373 0.763684  0 0 18 1.12335 1.63739  0 2 22 1.00222 0.781258  0 5 23 0.982543 0.833615 
15000 20 0 7 0 0 26 3.7651 0.0579256 0.161529 0.00141056 0.0140349 3.02426 0.667253 0.691287 0.247521 0.0187877 0.87812 0 0 26 3.02233 0.20339  0 5 21 1.16373 0.763684  0 0 18 1.12335 1.63739  0 2 22 1.00222 0.781258  0 5 23 0.982543 0.833615 
15500 20 0 7 0 0 26 3.7651 0.0579256 0.175145 0.00141056 0.0140349 3.02426 0.667253 0.691287 0.247521 0.0187877 0.87812 0 0 26 3.02233 0.20339  0 3 25 1.83294 0.153548  0 4 24 1.29402 1.09158  0 5 21 1.16373 0.763684  0 0 18 1.12335 1.63739 
16000 20 0 7 0 0 26 3.7651 0.0579256 0.18751 0.00141056 0.0140349 3.02426 0.667253 0.691287 0.247521 0.0187877 0.87812 0 0 26 3.02233 0.20339  0 3 25 1.83294 0.153548  0 4 24 1.29402 1.09158  0 5 21 1.16373 0.763684  0 0 18 1.12335 1.63739 
16500 20 0 7 0 0 26 3.7651 0.0579256 0.199365 0.00141056 0.0140349 3.02426 0.667253 0.691287 0.247521 0.0187877 0.87812 0 0 26 3.02233 0.20339  0 1 23 1.93775 1.25888  0 3 25 1.83294 0.153548  0 4 24 1.29402 1.09158  0 5 21 1.16373 0.763684 
17000 20 0 7 0 0 26 3.7651 0.0579256 0.211703 0.00141056 0.0140349 3.02426 0.667253 0.691287 0.247521 0.0187877 0.87812 0 0 26 3.02233 0.20339  0 1 23 1.93775 1.25888  0 3 25 1.83294 0.153548  0 2 24 1.48316 0.0520647  0 4 24 1.29402 1.09158 
17500 20 0 7 0 0 26 3.7651 0.0579256 0.22421 0.00141056 0.0140349 3.02426 0.667253 0.691287 0.247521 0.0187877 0.87812 0 0 26 3.02233 0.20339  0 1 23 1.93775 1.25888  0 2 22 1.89172 1.28527  0 3 25 1.83294 0.153548  0 2 24 1.48316 0.0520647 
18000 20 0 7 0 0 26 3.7651 0.0579256 0.236025 0.00141056 0.0140349 3.02426 0.667253 0.691287 0.247521 0.0187877 0.87812 0 0 26 3.02233 0.20339  0 1 23 1.93775 1.25888  0 2 22 1.89172 1.28527  0 3 25 1.83294 0.153548  0 2 24 1.48316 0.0520647 
18500 20 0 7 0 0 26 3.7651 0.0579256 0.247806 0.00141056 0.0140349 3.02426 0.667253 0.691287 0.247521 0.0187877 0.87812 0 0 26 3.02233 0.20339  0 1 23 1.93775 1.25888  0 2 22 1.89172 1.28527  0 3 25 1.83294 0.153548  0 2 23 1.68364 0.0843399 
19000 20 0 7 0 0 26 3.7651 0.0579256 0.259042 0.00141056 0.0140349 3.02426 0.667253 0.691287 0.247521 0.0187877 0.87812 0 0 26 3.02233 0.20339  0 4 25 2.21574 1.10702  0 1 23 1.93775 1.25888  0 2 22 1.89172 1.28527  0 3 25 1.83294 0.153548 
19500 20 0 7 0 0 26 3.7651 0.0579256 0.270463 0.00141056 0.0140349 3.02426 0.667253 0.691287 0.247521 0.0187877 0.87812 0 0 26 3.02233 0.20339  0 4 25 2.21574 1.10702  0 1 23 1.93775 1.25888  0 2 22 1.89172 1.28527  0 3 25 1.83294 0.153548 
20000 20 0 7 0 0 26 3.7651 0.0579256 0.281062 0.00141056 0.0140349 3.02426 0.667253 0.691287 0.247521 0.0187877 0.87812 0 0 26 3.02233 0.20339  0 4 25 2.21574 1.10702  0 1 23 1.93775 1.25888  0 2 22 1.89172 1.28527  0 3 25 1.83294 0.153548 
