500 3 0 5 0 0 8 3.37336 0.0432471 0.0861365 -0.00103691 0.0127299 0.627982 1.15641 0.384207 0.562142 0.0385687 0.804526 0 0 8 2.58995 0.0514811  0 0 9 0.374054 0.781618  0 0 6 0.247666 0.369883  0 2 9 0.218434 0.211349  0 0 7 0.161184 0.201626 
1000 2 0 6 0 0 8 3.67205 0.0525733 0.274777 -0.000421131 0.0122611 0.536045 1.33519 0.281631 0.657683 0.06462 0.631296 0 0 8 3.0873 1.28194  0 0 7 1.72862 0.0445382  0 0 3 1.23009 1.71635  0 0 4 0.600533 1.33661  0 1 8 0.563154 0.391107 
1500 2 0 7 0 0 7 3.73963 0.0452553 0.41993 0.00160492 0.0159688 2.44635 0.433287 0.220804 0.716495 0.138967 0.756661 0 0 8 3.64102 0.0440941  0 0 7 2.50519 0.0566104  0 0 5 2.04662 1.77132  0 0 3 1.23009 1.71635  0 0 2 1.22764 1.7496 
2000 1 0 7 0 0 7 3.75242 0.0449811 0.511543 0.00154506 0.0159859 2.59371 0.430074 0.190201 0.742358 0.133544 0.764648 0 0 8 3.7492 0.0425651  0 0 7 2.63007 0.0707951  0 0 5 2.04662 1.77132  0 0 4 1.48111 1.78875  0 0 3 1.47305 1.7688 
2500 1 0 7 0 0 7 3.75242 0.0449811 0.620776 0.00154506 0.0159859 3.51354 0.355962 0.190201 0.742358 0.236481 0.688892 0 0 8 3.7492 0.0425651  0 0 7 3.21144 0.0619173  0 0 5 2.04662 1.77132  0 0 3 1.606 1.80617  0 0 4 1.55453 1.75102 
3000 1 0 7 0 0 7 3.75242 0.0449811 0.691183 0.00154506 0.0159859 3.51354 0.355962 0.190201 0.742358 0.236481 0.688892 0 0 8 3.7492 0.0425651  0 0 7 3.21144 0.0619173  0 0 6 2.91949 1.46529  0 0 5 2.04662 1.77132  0 0 9 1.98354 0.268456 
3500 1 0 7 0 0 7 3.75242 0.0449811 0.751447 0.00154506 0.0159859 3.1125 1.35805 0.190201 0.742358 0.217131 0.689707 0 0 8 3.7492 0.0425651  0 0 7 3.30779 0.0615336  0 0 6 2.91949 1.46529  0 0 5 2.04662 1.77132  0 0 9 1.98354 0.268456 
4000 1 0 7 0 0 7 3.77712 0.051674 0.80361 0.00154506 0.0159859 3.1125 1.35805 0.140836 0.792962 0.217131 0.689707 0 0 8 3.75203 0.0460277  0 0 7 3.30779 0.0615336  0 0 6 2.91949 1.46529  0 0 9 2.39979 0.215478  0 0 4 2.25283 1.81004 
4500 1 0 7 0 0 9 3.77712 0.051674 0.854166 0.00154506 0.0159859 2.45877 0.415642 0.140836 0.792962 0.000495546 0.935041 0 0 8 3.75203 0.0460277  0 0 7 3.41974 0.0629969  0 0 6 2.97396 1.44374  0 0 9 2.39979 0.215478  0 0 4 2.25283 1.81004 
5000 1 0 7 0 0 9 3.77712 0.051674 0.883144 0.00154506 0.0159859 2.39404 0.590402 0.140836 0.792962 0.000496407 0.932684 0 0 8 3.76042 0.0516227  0 0 7 3.52273 0.0535284  0 0 6 2.99137 1.24276  0 0 9 2.44989 0.0729438  0 0 5 2.36153 1.77198 
5500 1 0 7 0 0 9 3.77712 0.051674 0.908519 0.00154506 0.0159859 2.39404 0.590402 0.140836 0.792962 0.000496407 0.932684 0 0 8 3.76042 0.0516227  0 0 7 3.52965 0.0446546  0 0 6 3.07064 1.3909  0 0 9 2.44989 0.0729438  0 0 5 2.36153 1.77198 
6000 1 0 7 0 0 9 3.77712 0.051674 0.932077 0.00154506 0.0159859 2.39404 0.590402 0.140836 0.792962 0.000496407 0.932684 0 0 8 3.76042 0.0516227  0 0 7 3.53255 0.0664572  0 0 6 3.07064 1.3909  0 0 9 2.44989 0.0729438  0 0 5 2.43553 1.68887 
6500 1 0 7 0 0 9 3.77712 0.051674 0.957133 0.00154506 0.0159859 2.39404 0.590402 0.140836 0.792962 0.000496407 0.932684 0 0 8 3.76042 0.0516227  0 0 7 3.53255 0.0664572  0 0 6 3.07064 1.3909  0 0 9 2.44989 0.0729438  0 0 5 2.43553 1.68887 
7000 1 0 7 0 0 9 3.77712 0.051674 0.979569 0.00154506 0.0159859 2.39404 0.590402 0.140836 0.792962 0.000496407 0.932684 0 0 8 3.76233 0.0506494  0 0 7 3.5396 0.0632266  0 0 6 3.07064 1.3909  0 0 9 2.44989 0.0729438  0 0 5 2.43553 1.68887 
7500 1 0 7 0 0 9 3.77712 0.051674 1.00259 0.00154506 0.0159859 2.39404 0.590402 0.140836 0.792962 0.000496407 0.932684 0 0 8 3.76233 0.0506494  0 0 7 3.5396 0.0632266  0 0 6 3.07064 1.3909  0 0 9 2.44989 0.0729438  0 0 5 2.43553 1.68887 
8000 1 0 7 0 0 9 3.77712 0.051674 1.01822 0.00154506 0.0159859 2.39404 0.590402 0.140836 0.792962 0.000496407 0.932684 0 0 8 3.76726 0.0456412  0 0 7 3.5396 0.0632266  0 0 6 3.07064 1.3909  0 0 9 2.44989 0.0729438  0 0 5 2.43553 1.68887 
8500 1 0 7 0 0 9 3.77712 0.051674 1.03116 0.00154506 0.0159859 3.30459 0.356551 0.140836 0.792962 0.00879868 0.923515 0 0 8 3.76726 0.0456412  0 0 7 3.5527 0.0626732  0 0 9 3.28973 0.0639692  0 0 6 3.07064 1.3909  0 0 5 2.43553 1.68887 
9000 1 0 7 0 0 9 3.77712 0.051674 1.03943 0.00154506 0.0159859 3.3398 0.465069 0.140836 0.792962 0.0156083 0.915965 0 0 8 3.76726 0.0456412  0 0 7 3.5527 0.0626732  0 0 9 3.347 0.06104  0 0 6 3.07064 1.3909  0 0 5 2.43553 1.68887 
9500 1 0 7 0 0 9 3.77712 0.051674 1.05167 0.00154506 0.0159859 3.3398 0.465069 0.140836 0.792962 0.0156083 0.915965 0 0 8 3.77402 0.0482823  0 0 7 3.5527 0.0626732  0 0 9 3.347 0.06104  0 0 6 3.07064 1.3909  0 0 5 2.43553 1.68887 
10000 1 0 7 0 0 9 3.77712 0.051674 1.05908 0.00154506 0.0159859 3.37421 0.360341 0.140836 0.792962 0.0114564 0.9229 0 0 8 3.77402 0.0482823  0 0 7 3.5527 0.0626732  0 0 9 3.36055 0.0436101  0 0 6 3.07064 1.3909  0 0 5 2.43553 1.68887 
10500 1 0 7 0 0 9 3.77712 0.051674 1.07099 0.00154506 0.0159859 2.86361 1.28517 0.140836 0.792962 0.00717311 0.930174 0 0 8 3.77402 0.0482823  0 0 7 3.5527 0.0626732  0 0 9 3.37882 0.0587891  0 0 6 3.07064 1.3909  0 0 5 2.48451 1.70148 
11000 1 0 7 0 0 9 3.77712 0.051674 1.08029 0.00154506 0.0159859 2.86361 1.28517 0.140836 0.792962 0.00717311 0.930174 0 0 8 3.77681 0.0504931  0 0 7 3.5527 0.0626732  0 0 9 3.37882 0.0587891  0 0 6 3.07064 1.3909  0 1 8 2.87949 1.33607 
11500 1 0 7 0 0 9 3.77712 0.051674 1.08866 0.00154506 0.0159859 2.86361 1.28517 0.140836 0.792962 0.00717311 0.930174 0 0 8 3.77681 0.0504931  0 0 7 3.5527 0.0626732  0 0 9 3.37882 0.0587891  0 0 6 3.07064 1.3909  0 1 8 2.87949 1.33607 
12000 1 0 7 0 0 9 3.77712 0.051674 1.0926 0.00154506 0.0159859 2.86361 1.28517 0.140836 0.792962 0.00717311 0.930174 0 0 8 3.77681 0.0504931  0 0 7 3.58936 0.0653479  0 0 9 3.37882 0.0587891  0 0 6 3.07064 1.3909  0 1 8 2.87949 1.33607 
12500 1 0 7 0 0 9 3.77712 0.051674 1.09948 0.00154506 0.0159859 2.86361 1.28517 0.140836 0.792962 0.00717311 0.930174 0 0 8 3.77681 0.0504931  0 0 7 3.58936 0.0653479  0 0 9 3.37882 0.0587891  0 0 6 3.07064 1.3909  0 1 8 2.87949 1.33607 
13000 1 0 7 0 0 9 3.77712 0.051674 1.10381 0.00154506 0.0159859 2.86361 1.28517 0.140836 0.792962 0.00717311 0.930174 0 0 8 3.77681 0.0504931  0 0 7 3.58936 0.0653479  0 0 9 3.37882 0.0587891  0 0 6 3.07064 1.3909  0 1 8 2.87949 1.33607 
13500 1 0 7 0 0 9 3.77712 0.051674 1.11349 0.00154506 0.0159859 2.86361 1.28517 0.140836 0.792962 0.00717311 0.930174 0 0 8 3.77681 0.0504931  0 0 7 3.58936 0.0653479  0 0 9 3.37882 0.0587891  0 0 6 3.07064 1.3909  0 1 8 2.87949 1.33607 
14000 1 0 7 0 0 9 3.77712 0.051674 1.11818 0.00154506 0.0159859 2.86361 1.28517 0.140836 0.792962 0.00717311 0.930174 0 0 8 3.77681 0.0504931  0 0 7 3.58936 0.0653479  0 0 9 3.37882 0.0587891  0 0 6 3.07064 1.3909  0 1 8 2.93839 1.23798 
14500 1 0 7 0 0 9 3.77712 0.051674 1.1247 0.00154506 0.0159859 2.78209 1.43221 0.140836 0.792962 0.0292383 0.898556 0 0 8 3.77681 0.0504931  0 0 7 3.58936 0.0653479  0 0 9 3.42514 0.378056  0 0 6 3.07064 1.3909  0 1 8 2.93839 1.23798 
15000 1 0 7 0 0 9 3.77712 0.051674 1.12616 0.00154506 0.0159859 2.78209 1.43221 0.140836 0.792962 0.0292383 0.898556 0 0 8 3.77681 0.0504931  0 0 7 3.58936 0.0653479  0 0 9 3.42514 0.378056  0 0 6 3.07064 1.3909  0 1 8 2.93839 1.23798 
15500 1 0 7 0 0 9 3.77712 0.051674 1.12831 0.00154506 0.0159859 2.78209 1.43221 0.140836 0.792962 0.0292383 0.898556 0 0 8 3.77681 0.0504931  0 0 7 3.58936 0.0653479  0 0 9 3.42514 0.378056  0 0 6 3.07064 1.3909  0 1 8 2.95157 1.08273 
16000 1 0 7 0 0 9 3.77712 0.051674 1.13216 0.00154506 0.0159859 2.78209 1.43221 0.140836 0.792962 0.0292383 0.898556 0 0 8 3.77681 0.0504931  0 0 7 3.58936 0.0653479  0 0 9 3.42514 0.378056  0 0 6 3.07064 1.3909  0 1 8 2.95157 1.08273 
16500 1 0 7 0 0 9 3.77712 0.051674 1.13643 0.00154506 0.0159859 2.78209 1.43221 0.140836 0.792962 0.0292383 0.898556 0 0 8 3.77681 0.0504931  0 0 7 3.58936 0.0653479  0 0 9 3.42514 0.378056  0 0 6 3.07147 1.20734  0 1 8 2.95157 1.08273 
17000 1 0 7 0 0 9 3.77712 0.051674 1.13859 0.00154506 0.0159859 1.92483 1.75126 0.140836 0.792962 0.0190674 0.90388 0 0 8 3.77681 0.0504931  0 0 7 3.58936 0.0653479  0 0 9 3.49245 0.0633878  0 0 6 3.07147 1.20734  0 1 8 2.95157 1.08273 
17500 1 0 7 0 0 9 3.77712 0.051674 1.14373 0.00154506 0.0159859 1.92483 1.75126 0.140836 0.792962 0.0190674 0.90388 0 0 8 3.77681 0.0504931  0 0 7 3.58936 0.0653479  0 0 9 3.49245 0.0633878  0 0 6 3.07147 1.20734  0 1 8 2.95157 1.08273 
18000 1 0 7 0 0 9 3.77846 0.049635 1.14403 -0.0011104 0.009858 1.92483 1.75126 0.148942 0.789167 0.0190674 0.90388 0 0 8 3.77681 0.0504931  0 0 7 3.58936 0.0653479  0 0 9 3.49245 0.0633878  0 0 6 3.07147 1.20734  0 1 8 2.95157 1.08273 
18500 1 0 7 0 0 9 3.77846 0.049635 1.14617 -0.0011104 0.009858 1.92483 1.75126 0.148942 0.789167 0.0190674 0.90388 0 0 8 3.77681 0.0504931  0 0 7 3.58936 0.0653479  0 0 9 3.49245 0.0633878  0 0 6 3.07147 1.20734  0 1 8 2.95157 1.08273 
19000 1 0 7 0 0 9 3.77846 0.049635 1.14917 -0.0011104 0.009858 1.92483 1.75126 0.148942 0.789167 0.0190674 0.90388 0 0 8 3.77681 0.0504931  0 0 7 3.58936 0.0653479  0 0 9 3.49245 0.0633878  0 0 6 3.07147 1.20734  0 1 8 2.95157 1.08273 
19500 1 0 7 0 0 9 3.77846 0.049635 1.15314 -0.0011104 0.009858 1.92483 1.75126 0.148942 0.789167 0.0190674 0.90388 0 0 8 3.77681 0.0504931  0 0 7 3.58936 0.0653479  0 0 9 3.49245 0.0633878  0 0 6 3.07147 1.20734  0 1 8 2.95157 1.08273 
20000 1 0 7 0 0 9 3.77846 0.049635 1.15587 -0.0011104 0.009858 1.92483 1.75126 0.148942 0.789167 0.0190674 0.90388 0 0 8 3.77681 0.0504931  0 0 7 3.58936 0.0653479  0 0 9 3.49245 0.0633878  0 0 6 3.07147 1.20734  0 1 8 2.95157 1.08273 
