500 0 0 3 0 0 1 3.65176 0.0444772 0.972028 -0.000451392 0.0245744 0.114901 0.632172 0.18083 0.742606 0.336164 0.366873 0 0 3 3.65176 0.0444772  0 0 4 3.61007 0.0490522  0 1 3 2.32427 1.40143  0 0 2 2.14211 1.74226  0 0 1 1.89305 1.77838 
1000 3 0 1 0 0 1 3.71986 0.0425444 1.15922 0.00100397 0.00998942 0.114901 0.632172 0.645708 0.284846 0.336164 0.366873 0 0 4 3.69031 0.0504347  0 0 3 3.67006 0.0515867  0 0 2 2.81119 1.49738  0 1 3 2.32427 1.40143  0 0 1 1.89305 1.77838 
1500 4 0 0 0 0 1 3.76352 0.0534752 1.2497 0.000674525 0.00563781 0.114901 0.632172 0.863113 0.0596122 0.336164 0.366873 0 0 3 3.74938 0.0488744  0 0 4 3.74033 0.049558  0 0 2 2.81119 1.49738  0 1 3 2.32427 1.40143  0 0 1 1.89305 1.77838 
2000 4 0 0 0 1 3 3.76352 0.0534752 1.27775 0.000674525 0.00563781 0.77931 1.42924 0.863113 0.0596122 0.0629404 0.908467 0 0 3 3.75359 0.0498038  0 0 4 3.74033 0.049558  0 0 2 2.98655 1.45478  0 1 3 2.35632 1.39533  0 2 4 1.90665 1.75525 
2500 4 0 0 0 1 3 3.76715 0.0474564 1.30491 0.000704423 0.00700892 0.77931 1.42924 0.861451 0.0652089 0.0629404 0.908467 0 0 3 3.7661 0.0527235  0 0 4 3.74033 0.049558  0 0 2 2.98655 1.45478  0 1 3 2.35632 1.39533  0 1 4 1.982 1.53631 
3000 4 0 0 0 1 3 3.76715 0.0474564 1.352 0.000704423 0.00700892 0.77931 1.42924 0.861451 0.0652089 0.0629404 0.908467 0 0 3 3.7661 0.0527235  0 0 4 3.74033 0.049558  0 0 2 2.98655 1.45478  0 1 3 2.35632 1.39533  0 0 1 2.20957 1.80454 
3500 4 0 0 0 1 3 3.76715 0.0474564 1.37099 0.000704423 0.00700892 0.828035 1.51896 0.861451 0.0652089 0.0910688 0.885727 0 0 3 3.7661 0.0527235  0 0 4 3.74033 0.049558  0 0 2 3.02818 1.45606  0 1 4 2.37577 1.66802  0 1 3 2.36007 1.50144 
4000 4 0 0 0 1 3 3.76715 0.0474564 1.3943 0.000704423 0.00700892 0.828035 1.51896 0.861451 0.0652089 0.0910688 0.885727 0 0 3 3.7661 0.0527235  0 0 4 3.74033 0.049558  0 0 2 3.02818 1.45606  0 1 4 2.37577 1.66802  0 1 3 2.36007 1.50144 
4500 4 0 0 0 0 4 3.76715 0.0474564 1.39889 0.000704423 0.00700892 3.12709 1.40194 0.861451 0.0652089 0.203436 0.722962 0 0 3 3.7661 0.0527235  0 0 4 3.74365 0.0475234  0 0 2 3.02818 1.45606  0 1 4 2.37577 1.66802  0 1 3 2.36007 1.50144 
5000 4 0 0 0 0 4 3.76715 0.0474564 1.39796 0.000704423 0.00700892 1.41552 1.81747 0.861451 0.0652089 0.0816413 0.721195 0 0 3 3.7661 0.0527235  0 0 4 3.74596 0.0544173  0 0 2 3.02818 1.45606  0 1 4 2.37577 1.66802  0 1 3 2.36007 1.50144 
5500 4 0 0 0 0 4 3.77218 0.0454376 1.40292 0.000705024 0.0070149 1.41552 1.81747 0.86201 0.0620399 0.0816413 0.721195 0 0 3 3.7661 0.0527235  0 0 4 3.74596 0.0544173  0 0 2 3.02818 1.45606  0 1 4 2.37577 1.66802  0 1 3 2.36007 1.50144 
6000 4 0 0 0 0 4 3.77218 0.0454376 1.41333 0.000705024 0.0070149 1.41552 1.81747 0.86201 0.0620399 0.0816413 0.721195 0 0 3 3.7661 0.0527235  0 0 4 3.74596 0.0544173  0 0 2 3.02818 1.45606  0 1 3 2.46199 1.48563  0 1 4 2.37577 1.66802 
6500 4 0 0 0 0 4 3.77218 0.0454376 1.42381 0.000705024 0.0070149 3.12422 1.39962 0.86201 0.0620399 0.132427 0.806215 0 0 3 3.7661 0.0527235  0 0 4 3.75184 0.0528793  0 0 2 3.02818 1.45606  0 1 3 2.46199 1.48563  0 1 4 2.37577 1.66802 
7000 3 0 0 0 1 3 3.77749 0.0492466 1.4368 0.000456455 0.00910669 0.820423 1.5041 0.782145 0.155238 0.0831167 0.891053 0 0 3 3.7661 0.0527235  0 0 4 3.75872 0.0498356  0 0 2 3.02818 1.45606  0 1 3 2.46199 1.48563  0 1 4 2.37577 1.66802 
7500 3 0 0 0 1 3 3.77749 0.0492466 1.44286 0.000456455 0.00910669 0.825894 1.51385 0.782145 0.155238 0.0837874 0.8927 0 0 3 3.7661 0.0527235  0 0 4 3.75872 0.0498356  0 0 2 3.02818 1.45606  0 1 3 2.61528 1.45863  0 1 4 2.37577 1.66802 
8000 3 0 0 0 1 3 3.79122 0.0490767 1.44915 0.000912213 0.0107697 0.825894 1.51385 0.768245 0.179125 0.0837874 0.8927 0 0 3 3.7661 0.0527235  0 0 4 3.75872 0.0498356  0 0 2 3.02818 1.45606  0 1 3 2.61528 1.45863  0 1 4 2.37577 1.66802 
8500 3 0 0 0 1 3 3.79122 0.0490767 1.463 0.000912213 0.0107697 0.825894 1.51385 0.768245 0.179125 0.0837874 0.8927 0 0 3 3.7661 0.0527235  0 0 4 3.75872 0.0498356  0 0 2 3.02818 1.45606  0 1 3 2.61528 1.45863  0 1 4 2.37577 1.66802 
9000 3 0 0 0 1 3 3.79193 0.0462762 1.46494 -0.00119862 0.0104638 0.825894 1.51385 0.791282 0.14347 0.0837874 0.8927 0 0 3 3.7661 0.0527235  0 0 4 3.75872 0.0498356  0 0 2 3.02818 1.45606  0 1 3 2.61528 1.45863  0 1 4 2.37577 1.66802 
9500 3 0 0 0 1 3 3.79193 0.0462762 1.46749 -0.00119862 0.0104638 0.825894 1.51385 0.791282 0.14347 0.0837874 0.8927 0 0 3 3.7661 0.0527235  0 0 4 3.75872 0.0498356  0 0 2 3.02818 1.45606  0 1 3 2.61528 1.45863  0 1 4 2.37577 1.66802 
10000 3 0 0 0 1 3 3.79193 0.0462762 1.48012 -0.00119862 0.0104638 0.825894 1.51385 0.791282 0.14347 0.0837874 0.8927 0 0 3 3.7661 0.0527235  0 0 4 3.75872 0.0498356  0 0 2 3.02818 1.45606  0 1 4 2.8433 1.60119  0 1 3 2.61528 1.45863 
10500 4 0 0 0 0 3 3.79429 0.0506529 1.48959 0.000552087 0.00881904 0.536823 1.34014 0.813188 0.119548 0.105729 0.670224 0 0 3 3.7661 0.0527235  0 0 4 3.75872 0.0498356  0 0 2 3.02818 1.45606  0 1 4 2.8433 1.60119  0 1 3 2.75437 1.42419 
11000 4 0 0 0 0 3 3.79429 0.0506529 1.49881 0.000552087 0.00881904 0.536823 1.34014 0.813188 0.119548 0.105729 0.670224 0 0 3 3.7661 0.0527235  0 0 4 3.75872 0.0498356  0 0 2 3.02818 1.45606  0 1 4 2.8433 1.60119  0 1 3 2.75437 1.42419 
11500 4 0 0 0 0 3 3.79429 0.0506529 1.50937 0.000552087 0.00881904 0.536823 1.34014 0.813188 0.119548 0.105729 0.670224 0 0 3 3.7661 0.0527235  0 0 4 3.75872 0.0498356  0 0 2 3.02818 1.45606  0 1 4 2.8433 1.60119  0 1 3 2.75437 1.42419 
12000 4 0 0 0 0 3 3.79429 0.0506529 1.51224 0.000552087 0.00881904 0.536823 1.34014 0.813188 0.119548 0.105729 0.670224 0 0 3 3.7661 0.0527235  0 0 4 3.75872 0.0498356  0 0 2 3.02818 1.45606  0 1 4 2.8433 1.60119  0 1 3 2.75437 1.42419 
12500 4 0 0 0 0 3 3.79429 0.0506529 1.51383 0.000552087 0.00881904 0.536823 1.34014 0.813188 0.119548 0.105729 0.670224 0 0 3 3.7661 0.0527235  0 0 4 3.75872 0.0498356  0 0 2 3.02818 1.45606  0 1 4 2.8433 1.60119  0 1 3 2.75437 1.42419 
13000 4 0 0 0 0 3 3.79429 0.0506529 1.51687 0.000552087 0.00881904 0.536823 1.34014 0.813188 0.119548 0.105729 0.670224 0 0 3 3.7661 0.0527235  0 0 4 3.75872 0.0498356  0 0 2 3.02818 1.45606  0 1 4 2.8433 1.60119  0 1 3 2.75437 1.42419 
13500 4 0 0 0 0 3 3.79429 0.0506529 1.52227 0.000552087 0.00881904 0.536823 1.34014 0.813188 0.119548 0.105729 0.670224 0 0 3 3.7661 0.0527235  0 0 4 3.75872 0.0498356  0 0 2 3.02818 1.45606  0 1 4 2.8433 1.60119  0 1 3 2.75437 1.42419 
14000 4 0 0 0 0 3 3.79429 0.0506529 1.52516 0.000552087 0.00881904 0.536823 1.34014 0.813188 0.119548 0.105729 0.670224 0 0 3 3.7661 0.0527235  0 0 4 3.75872 0.0498356  0 0 2 3.02818 1.45606  0 1 4 2.8433 1.60119  0 1 3 2.75437 1.42419 
14500 4 0 0 0 0 4 3.79429 0.0506529 1.52818 0.000552087 0.00881904 0.536644 1.34028 0.813188 0.119548 0.149669 0.533619 0 0 3 3.76816 0.0525001  0 0 4 3.75872 0.0498356  0 0 2 3.02818 1.45606  0 1 4 2.8433 1.60119  0 1 3 2.75437 1.42419 
15000 4 0 0 0 0 4 3.79429 0.0506529 1.53474 0.000552087 0.00881904 0.536644 1.34028 0.813188 0.119548 0.149669 0.533619 0 0 3 3.76816 0.0525001  0 0 4 3.75872 0.0498356  0 0 2 3.02818 1.45606  0 1 4 2.8433 1.60119  0 1 3 2.75437 1.42419 
15500 4 0 0 0 0 4 3.79429 0.0506529 1.53908 0.000552087 0.00881904 0.536644 1.34028 0.813188 0.119548 0.149669 0.533619 0 0 3 3.76869 0.0524568  0 0 4 3.75872 0.0498356  0 0 2 3.02818 1.45606  0 1 4 2.8433 1.60119  0 1 3 2.75437 1.42419 
16000 4 0 0 0 0 4 3.79429 0.0506529 1.54099 0.000552087 0.00881904 0.536644 1.34028 0.813188 0.119548 0.149669 0.533619 0 0 3 3.76869 0.0524568  0 0 4 3.75872 0.0498356  0 0 2 3.02818 1.45606  0 1 4 2.8433 1.60119  0 1 3 2.75437 1.42419 
16500 4 0 0 0 0 4 3.79429 0.0506529 1.54527 0.000552087 0.00881904 0.536644 1.34028 0.813188 0.119548 0.149669 0.533619 0 0 3 3.76869 0.0524568  0 0 4 3.75872 0.0498356  0 0 2 3.02818 1.45606  0 1 4 2.8433 1.60119  0 1 3 2.75437 1.42419 
17000 3 0 0 0 0 4 3.79592 0.0466301 1.54764 0.00107248 0.0106711 0.536644 1.34028 0.759462 0.179362 0.149669 0.533619 0 0 3 3.76871 0.0449462  0 0 4 3.75872 0.0498356  0 0 2 3.02818 1.45606  0 1 4 2.8433 1.60119  0 1 3 2.75437 1.42419 
17500 3 0 0 0 0 4 3.79592 0.0466301 1.5514 0.00107248 0.0106711 0.536644 1.34028 0.759462 0.179362 0.149669 0.533619 0 0 3 3.76871 0.0449462  0 0 4 3.75872 0.0498356  0 0 2 3.02818 1.45606  0 1 4 2.8433 1.60119  0 1 3 2.75437 1.42419 
18000 3 0 0 0 0 4 3.79592 0.0466301 1.55489 0.00107248 0.0106711 0.536644 1.34028 0.759462 0.179362 0.149669 0.533619 0 0 3 3.76871 0.0449462  0 0 4 3.75872 0.0498356  0 0 2 3.02818 1.45606  0 1 4 2.8433 1.60119  0 1 3 2.75437 1.42419 
18500 3 0 0 0 0 4 3.79592 0.0466301 1.55702 0.00107248 0.0106711 0.536644 1.34028 0.759462 0.179362 0.149669 0.533619 0 0 3 3.76871 0.0449462  0 0 4 3.75872 0.0498356  0 0 2 3.02818 1.45606  0 1 4 2.8433 1.60119  0 1 3 2.75437 1.42419 
19000 3 0 0 0 0 4 3.79592 0.0466301 1.55965 0.00107248 0.0106711 0.536644 1.34028 0.759462 0.179362 0.149669 0.533619 0 0 3 3.76871 0.0449462  0 0 4 3.75872 0.0498356  0 0 2 3.02818 1.45606  0 1 4 2.8433 1.60119  0 1 3 2.75437 1.42419 
19500 3 0 0 0 0 4 3.79592 0.0466301 1.56541 0.00107248 0.0106711 0.536644 1.34028 0.759462 0.179362 0.149669 0.533619 0 0 3 3.76871 0.0449462  0 0 4 3.75872 0.0498356  0 0 2 3.02818 1.45606  0 1 4 2.8433 1.60119  0 1 3 2.75437 1.42419 
20000 3 0 0 0 0 4 3.79592 0.0466301 1.56804 0.00107248 0.0106711 0.536644 1.34028 0.759462 0.179362 0.149669 0.533619 0 0 3 3.76871 0.0449462  0 0 4 3.75872 0.0498356  0 0 2 3.02818 1.45606  0 1 4 2.8433 1.60119  0 1 3 2.75437 1.42419 
