500 17 0 11 0 9 11 1.07969 0.166459 0.00437446 0.000352858 0.00724319 0.0109712 0.0781876 0.598089 0.369258 0.438525 0.374471 0 9 11 0.0344659 0.190881  0 3 25 0.0314654 0.139026  0 14 29 0.0295747 0.153807  0 18 28 0.0271638 0.132477  0 15 27 0.0250775 0.156765 
1000 16 0 12 0 4 15 2.61519 0.0597747 0.00581393 -0.00021289 0.0241196 0.0842386 0.459403 0.538524 0.414147 0.645991 0.0200018 0 4 9 0.0623249 0.270132  0 14 21 0.0567335 0.214701  0 4 15 0.0440306 0.315643  0 9 11 0.0344659 0.190881  0 3 25 0.0314654 0.139026 
1500 14 1 13 0 0 20 3.37208 0.853301 0.0077298 -0.00171696 0.0214381 0.106012 0.506352 0.497504 0.465116 0.0179138 0.692112 0 4 9 0.0623249 0.270132  0 0 20 0.0622445 0.379072  0 14 21 0.0567335 0.214701  0 4 15 0.0440306 0.315643  0 0 28 0.0359424 0.0771105 
2000 14 1 13 0 0 16 3.37208 0.853301 0.00942144 -0.00171696 0.0214381 0.276325 0.856761 0.497504 0.465116 0.329841 0.696051 0 0 22 0.1524 0.391503  0 10 20 0.104011 0.421161  0 0 16 0.0798177 0.452037  0 4 9 0.0623249 0.270132  0 0 20 0.0622445 0.379072 
2500 14 1 13 0 0 16 3.37208 0.853301 0.0114046 -0.00171696 0.0214381 0.276325 0.856761 0.497504 0.465116 0.329841 0.696051 0 0 22 0.1524 0.391503  0 10 20 0.104011 0.421161  0 3 11 0.0980889 0.313154  0 12 25 0.0848245 0.240592  0 0 16 0.0798177 0.452037 
3000 14 0 14 0 13 25 3.5566 0.0498018 0.0133417 -0.0117878 0.0167166 0.479546 1.14146 0.487579 0.472971 0.0329727 0.876541 0 0 18 0.288333 0.876892  0 3 17 0.197795 0.72613  0 0 22 0.1524 0.391503  0 13 25 0.135154 0.661172  0 10 20 0.104011 0.421161 
3500 14 0 14 0 13 25 3.5566 0.0498018 0.0155357 -0.0117878 0.0167166 0.479546 1.14146 0.487579 0.472971 0.0329727 0.876541 0 0 18 0.288333 0.876892  0 3 17 0.197795 0.72613  0 0 22 0.1524 0.391503  0 13 25 0.135154 0.661172  0 4 7 0.13395 0.657856 
4000 14 0 14 0 0 24 3.5566 0.0498018 0.0176832 -0.0117878 0.0167166 0.585506 1.28999 0.487579 0.472971 0.0274843 0.943445 0 0 18 0.454168 1.1125  0 0 24 0.212171 0.831274  0 3 17 0.197795 0.72613  0 0 10 0.180591 0.692244  0 0 22 0.1524 0.391503 
4500 14 0 14 0 0 24 3.5566 0.0498018 0.0191199 -0.0117878 0.0167166 0.585506 1.28999 0.487579 0.472971 0.0274843 0.943445 0 0 18 0.454168 1.1125  0 1 18 0.239946 0.7618  0 0 24 0.212171 0.831274  0 3 17 0.197795 0.72613  0 0 10 0.180591 0.692244 
5000 14 0 14 0 0 24 3.5566 0.0498018 0.020834 -0.0117878 0.0167166 0.585506 1.28999 0.487579 0.472971 0.0274843 0.943445 0 0 18 0.454168 1.1125  0 3 12 0.353517 0.987418  0 6 23 0.292573 0.799587  0 1 18 0.239946 0.7618  0 0 24 0.212171 0.831274 
5500 14 0 14 0 5 23 3.5566 0.0498018 0.0232701 -0.0117878 0.0167166 0.144508 0.689664 0.487579 0.472971 0.0123321 0.784976 0 0 18 0.454168 1.1125  0 3 12 0.353517 0.987418  0 6 23 0.292573 0.799587  0 5 23 0.255241 0.875504  0 12 21 0.248379 0.880734 
6000 14 0 14 0 0 24 3.5566 0.0498018 0.0257745 -0.0117878 0.0167166 0.445844 1.17444 0.487579 0.472971 0.0121702 0.855533 0 0 24 0.719294 1.38196  0 0 18 0.454168 1.1125  0 3 12 0.353517 0.987418  0 6 23 0.292573 0.799587  0 5 23 0.255241 0.875504 
6500 11 0 16 0 0 24 3.63457 0.0443578 0.0274401 0.22543 0.923704 0.445844 1.17444 0.393149 0.56412 0.0121702 0.855533 0 0 24 0.719294 1.38196  0 21 28 0.672495 1.29817  0 0 18 0.454168 1.1125  0 3 12 0.353517 0.987418  0 6 23 0.292573 0.799587 
7000 11 0 16 0 0 24 3.63457 0.0443578 0.0302279 0.22543 0.923704 0.445844 1.17444 0.393149 0.56412 0.0121702 0.855533 0 0 24 0.719294 1.38196  0 21 28 0.672495 1.29817  0 0 18 0.454168 1.1125  0 3 12 0.353517 0.987418  0 6 23 0.292573 0.799587 
7500 11 0 16 0 0 24 3.63457 0.0443578 0.0327525 0.22543 0.923704 0.445844 1.17444 0.393149 0.56412 0.0121702 0.855533 0 0 24 0.719294 1.38196  0 21 28 0.672495 1.29817  0 0 9 0.665133 1.32992  0 4 15 0.663562 1.32336  0 0 18 0.454168 1.1125 
8000 11 0 16 0 0 24 3.63457 0.0443578 0.0355201 0.22543 0.923704 0.445844 1.17444 0.393149 0.56412 0.0121702 0.855533 0 0 24 0.719294 1.38196  0 21 28 0.672495 1.29817  0 0 9 0.665133 1.32992  0 4 15 0.663562 1.32336  0 0 18 0.454168 1.1125 
8500 11 0 16 0 0 24 3.63457 0.0443578 0.0384391 0.22543 0.923704 0.445844 1.17444 0.393149 0.56412 0.0121702 0.855533 0 0 24 0.719294 1.38196  0 21 28 0.672495 1.29817  0 0 9 0.665133 1.32992  0 4 15 0.663562 1.32336  0 0 18 0.454168 1.1125 
9000 11 0 16 0 0 24 3.63457 0.0443578 0.0415768 0.22543 0.923704 0.57399 0.918235 0.393149 0.56412 0.0358421 0.812231 0 0 24 1.3814 0.966448  0 21 28 0.672495 1.29817  0 0 9 0.665133 1.32992  0 4 15 0.663562 1.32336  0 0 18 0.454168 1.1125 
9500 11 0 16 0 0 24 3.63457 0.0443578 0.0446021 0.22543 0.923704 0.57399 0.918235 0.393149 0.56412 0.0358421 0.812231 0 0 24 1.3814 0.966448  0 21 28 0.672495 1.29817  0 0 9 0.665133 1.32992  0 4 15 0.663562 1.32336  0 0 18 0.454168 1.1125 
10000 11 0 16 0 0 24 3.63457 0.0443578 0.0484747 0.22543 0.923704 0.57399 0.918235 0.393149 0.56412 0.0358421 0.812231 0 0 24 1.3814 0.966448  0 21 28 0.672495 1.29817  0 0 9 0.665133 1.32992  0 4 15 0.663562 1.32336  0 0 18 0.454168 1.1125 
10500 11 0 16 0 6 22 3.63457 0.0443578 0.0526043 0.22543 0.923704 0.835687 1.53389 0.393149 0.56412 0.0664832 0.907979 0 0 24 1.3814 0.966448  0 21 28 0.672495 1.29817  0 6 22 0.670066 1.37423  0 0 9 0.665133 1.32992  0 4 15 0.663562 1.32336 
11000 11 0 16 0 6 22 3.63457 0.0443578 0.0567939 0.22543 0.923704 0.835687 1.53389 0.393149 0.56412 0.0664832 0.907979 0 0 24 1.3814 0.966448  0 21 28 0.672495 1.29817  0 6 22 0.670066 1.37423  0 0 9 0.665133 1.32992  0 4 15 0.663562 1.32336 
11500 11 0 16 0 6 22 3.63457 0.0443578 0.0619435 0.22543 0.923704 0.835687 1.53389 0.393149 0.56412 0.0664832 0.907979 0 0 24 1.3814 0.966448  0 21 28 0.672495 1.29817  0 6 22 0.670066 1.37423  0 0 9 0.665133 1.32992  0 4 15 0.663562 1.32336 
12000 11 0 16 0 6 22 3.63457 0.0443578 0.0662528 0.22543 0.923704 0.835687 1.53389 0.393149 0.56412 0.0664832 0.907979 0 0 24 1.3814 0.966448  0 21 28 0.672495 1.29817  0 6 22 0.670066 1.37423  0 0 9 0.665133 1.32992  0 4 15 0.663562 1.32336 
12500 13 0 15 0 0 23 3.64791 0.0427727 0.0721346 0.00165999 0.011116 1.45806 1.71867 0.44841 0.503653 0.0583875 0.806263 0 0 24 1.3814 0.966448  0 0 23 0.750321 1.41883  0 21 28 0.672495 1.29817  0 6 22 0.670066 1.37423  0 0 9 0.665133 1.32992 
13000 9 0 19 0 0 23 3.70476 0.0417112 0.0795852 -0.000353594 0.0170663 1.45806 1.71867 0.310342 0.635895 0.0583875 0.806263 0 0 24 1.3814 0.966448  0 0 23 0.750321 1.41883  0 21 28 0.672495 1.29817  0 6 22 0.670066 1.37423  0 0 9 0.665133 1.32992 
13500 9 0 19 0 0 18 3.70476 0.0417112 0.0858604 -0.000353594 0.0170663 0.839235 1.5387 0.310342 0.635895 0.0739722 0.624713 0 0 24 1.3814 0.966448  0 0 18 0.815174 1.38078  0 0 23 0.786255 1.42031  0 21 28 0.672495 1.29817  0 6 22 0.670066 1.37423 
14000 7 0 20 0 0 18 3.70517 0.0359203 0.0922988 -0.00191741 0.0179179 0.839235 1.5387 0.245936 0.696341 0.0739722 0.624713 0 0 24 1.3814 0.966448  0 0 18 0.815174 1.38078  0 0 23 0.786255 1.42031  0 21 28 0.672495 1.29817  0 6 22 0.670066 1.37423 
14500 7 0 20 0 0 18 3.70517 0.0359203 0.0991844 -0.00191741 0.0179179 0.839235 1.5387 0.245936 0.696341 0.0739722 0.624713 0 0 24 1.3814 0.966448  0 0 18 0.815174 1.38078  0 0 23 0.786255 1.42031  0 21 28 0.672495 1.29817  0 6 22 0.670066 1.37423 
15000 7 0 20 0 0 23 3.70517 0.0359203 0.107598 -0.00191741 0.0179179 1.1917 1.67894 0.245936 0.696341 0.0574168 0.780122 0 0 24 1.3814 0.966448  0 0 23 0.968374 1.56223  0 0 18 0.815174 1.38078  0 21 28 0.672495 1.29817  0 6 22 0.670066 1.37423 
15500 7 0 20 0 0 18 3.70517 0.0359203 0.115304 -0.00191741 0.0179179 0.839235 1.5387 0.245936 0.696341 0.0739722 0.624713 0 0 24 1.3814 0.966448  0 0 23 1.02525 1.59513  0 0 18 0.815174 1.38078  0 21 28 0.672495 1.29817  0 6 22 0.670066 1.37423 
16000 7 0 20 0 0 18 3.70517 0.0359203 0.124197 -0.00191741 0.0179179 0.839235 1.5387 0.245936 0.696341 0.0739722 0.624713 0 0 28 1.5064 0.385387  0 0 24 1.3814 0.966448  0 0 23 1.02525 1.59513  0 0 18 0.815174 1.38078  0 21 28 0.672495 1.29817 
16500 7 0 20 0 0 18 3.70517 0.0359203 0.132431 -0.00191741 0.0179179 0.839235 1.5387 0.245936 0.696341 0.0739722 0.624713 0 0 28 1.5064 0.385387  0 0 24 1.3814 0.966448  0 0 23 1.02525 1.59513  0 0 18 0.815174 1.38078  0 21 28 0.672495 1.29817 
17000 7 0 20 0 0 18 3.70517 0.0359203 0.142367 -0.00191741 0.0179179 0.839235 1.5387 0.245936 0.696341 0.0739722 0.624713 0 0 28 1.5064 0.385387  0 0 24 1.3814 0.966448  0 0 23 1.02525 1.59513  0 0 18 0.815174 1.38078  0 21 28 0.672495 1.29817 
17500 7 0 20 0 0 18 3.70517 0.0359203 0.151347 -0.00191741 0.0179179 0.839235 1.5387 0.245936 0.696341 0.0739722 0.624713 0 0 28 1.5064 0.385387  0 0 24 1.3814 0.966448  0 0 23 1.02525 1.59513  0 0 18 0.815174 1.38078  0 21 28 0.672495 1.29817 
18000 7 0 20 0 3 20 3.70517 0.0359203 0.160713 -0.00191741 0.0179179 1.19683 0.729862 0.245936 0.696341 0.078982 0.716178 0 0 28 1.5064 0.385387  0 0 24 1.3814 0.966448  0 3 20 1.17201 0.699283  0 0 23 1.02525 1.59513  0 0 18 0.815174 1.38078 
18500 7 0 20 0 3 20 3.70517 0.0359203 0.172002 -0.00191741 0.0179179 1.19683 0.729862 0.245936 0.696341 0.078982 0.716178 0 0 28 1.5064 0.385387  0 0 24 1.3814 0.966448  0 3 20 1.17201 0.699283  0 0 23 1.02525 1.59513  0 0 18 0.815174 1.38078 
19000 7 0 20 0 4 23 3.70517 0.0359203 0.182239 -0.00191741 0.0179179 1.44373 0.629627 0.245936 0.696341 0.0330523 0.789882 0 0 28 1.5064 0.385387  0 4 23 1.44394 0.531838  0 0 24 1.3814 0.966448  0 3 20 1.17201 0.699283  0 0 23 1.02525 1.59513 
19500 26 0 1 0 4 23 3.70954 0.0474464 0.192668 0.00113816 0.0117662 1.44373 0.629627 0.868769 0.0468693 0.0330523 0.789882 0 0 28 1.5064 0.385387  0 4 23 1.44394 0.531838  0 0 24 1.3814 0.966448  0 3 20 1.17201 0.699283  0 0 23 1.02525 1.59513 
20000 24 0 3 0 4 21 3.73365 0.0501187 0.203115 0.00120594 0.011999 1.52697 0.651285 0.818746 0.106305 0.0463819 0.768377 0 0 28 1.5064 0.385387  0 4 23 1.44394 0.531838  0 0 24 1.3814 0.966448  0 3 20 1.17201 0.699283  0 4 21 1.10301 0.857831 
