500 13 0 14 0 2 17 2.50338 0.0316425 0.00681037 0.000932395 0.0195032 0.152431 0.772351 0.458874 0.490993 0.291199 0.496621 0 2 17 0.0626066 0.40114  0 15 28 0.034277 0.138511  0 25 26 0.0277952 0.135384  0 26 29 0.0202167 0.143656  0 24 29 0.0200499 0.193501 
1000 19 0 8 0 2 17 2.79544 0.0621344 0.00792404 0.00176955 0.0149843 0.152431 0.772351 0.656679 0.267358 0.291199 0.496621 0 12 24 0.300369 0.692501  0 3 16 0.0639811 0.352037  0 2 17 0.0626066 0.40114  0 15 28 0.034277 0.138511  0 25 26 0.0277952 0.135384 
1500 11 0 16 0 2 17 3.01069 0.0315717 0.00973633 0.274752 0.865309 0.152431 0.772351 0.387811 0.559271 0.291199 0.496621 0 12 24 0.300369 0.692501  0 0 17 0.228378 0.836411  0 3 16 0.0639811 0.352037  0 2 17 0.0626066 0.40114  0 15 28 0.034277 0.138511 
2000 11 0 16 0 2 17 3.01069 0.0315717 0.0117436 0.274752 0.865309 0.152431 0.772351 0.387811 0.559271 0.291199 0.496621 0 12 24 0.300369 0.692501  0 0 17 0.228378 0.836411  0 13 23 0.100241 0.362467  0 3 16 0.0639811 0.352037  0 2 17 0.0626066 0.40114 
2500 11 0 17 0 1 20 3.44187 0.136783 0.0132727 0.214188 0.773542 0.284578 0.952907 0.380035 0.575761 0.0311523 0.835731 0 12 24 0.300369 0.692501  0 0 17 0.228378 0.836411  0 1 20 0.102213 0.539054  0 13 23 0.100241 0.362467  0 3 16 0.0639811 0.352037 
3000 11 0 17 0 1 20 3.44187 0.136783 0.015254 0.214188 0.773542 0.284578 0.952907 0.380035 0.575761 0.0311523 0.835731 0 12 24 0.300369 0.692501  0 0 17 0.228378 0.836411  0 1 11 0.156965 0.692456  0 0 26 0.141582 0.694217  0 1 20 0.102213 0.539054 
3500 11 0 17 0 1 14 3.46674 0.0340781 0.0172089 0.104634 0.581297 0.38936 1.03131 0.387571 0.569338 0.687999 0.317525 0 1 14 0.321677 1.00402  0 12 24 0.300369 0.692501  0 0 17 0.228378 0.836411  0 19 27 0.170946 0.302968  0 1 11 0.156965 0.692456 
4000 11 0 17 0 1 14 3.46674 0.0340781 0.0197801 0.104634 0.581297 0.38936 1.03131 0.387571 0.569338 0.687999 0.317525 0 1 14 0.321677 1.00402  0 12 24 0.300369 0.692501  0 0 17 0.228378 0.836411  0 19 27 0.170946 0.302968  0 1 11 0.156965 0.692456 
4500 19 0 8 0 6 22 3.59885 0.04465 0.0211164 0.000658443 0.00655142 0.708894 1.30782 0.636858 0.29955 0.0569902 0.911413 0 6 22 0.333547 0.949538  0 1 14 0.321677 1.00402  0 12 24 0.300369 0.692501  0 0 17 0.236158 0.856375  0 19 27 0.170946 0.302968 
5000 19 0 8 0 6 22 3.59885 0.04465 0.0235396 0.000658443 0.00655142 0.708894 1.30782 0.636858 0.29955 0.0569902 0.911413 0 6 22 0.333547 0.949538  0 1 14 0.321677 1.00402  0 12 24 0.300369 0.692501  0 0 17 0.236158 0.856375  0 0 14 0.233875 0.791287 
5500 19 0 8 0 6 22 3.59885 0.04465 0.0258548 0.000658443 0.00655142 0.708894 1.30782 0.636858 0.29955 0.0569902 0.911413 0 6 22 0.333547 0.949538  0 1 14 0.321677 1.00402  0 12 24 0.300369 0.692501  0 0 17 0.236158 0.856375  0 0 14 0.233875 0.791287 
6000 19 0 8 0 6 22 3.59885 0.04465 0.0284311 0.000658443 0.00655142 0.708894 1.30782 0.636858 0.29955 0.0569902 0.911413 0 6 22 0.333547 0.949538  0 1 14 0.321677 1.00402  0 12 24 0.300369 0.692501  0 0 17 0.236158 0.856375  0 0 14 0.233875 0.791287 
6500 16 0 12 0 6 22 3.64536 0.160413 0.0316014 0.089839 0.566304 0.708894 1.30782 0.541679 0.402145 0.0569902 0.911413 0 1 22 0.431673 1.02814  0 0 23 0.365942 1.05752  0 6 22 0.333547 0.949538  0 1 14 0.321677 1.00402  0 12 24 0.300369 0.692501 
7000 16 0 12 0 6 22 3.64536 0.160413 0.0345608 0.089839 0.566304 0.708894 1.30782 0.541679 0.402145 0.0569902 0.911413 0 1 22 0.431673 1.02814  0 0 21 0.40424 1.09087  0 2 12 0.368243 1.00232  0 0 23 0.365942 1.05752  0 6 22 0.333547 0.949538 
7500 16 0 12 0 6 22 3.64536 0.160413 0.0384765 0.089839 0.566304 0.708894 1.30782 0.541679 0.402145 0.0569902 0.911413 0 1 22 0.431673 1.02814  0 0 21 0.40424 1.09087  0 2 12 0.368243 1.00232  0 0 23 0.365942 1.05752  0 6 22 0.333547 0.949538 
8000 16 0 12 0 6 22 3.64536 0.160413 0.0435116 0.089839 0.566304 0.708894 1.30782 0.541679 0.402145 0.0569902 0.911413 0 1 22 0.431673 1.02814  0 0 21 0.40424 1.09087  0 2 12 0.368243 1.00232  0 0 23 0.365942 1.05752  0 6 22 0.333547 0.949538 
8500 16 0 12 0 24 28 3.64536 0.160413 0.0482889 0.089839 0.566304 0.825695 1.51483 0.541679 0.402145 0.0987003 0.874272 0 4 22 0.59828 1.26739  0 24 28 0.474582 1.16579  0 1 22 0.431673 1.02814  0 0 21 0.40424 1.09087  0 2 12 0.368243 1.00232 
9000 16 0 12 0 24 28 3.64536 0.160413 0.0540632 0.089839 0.566304 0.825695 1.51483 0.541679 0.402145 0.0987003 0.874272 0 4 22 0.59828 1.26739  0 24 28 0.474582 1.16579  0 0 25 0.47322 0.875776  0 1 22 0.431673 1.02814  0 0 21 0.40424 1.09087 
9500 16 0 12 0 24 28 3.64536 0.160413 0.062185 0.089839 0.566304 0.825695 1.51483 0.541679 0.402145 0.0987003 0.874272 0 4 22 0.59828 1.26739  0 24 28 0.474582 1.16579  0 0 25 0.47322 0.875776  0 7 23 0.461826 1.07723  0 1 22 0.431673 1.02814 
10000 16 0 12 0 5 21 3.64536 0.160413 0.0718395 0.089839 0.566304 1.14659 0.883548 0.541679 0.402145 0.0318217 0.74621 0 5 21 0.759238 0.794505  0 4 22 0.59828 1.26739  0 24 28 0.474582 1.16579  0 0 25 0.47322 0.875776  0 7 23 0.461826 1.07723 
10500 16 0 12 0 5 21 3.64536 0.160413 0.0808434 0.089839 0.566304 1.14659 0.883548 0.541679 0.402145 0.0318217 0.74621 0 5 21 0.759238 0.794505  0 4 22 0.59828 1.26739  0 24 28 0.474582 1.16579  0 0 25 0.47322 0.875776  0 7 23 0.461826 1.07723 
11000 16 0 12 0 5 21 3.64536 0.160413 0.0899371 0.089839 0.566304 1.14659 0.883548 0.541679 0.402145 0.0318217 0.74621 0 5 21 0.759238 0.794505  0 4 22 0.59828 1.26739  0 0 14 0.514805 1.23684  0 24 28 0.474582 1.16579  0 0 25 0.47322 0.875776 
11500 3 0 23 0 0 20 3.68718 0.0503117 0.100691 0.00154506 0.0159859 1.99534 1.66441 0.13175 0.782966 0.231825 0.750766 0 4 22 0.982486 0.958006  0 5 21 0.759238 0.794505  0 6 24 0.65539 0.828199  0 5 23 0.620045 0.761055  0 0 20 0.527557 1.20491 
12000 3 0 23 0 5 24 3.68718 0.0503117 0.112332 0.00154506 0.0159859 1.91414 0.868752 0.13175 0.782966 0.0260803 0.836733 0 5 24 1.67558 0.907951  0 4 22 0.982486 0.958006  0 6 26 0.903127 0.879887  0 6 23 0.859173 0.834251  0 5 21 0.759238 0.794505 
12500 3 0 23 0 5 24 3.68718 0.0503117 0.124935 0.00154506 0.0159859 1.91414 0.868752 0.13175 0.782966 0.0260803 0.836733 0 5 24 1.67558 0.907951  0 6 24 1.33118 0.970556  0 4 22 0.982486 0.958006  0 6 26 0.903127 0.879887  0 6 23 0.859173 0.834251 
13000 3 0 23 0 5 24 3.68718 0.0503117 0.138603 0.00154506 0.0159859 1.91414 0.868752 0.13175 0.782966 0.0260803 0.836733 0 5 24 1.67558 0.907951  0 6 24 1.33118 0.970556  0 5 22 1.30906 0.79844  0 4 22 0.982486 0.958006  0 6 26 0.903127 0.879887 
13500 3 0 23 0 5 24 3.68718 0.0503117 0.153159 0.00154506 0.0159859 1.91414 0.868752 0.13175 0.782966 0.0260803 0.836733 0 4 24 1.94654 0.89778  0 5 24 1.67558 0.907951  0 5 23 1.48441 0.871396  0 6 24 1.33118 0.970556  0 5 22 1.30906 0.79844 
14000 3 0 23 0 5 22 3.68718 0.0503117 0.165759 0.00154506 0.0159859 1.99648 0.53394 0.13175 0.782966 0.05893 0.798867 0 4 24 1.94654 0.89778  0 5 22 1.82083 0.719091  0 5 24 1.67558 0.907951  0 6 24 1.57826 0.760603  0 5 23 1.48441 0.871396 
14500 3 0 23 0 5 22 3.68718 0.0503117 0.179392 0.00154506 0.0159859 1.99648 0.53394 0.13175 0.782966 0.05893 0.798867 0 4 24 1.94654 0.89778  0 5 22 1.82083 0.719091  0 5 23 1.7396 0.585195  0 5 24 1.67558 0.907951  0 6 24 1.57826 0.760603 
15000 3 0 24 0 5 22 3.73257 0.0588601 0.193939 0.00154506 0.0159859 1.99648 0.53394 0.109654 0.809632 0.05893 0.798867 0 4 24 1.94654 0.89778  0 5 22 1.82083 0.719091  0 5 23 1.7396 0.585195  0 5 24 1.67558 0.907951  0 6 24 1.57826 0.760603 
15500 3 0 24 0 2 23 3.73257 0.0588601 0.206015 0.00154506 0.0159859 2.87496 0.988212 0.109654 0.809632 0.0316393 0.842726 0 2 23 2.17197 1.1372  0 4 24 1.94654 0.89778  0 5 22 1.82083 0.719091  0 5 23 1.78482 0.585353  0 5 24 1.67558 0.907951 
16000 3 0 24 0 2 23 3.73257 0.0588601 0.219428 0.00154506 0.0159859 2.87496 0.988212 0.109654 0.809632 0.0316393 0.842726 0 2 23 2.17197 1.1372  0 5 23 2.0046 0.589241  0 4 24 1.94654 0.89778  0 5 22 1.82083 0.719091  0 5 24 1.67558 0.907951 
16500 3 0 24 0 2 23 3.73257 0.0588601 0.233532 0.00154506 0.0159859 2.87496 0.988212 0.109654 0.809632 0.0316393 0.842726 0 2 23 2.17197 1.1372  0 5 23 2.0046 0.589241  0 4 24 1.94654 0.89778  0 4 23 1.85902 0.892542  0 5 22 1.82083 0.719091 
17000 2 0 24 0 2 23 3.73435 0.0565077 0.246423 0.00154506 0.0159859 2.87496 0.988212 0.0974926 0.82506 0.0316393 0.842726 0 2 23 2.17197 1.1372  0 5 23 2.0046 0.589241  0 4 24 1.94654 0.89778  0 4 23 1.85902 0.892542  0 5 22 1.82083 0.719091 
17500 2 0 24 0 2 23 3.73435 0.0565077 0.25946 0.00154506 0.0159859 2.87496 0.988212 0.0974926 0.82506 0.0316393 0.842726 0 2 23 2.17197 1.1372  0 5 23 2.0046 0.589241  0 4 24 1.94654 0.89778  0 4 23 1.85902 0.892542  0 5 22 1.82083 0.719091 
18000 2 0 24 0 2 23 3.73435 0.0565077 0.272779 0.00154506 0.0159859 2.87496 0.988212 0.0974926 0.82506 0.0316393 0.842726 0 2 23 2.17197 1.1372  0 5 23 2.0046 0.589241  0 4 24 1.94654 0.89778  0 4 23 1.85902 0.892542  0 5 22 1.82083 0.719091 
18500 2 0 24 0 2 23 3.73435 0.0565077 0.286157 0.00154506 0.0159859 2.87496 0.988212 0.0974926 0.82506 0.0316393 0.842726 0 2 23 2.17197 1.1372  0 5 23 2.0046 0.589241  0 4 24 1.94654 0.89778  0 4 23 1.85902 0.892542  0 5 22 1.82083 0.719091 
19000 3 0 24 0 2 23 3.74721 0.0449593 0.2987 0.00149871 0.0160143 2.87496 0.988212 0.106331 0.818899 0.0316393 0.842726 0 2 23 2.17197 1.1372  0 5 23 2.0046 0.589241  0 4 24 1.94654 0.89778  0 4 23 1.85902 0.892542  0 5 22 1.82083 0.719091 
19500 3 0 24 0 2 23 3.74721 0.0449593 0.310379 0.00149871 0.0160143 2.87496 0.988212 0.106331 0.818899 0.0316393 0.842726 0 2 23 2.17197 1.1372  0 4 23 2.12148 0.791371  0 5 23 2.0046 0.589241  0 4 24 1.94654 0.89778  0 5 22 1.82083 0.719091 
20000 3 0 24 0 2 23 3.74721 0.0449593 0.321772 0.00149871 0.0160143 2.87496 0.988212 0.106331 0.818899 0.0316393 0.842726 0 2 23 2.17197 1.1372  0 4 23 2.12148 0.791371  0 5 23 2.0046 0.589241  0 4 24 1.94654 0.89778  0 4 22 1.90615 0.719303 
