500 2 0 11 0 2 14 2.89335 0.917967 0.0145561 1.43579 1.5802 0.078895 0.53039 0.170643 0.748328 0.0147866 0.80586 0 1 5 0.0959435 0.234409  0 0 1 0.0797954 0.513145  0 0 7 0.0788971 0.50666  0 2 14 0.0674437 0.335633  0 9 13 0.0327521 0.156003 
1000 6 0 7 0 1 11 3.59102 0.0405339 0.0324388 -0.000997985 0.0344082 0.930275 1.49134 0.435226 0.516136 0.0605553 0.791378 0 0 8 1.19285 1.67801  0 0 11 0.365268 1.00682  0 1 11 0.287557 0.91659  0 1 5 0.0959435 0.234409  0 0 1 0.0797954 0.513145 
1500 6 0 7 0 1 11 3.59102 0.0405339 0.0479646 -0.000997985 0.0344082 0.930275 1.49134 0.435226 0.516136 0.0605553 0.791378 0 0 8 1.19285 1.67801  0 0 11 0.939106 1.47266  0 1 11 0.287557 0.91659  0 2 6 0.267398 0.905334  0 0 1 0.108527 0.558774 
2000 6 0 7 0 1 10 3.59102 0.0405339 0.0853541 -0.000997985 0.0344082 1.59751 1.61856 0.435226 0.516136 0.127666 0.811317 0 0 9 1.60753 1.69064  0 0 11 1.2171 1.53892  0 0 8 1.19285 1.67801  0 0 10 0.680888 1.31831  0 1 10 0.636934 1.26447 
2500 11 0 1 0 0 11 3.64855 0.17124 0.132616 0.00176023 0.0167708 0.134169 0.645699 0.799256 0.118571 0.00893663 0.793768 0 0 9 1.60753 1.69064  0 0 6 1.39358 1.68064  0 0 11 1.2171 1.53892  0 0 8 1.19285 1.67801  0 1 8 0.745591 1.27269 
3000 0 0 13 0 0 13 3.7094 0.0495471 0.195931 0.864258 1.58002 0.864258 1.58002 0.0423056 0.873607 0.0201877 0.855372 0 0 13 3.7094 0.0495471  0 0 9 1.60753 1.69064  0 0 6 1.39358 1.68064  0 0 11 1.2171 1.53892  0 0 8 1.19285 1.67801 
3500 0 0 13 0 0 13 3.7094 0.0495471 0.261159 0.864258 1.58002 0.864258 1.58002 0.0423056 0.873607 0.0201877 0.855372 0 0 13 3.7094 0.0495471  0 0 9 1.60753 1.69064  0 0 6 1.39358 1.68064  0 0 11 1.2171 1.53892  0 0 8 1.19285 1.67801 
4000 0 0 13 0 0 12 3.7094 0.0495471 0.335886 0.864258 1.58002 3.44107 0.80136 0.0423056 0.873607 0.147658 0.751783 0 0 13 3.7094 0.0495471  0 0 12 3.30828 0.939925  0 0 9 2.54091 1.62522  0 0 6 1.39358 1.68064  0 1 10 1.36749 1.69038 
4500 11 0 2 0 0 12 3.72628 0.063149 0.402701 0.00186138 0.0186107 3.44107 0.80136 0.771498 0.153706 0.147658 0.751783 0 0 13 3.7094 0.0495471  0 0 12 3.30828 0.939925  0 0 10 2.90501 1.43267  0 0 11 2.86621 1.4113  0 0 9 2.54091 1.62522 
5000 11 0 2 0 0 12 3.72628 0.063149 0.453629 0.00186138 0.0186107 3.44107 0.80136 0.771498 0.153706 0.147658 0.751783 0 0 13 3.7094 0.0495471  0 0 12 3.30828 0.939925  0 0 10 2.90501 1.43267  0 0 11 2.86621 1.4113  0 0 9 2.54091 1.62522 
5500 11 0 2 0 0 12 3.72923 0.0472633 0.499706 0.00146441 0.0160439 3.0058 1.34055 0.776761 0.14773 0.0740709 0.823002 0 0 13 3.7094 0.0495471  0 0 12 3.57327 0.0590644  0 0 10 2.90501 1.43267  0 0 11 2.86621 1.4113  0 0 9 2.54091 1.62522 
6000 1 0 12 0 0 12 3.74396 0.0528073 0.548479 2.60387 1.71689 3.09636 1.3489 0.0822456 0.835366 0.0681331 0.83873 0 0 13 3.7094 0.0495471  0 0 12 3.67867 0.0608093  0 0 10 2.90501 1.43267  0 0 11 2.86621 1.4113  0 0 9 2.54091 1.62522 
6500 1 0 12 0 0 11 3.74396 0.0528073 0.593185 2.60387 1.71689 3.62359 0.365478 0.0822456 0.835366 0.151048 0.771156 0 0 13 3.7094 0.0495471  0 0 12 3.67867 0.0608093  0 0 11 2.99755 1.09679  0 0 10 2.90603 1.33804  0 0 9 2.54091 1.62522 
7000 1 0 12 0 0 11 3.74396 0.0528073 0.635447 2.60387 1.71689 3.15427 1.18902 0.0822456 0.835366 0.135956 0.760157 0 0 13 3.7094 0.0495471  0 0 12 3.67867 0.0608093  0 0 11 3.18105 0.906193  0 0 10 2.90603 1.33804  0 0 9 2.54091 1.62522 
7500 1 0 12 0 0 11 3.74396 0.0528073 0.67087 2.60387 1.71689 3.15427 1.18902 0.0822456 0.835366 0.135956 0.760157 0 0 13 3.7094 0.0495471  0 0 12 3.67867 0.0608093  0 0 11 3.18105 0.906193  0 0 10 2.90603 1.33804  0 0 9 2.54091 1.62522 
8000 1 0 12 0 0 12 3.74396 0.0528073 0.697983 2.60387 1.71689 3.65488 0.519568 0.0822456 0.835366 0.109516 0.825395 0 0 12 3.7379 0.0448214  0 0 13 3.7094 0.0495471  0 0 11 3.18105 0.906193  0 0 10 2.90603 1.33804  0 0 9 2.67428 1.55269 
8500 0 0 12 0 0 11 3.74417 0.0571552 0.726661 3.10433 1.39099 3.15427 1.18902 0.0619816 0.857046 0.135956 0.760157 0 0 12 3.74417 0.0571552  0 0 13 3.7094 0.0495471  0 0 11 3.18105 0.906193  0 0 10 2.90603 1.33804  0 0 9 2.67428 1.55269 
9000 0 0 12 0 1 11 3.74417 0.0571552 0.748322 3.10433 1.39099 3.19928 0.580077 0.0619816 0.857046 0.128396 0.755867 0 0 12 3.74417 0.0571552  0 0 13 3.7094 0.0495471  0 0 11 3.18105 0.906193  0 0 10 2.90603 1.33804  0 1 11 2.73629 0.697078 
9500 0 0 12 0 1 11 3.74417 0.0571552 0.765377 3.10433 1.39099 3.19928 0.580077 0.0619816 0.857046 0.128396 0.755867 0 0 12 3.74417 0.0571552  0 0 13 3.7094 0.0495471  0 0 11 3.18105 0.906193  0 0 10 2.90603 1.33804  0 1 11 2.73629 0.697078 
10000 0 0 12 0 0 11 3.74417 0.0571552 0.787361 3.10433 1.39099 3.15427 1.18902 0.0619816 0.857046 0.135956 0.760157 0 0 12 3.74417 0.0571552  0 0 13 3.7094 0.0495471  0 0 11 3.18105 0.906193  0 0 10 2.90603 1.33804  0 1 12 2.80532 0.865156 
10500 0 0 12 0 0 11 3.74417 0.0571552 0.805885 3.10433 1.39099 3.57755 0.4083 0.0619816 0.857046 0.140336 0.765337 0 0 12 3.74417 0.0571552  0 0 13 3.7094 0.0495471  0 0 11 3.34242 0.747263  0 0 10 2.90603 1.33804  0 1 12 2.80532 0.865156 
11000 4 0 9 0 0 11 3.77164 0.0396317 0.822995 0.00160492 0.0159688 3.57755 0.4083 0.274305 0.653943 0.140336 0.765337 0 0 12 3.74417 0.0571552  0 0 13 3.7094 0.0495471  0 0 11 3.34242 0.747263  0 0 10 2.90603 1.33804  0 1 12 2.80532 0.865156 
11500 4 0 9 0 0 11 3.77164 0.0396317 0.837466 0.00160492 0.0159688 3.57755 0.4083 0.274305 0.653943 0.140336 0.765337 0 0 12 3.74417 0.0571552  0 0 13 3.7094 0.0495471  0 0 11 3.34242 0.747263  0 0 10 2.90603 1.33804  0 1 12 2.80532 0.865156 
12000 4 0 9 0 0 11 3.77164 0.0396317 0.850834 0.00160492 0.0159688 3.57755 0.4083 0.274305 0.653943 0.140336 0.765337 0 0 12 3.74417 0.0571552  0 0 13 3.7094 0.0495471  0 0 11 3.34242 0.747263  0 0 10 2.90603 1.33804  0 1 12 2.80532 0.865156 
12500 4 0 9 0 0 11 3.77164 0.0396317 0.865473 0.00160492 0.0159688 3.57755 0.4083 0.274305 0.653943 0.140336 0.765337 0 0 12 3.74417 0.0571552  0 0 13 3.7094 0.0495471  0 0 11 3.34242 0.747263  0 0 10 2.90603 1.33804  0 1 12 2.80532 0.865156 
13000 4 0 9 0 0 11 3.77164 0.0396317 0.874061 0.00160492 0.0159688 3.57755 0.4083 0.274305 0.653943 0.140336 0.765337 0 0 12 3.74417 0.0571552  0 0 13 3.72572 0.0524055  0 0 11 3.34242 0.747263  0 0 10 3.07977 1.19684  0 1 12 2.80532 0.865156 
13500 4 0 9 0 0 11 3.77164 0.0396317 0.884952 0.00160492 0.0159688 3.55357 0.473013 0.274305 0.653943 0.120065 0.785315 0 0 12 3.74417 0.0571552  0 0 13 3.74078 0.082374  0 0 11 3.39727 0.599036  0 0 10 3.07977 1.19684  0 1 12 2.80532 0.865156 
14000 4 0 9 0 0 11 3.77164 0.0396317 0.891273 0.00160492 0.0159688 3.55357 0.473013 0.274305 0.653943 0.120065 0.785315 0 0 12 3.74417 0.0571552  0 0 13 3.74078 0.082374  0 0 11 3.39727 0.599036  0 0 10 3.07977 1.19684  0 0 9 2.82517 1.42737 
14500 4 0 9 0 0 11 3.77164 0.0396317 0.900767 0.00160492 0.0159688 3.55357 0.473013 0.274305 0.653943 0.120065 0.785315 0 0 12 3.74417 0.0571552  0 0 13 3.74078 0.082374  0 0 11 3.39727 0.599036  0 0 10 3.07977 1.19684  0 0 9 2.82517 1.42737 
15000 4 0 9 0 0 11 3.77164 0.0396317 0.910143 0.00160492 0.0159688 3.55357 0.473013 0.274305 0.653943 0.120065 0.785315 0 0 12 3.74417 0.0571552  0 0 13 3.74078 0.082374  0 0 11 3.39727 0.599036  0 0 10 3.07977 1.19684  0 0 9 2.82517 1.42737 
15500 4 0 9 0 0 11 3.77164 0.0396317 0.918898 0.00160492 0.0159688 3.55357 0.473013 0.274305 0.653943 0.120065 0.785315 0 0 12 3.74417 0.0571552  0 0 13 3.74078 0.082374  0 0 11 3.39727 0.599036  0 0 10 3.07977 1.19684  0 0 9 2.82517 1.42737 
16000 4 0 9 0 0 11 3.77164 0.0396317 0.927699 0.00160492 0.0159688 3.55357 0.473013 0.274305 0.653943 0.120065 0.785315 0 0 12 3.74417 0.0571552  0 0 13 3.74078 0.082374  0 0 11 3.39727 0.599036  0 0 10 3.08762 1.14187  0 0 9 2.82517 1.42737 
16500 4 0 8 0 0 12 3.77674 0.0444429 0.938059 0.00160492 0.0159688 3.10433 1.39099 0.331065 0.594461 0.0686398 0.855456 0 0 12 3.74417 0.0571552  0 0 13 3.74078 0.082374  0 0 11 3.44141 0.81279  0 0 10 3.08762 1.14187  0 0 9 2.82517 1.42737 
17000 7 0 6 0 0 12 3.78138 0.0473481 0.94505 0.00160492 0.0159688 3.10433 1.39099 0.514694 0.40545 0.0686398 0.855456 0 0 12 3.74417 0.0571552  0 0 13 3.74078 0.082374  0 0 11 3.44141 0.81279  0 0 10 3.08762 1.14187  0 0 9 2.82517 1.42737 
17500 7 0 6 0 0 12 3.78138 0.0473481 0.951277 0.00160492 0.0159688 3.10433 1.39099 0.514694 0.40545 0.0686398 0.855456 0 0 12 3.74417 0.0571552  0 0 13 3.74078 0.082374  0 0 11 3.44141 0.81279  0 0 10 3.08762 1.14187  0 0 9 2.87105 1.48434 
18000 7 0 6 0 0 12 3.78138 0.0473481 0.957221 0.00160492 0.0159688 3.10433 1.39099 0.514694 0.40545 0.0686398 0.855456 0 0 12 3.74417 0.0571552  0 0 13 3.74078 0.082374  0 0 11 3.44141 0.81279  0 0 10 3.08762 1.14187  0 0 9 2.87105 1.48434 
18500 7 0 6 0 0 12 3.78138 0.0473481 0.964577 0.00160492 0.0159688 3.10433 1.39099 0.514694 0.40545 0.0686398 0.855456 0 0 12 3.74417 0.0571552  0 0 13 3.74078 0.082374  0 0 11 3.44141 0.81279  0 0 10 3.08762 1.14187  0 0 9 2.87105 1.48434 
19000 7 0 6 0 0 12 3.78138 0.0473481 0.97138 0.00160492 0.0159688 3.10433 1.39099 0.514694 0.40545 0.0686398 0.855456 0 0 12 3.74417 0.0571552  0 0 13 3.74078 0.082374  0 0 11 3.44141 0.81279  0 0 10 3.08762 1.14187  0 0 9 2.87105 1.48434 
19500 7 0 6 0 0 12 3.78138 0.0473481 0.981361 0.00160492 0.0159688 3.10433 1.39099 0.514694 0.40545 0.0686398 0.855456 0 0 12 3.74417 0.0571552  0 0 13 3.74078 0.082374  0 0 11 3.44141 0.81279  0 0 10 3.08762 1.14187  0 0 9 2.87105 1.48434 
20000 7 0 6 0 0 12 3.78138 0.0473481 0.989133 0.00160492 0.0159688 3.10433 1.39099 0.514694 0.40545 0.0686398 0.855456 0 0 12 3.74417 0.0571552  0 0 13 3.74078 0.082374  0 0 11 3.44141 0.81279  0 0 10 3.08762 1.14187  0 0 9 2.87105 1.48434 
