500 3 0 10 0 4 6 3.41432 0.0495367 0.047417 0.00160492 0.0159688 0.177294 0.706699 0.223356 0.679672 0.958502 0.00879206 0 0 14 0.259955 0.785896  0 3 4 0.122886 0.600543  0 4 6 0.0321733 0.305041  0 0 4 0.0316338 0.314753  0 0 12 0.027729 0.0660297 
1000 8 0 5 0 0 9 3.69881 0.0556686 0.0986899 0.0778315 0.481706 1.04116 1.62308 0.556524 0.355409 0.113784 0.610809 0 0 2 0.3474 0.946327  0 0 7 0.28787 0.910816  0 0 14 0.259955 0.785896  0 3 13 0.240279 0.421048  0 0 9 0.183619 0.687494 
1500 8 0 5 0 2 12 3.69881 0.0556686 0.165535 0.0778315 0.481706 1.81225 0.607648 0.556524 0.355409 0.0148163 0.859978 0 2 11 1.3831 0.784288  0 2 12 1.25861 0.885711  0 0 3 0.764624 1.39931  0 0 2 0.52915 1.12863  0 0 11 0.429724 1.08453 
2000 10 0 2 0 0 11 3.72455 0.0561968 0.220872 0.143492 0.694999 2.71684 1.43456 0.725704 0.198653 0.076764 0.7394 0 2 11 2.21465 0.100978  0 0 9 1.83038 1.64449  0 2 12 1.60777 0.528557  0 0 3 0.764624 1.39931  0 0 11 0.726976 1.33833 
2500 11 0 2 0 0 11 3.72707 0.0556285 0.277401 -0.000912246 0.0082585 2.82776 1.47453 0.744306 0.181549 0.0563541 0.839045 0 0 11 2.33765 1.40719  0 2 11 2.21465 0.100978  0 0 9 1.83038 1.64449  0 2 12 1.60777 0.528557  0 3 10 1.01878 1.01092 
3000 11 0 2 0 0 11 3.72707 0.0556285 0.336273 -0.000912246 0.0082585 2.82776 1.47453 0.744306 0.181549 0.0563541 0.839045 0 1 12 2.9083 0.750207  0 1 11 2.34464 0.698552  0 0 11 2.33765 1.40719  0 0 10 2.26003 1.63097  0 2 11 2.21465 0.100978 
3500 11 0 2 0 0 12 3.72707 0.0556285 0.401823 -0.000912246 0.0082585 2.3055 1.59867 0.744306 0.181549 0.0447315 0.825075 0 0 11 3.21524 1.03033  0 1 12 2.9083 0.750207  0 0 12 2.75588 1.02339  0 1 11 2.37432 1.13434  0 0 10 2.26003 1.63097 
4000 11 0 2 0 1 11 3.72707 0.0556285 0.454065 -0.000912246 0.0082585 2.91114 0.631424 0.744306 0.181549 0.0387873 0.823243 0 0 11 3.21524 1.03033  0 1 12 2.9083 0.750207  0 0 12 2.88991 0.0827314  0 1 11 2.41391 0.490336  0 0 10 2.26003 1.63097 
4500 11 0 2 0 1 12 3.72707 0.0556285 0.495948 -0.000912246 0.0082585 3.14867 1.10047 0.744306 0.181549 0.0567222 0.831022 0 0 13 3.30946 0.762576  0 0 11 3.21524 1.03033  0 1 12 3.09256 0.501182  0 0 12 2.88991 0.0827314  0 1 11 2.73843 0.684514 
5000 11 0 2 0 1 12 3.72707 0.0556285 0.52937 -0.000912246 0.0082585 3.14867 1.10047 0.744306 0.181549 0.0567222 0.831022 0 0 13 3.30946 0.762576  0 0 11 3.21524 1.03033  0 1 12 3.09256 0.501182  0 0 12 2.88991 0.0827314  0 1 11 2.73843 0.684514 
5500 11 0 2 0 1 12 3.72707 0.0556285 0.558216 -0.000912246 0.0082585 3.14867 1.10047 0.744306 0.181549 0.0567222 0.831022 0 0 13 3.30946 0.762576  0 0 12 3.30932 0.890256  0 0 11 3.21524 1.03033  0 1 12 3.09256 0.501182  0 1 11 2.73843 0.684514 
6000 11 0 2 0 0 13 3.72707 0.0556285 0.587412 -0.000912246 0.0082585 3.24507 0.962693 0.744306 0.181549 0.0270235 0.875501 0 0 12 3.57017 0.0548485  0 0 13 3.36687 0.10252  0 0 11 3.21524 1.03033  0 1 12 3.09256 0.501182  0 1 11 2.73843 0.684514 
6500 11 0 2 0 0 13 3.72707 0.0556285 0.61286 -0.000912246 0.0082585 3.24507 0.962693 0.744306 0.181549 0.0270235 0.875501 0 0 12 3.70576 0.0518165  0 0 13 3.36687 0.10252  0 0 11 3.21524 1.03033  0 1 12 3.09256 0.501182  0 1 11 2.73843 0.684514 
7000 11 0 2 0 0 13 3.72707 0.0556285 0.636381 -0.000912246 0.0082585 3.24507 0.962693 0.744306 0.181549 0.0270235 0.875501 0 0 12 3.70576 0.0518165  0 0 13 3.36687 0.10252  0 0 11 3.21524 1.03033  0 1 12 3.09256 0.501182  0 1 11 2.73843 0.684514 
7500 11 0 2 0 0 13 3.72707 0.0556285 0.66034 -0.000912246 0.0082585 3.24507 0.962693 0.744306 0.181549 0.0270235 0.875501 0 0 12 3.70576 0.0518165  0 0 13 3.36687 0.10252  0 0 11 3.21524 1.03033  0 1 12 3.09256 0.501182  0 1 11 2.73843 0.684514 
8000 11 0 2 0 0 13 3.72707 0.0556285 0.681879 -0.000912246 0.0082585 3.24507 0.962693 0.744306 0.181549 0.0270235 0.875501 0 0 12 3.70576 0.0518165  0 0 13 3.36687 0.10252  0 0 11 3.21524 1.03033  0 1 12 3.09256 0.501182  0 1 11 2.73843 0.684514 
8500 11 0 2 0 0 13 3.72707 0.0556285 0.704688 -0.000912246 0.0082585 3.24507 0.962693 0.744306 0.181549 0.0270235 0.875501 0 0 12 3.70576 0.0518165  0 0 13 3.36687 0.10252  0 0 11 3.21524 1.03033  0 1 12 3.09256 0.501182  0 1 11 2.79 0.656029 
9000 11 0 2 0 1 11 3.72707 0.0556285 0.732951 -0.000912246 0.0082585 3.42615 0.354288 0.744306 0.181549 0.0942325 0.806146 0 0 12 3.70576 0.0518165  0 0 13 3.36687 0.10252  0 0 11 3.21524 1.03033  0 1 12 3.09256 0.501182  0 1 11 2.84877 0.683404 
9500 11 0 2 0 1 11 3.72707 0.0556285 0.75366 -0.000912246 0.0082585 3.42615 0.354288 0.744306 0.181549 0.0942325 0.806146 0 0 12 3.70576 0.0518165  0 0 13 3.36687 0.10252  0 0 11 3.28897 0.985541  0 1 12 3.09256 0.501182  0 1 11 2.84877 0.683404 
10000 11 0 2 0 0 13 3.72707 0.0556285 0.771255 -0.000912246 0.0082585 3.24507 0.962693 0.744306 0.181549 0.0270235 0.875501 0 0 12 3.70576 0.0518165  0 0 13 3.36687 0.10252  0 0 11 3.28897 0.985541  0 1 12 3.09256 0.501182  0 0 10 2.97016 1.42602 
10500 11 0 2 0 0 13 3.72707 0.0556285 0.786722 -0.000912246 0.0082585 3.34037 0.833345 0.744306 0.181549 0.0353428 0.868358 0 0 12 3.70576 0.0518165  0 0 13 3.38984 0.0689449  0 0 11 3.28897 0.985541  0 1 12 3.09256 0.501182  0 0 10 2.97016 1.42602 
11000 12 0 1 0 0 13 3.73437 0.0611593 0.804604 0.000617278 0.0082659 3.34037 0.833345 0.811265 0.108129 0.0353428 0.868358 0 0 12 3.70576 0.0518165  0 0 13 3.38984 0.0689449  0 0 11 3.28897 0.985541  0 1 12 3.09256 0.501182  0 0 10 2.97016 1.42602 
11500 12 0 1 0 0 13 3.73437 0.0611593 0.820729 0.000617278 0.0082659 3.34037 0.833345 0.811265 0.108129 0.0353428 0.868358 0 0 12 3.70576 0.0518165  0 0 13 3.38984 0.0689449  0 0 11 3.28897 0.985541  0 1 12 3.09256 0.501182  0 0 10 2.97016 1.42602 
12000 12 0 1 0 0 13 3.73437 0.0611593 0.83647 0.000617278 0.0082659 3.34037 0.833345 0.811265 0.108129 0.0353428 0.868358 0 0 12 3.70576 0.0518165  0 0 13 3.38984 0.0689449  0 0 11 3.28897 0.985541  0 1 12 3.09256 0.501182  0 0 10 2.97016 1.42602 
12500 12 0 1 0 0 13 3.73437 0.0611593 0.850741 0.000617278 0.0082659 3.34037 0.833345 0.811265 0.108129 0.0353428 0.868358 0 0 12 3.70576 0.0518165  0 0 13 3.38984 0.0689449  0 0 11 3.28897 0.985541  0 1 12 3.09256 0.501182  0 0 10 2.97016 1.42602 
13000 12 0 1 0 0 13 3.73437 0.0611593 0.867127 0.000617278 0.0082659 3.34037 0.833345 0.811265 0.108129 0.0353428 0.868358 0 0 12 3.70576 0.0518165  0 0 13 3.38984 0.0689449  0 0 11 3.28897 0.985541  0 1 12 3.09256 0.501182  0 0 10 2.97016 1.42602 
13500 12 0 1 0 0 13 3.73437 0.0611593 0.880716 0.000617278 0.0082659 3.34037 0.833345 0.811265 0.108129 0.0353428 0.868358 0 0 12 3.70576 0.0518165  0 0 13 3.38984 0.0689449  0 0 11 3.28897 0.985541  0 1 12 3.17808 0.472658  0 0 10 2.97016 1.42602 
14000 12 0 1 0 0 13 3.73437 0.0611593 0.892379 0.000617278 0.0082659 3.34037 0.833345 0.811265 0.108129 0.0353428 0.868358 0 0 12 3.70781 0.059306  0 0 13 3.38984 0.0689449  0 0 11 3.28897 0.985541  0 1 12 3.17808 0.472658  0 0 10 2.97016 1.42602 
14500 12 0 1 0 0 13 3.73514 0.0585676 0.904939 0.00108847 0.0108301 3.34037 0.833345 0.803996 0.119785 0.0353428 0.868358 0 0 12 3.70781 0.059306  0 0 13 3.38984 0.0689449  0 0 11 3.28897 0.985541  0 1 12 3.17808 0.472658  0 0 10 2.97016 1.42602 
15000 12 0 1 0 0 13 3.73514 0.0585676 0.913333 0.00108847 0.0108301 3.34037 0.833345 0.803996 0.119785 0.0353428 0.868358 0 0 12 3.70781 0.059306  0 0 13 3.38984 0.0689449  0 0 11 3.28897 0.985541  0 1 12 3.17808 0.472658  0 0 10 2.97016 1.42602 
15500 11 0 2 0 0 13 3.73554 0.0502018 0.923569 0.00134407 0.0133733 3.34037 0.833345 0.741124 0.180911 0.0353428 0.868358 0 0 12 3.70781 0.059306  0 0 13 3.38984 0.0689449  0 0 11 3.28897 0.985541  0 1 12 3.17808 0.472658  0 0 10 3.07867 1.27443 
16000 11 0 2 0 0 13 3.73554 0.0502018 0.93455 0.00134407 0.0133733 3.34037 0.833345 0.741124 0.180911 0.0353428 0.868358 0 0 12 3.70781 0.059306  0 0 13 3.38984 0.0689449  0 0 11 3.28897 0.985541  0 1 12 3.17808 0.472658  0 0 10 3.07867 1.27443 
16500 11 0 2 0 0 13 3.73554 0.0502018 0.94252 0.00134407 0.0133733 3.34037 0.833345 0.741124 0.180911 0.0353428 0.868358 0 0 12 3.70781 0.059306  0 0 13 3.38984 0.0689449  0 0 11 3.28897 0.985541  0 1 12 3.17808 0.472658  0 0 10 3.07867 1.27443 
17000 11 0 2 0 0 13 3.73554 0.0502018 0.952023 0.00134407 0.0133733 3.34037 0.833345 0.741124 0.180911 0.0353428 0.868358 0 0 12 3.70781 0.059306  0 0 13 3.38984 0.0689449  0 0 11 3.28897 0.985541  0 1 12 3.17808 0.472658  0 0 10 3.07867 1.27443 
17500 11 0 2 0 0 13 3.73554 0.0502018 0.9602 0.00134407 0.0133733 3.34037 0.833345 0.741124 0.180911 0.0353428 0.868358 0 0 12 3.71578 0.0559649  0 0 13 3.38984 0.0689449  0 0 11 3.28897 0.985541  0 1 12 3.17808 0.472658  0 0 10 3.07867 1.27443 
18000 11 0 2 0 0 13 3.73554 0.0502018 0.96683 0.00134407 0.0133733 3.34037 0.833345 0.741124 0.180911 0.0353428 0.868358 0 0 12 3.71578 0.0559649  0 0 13 3.38984 0.0689449  0 0 11 3.28897 0.985541  0 1 12 3.17808 0.472658  0 0 10 3.07867 1.27443 
18500 11 0 2 0 0 13 3.73554 0.0502018 0.974656 0.00134407 0.0133733 3.34037 0.833345 0.741124 0.180911 0.0353428 0.868358 0 0 12 3.71578 0.0559649  0 0 13 3.38984 0.0689449  0 0 11 3.28897 0.985541  0 1 12 3.17808 0.472658  0 0 10 3.07867 1.27443 
19000 11 0 2 0 0 13 3.73554 0.0502018 0.981405 0.00134407 0.0133733 3.34037 0.833345 0.741124 0.180911 0.0353428 0.868358 0 0 12 3.71578 0.0559649  0 0 13 3.38984 0.0689449  0 0 11 3.28897 0.985541  0 1 12 3.17808 0.472658  0 0 10 3.07867 1.27443 
19500 12 0 1 0 0 13 3.73631 0.0449816 0.987163 0.00114911 0.0114335 3.34037 0.833345 0.803276 0.11662 0.0353428 0.868358 0 0 12 3.71578 0.0559649  0 0 13 3.38984 0.0689449  0 0 11 3.28897 0.985541  0 1 12 3.17808 0.472658  0 0 10 3.07867 1.27443 
20000 12 0 1 0 0 13 3.73631 0.0449816 0.994843 0.00114911 0.0114335 3.34037 0.833345 0.803276 0.11662 0.0353428 0.868358 0 0 12 3.71578 0.0559649  0 0 13 3.38984 0.0689449  0 0 11 3.28897 0.985541  0 1 12 3.18524 0.46629  0 0 10 3.07867 1.27443 
