500 3 0 5 0 0 5 3.42721 0.0366041 0.115865 1.0925 1.61765 0.445691 1.16352 0.384378 0.567578 0.0701438 0.788945 0 0 2 0.942954 1.52038  0 0 3 0.800856 1.44797  0 1 4 0.542443 1.16706  0 0 5 0.415549 1.1304  0 0 6 0.384735 1.08965 
1000 4 0 4 0 0 8 3.62109 0.0404149 0.27497 0.116874 0.619753 1.0531 0.960157 0.49853 0.462518 0.0738767 0.792143 0 0 8 1.82785 0.0388857  0 4 8 1.71198 1.57322  0 0 7 1.01559 1.5154  0 0 6 0.981356 1.54799  0 0 2 0.942954 1.52038 
1500 4 0 4 0 0 8 3.62109 0.0404149 0.431536 0.116874 0.619753 1.0531 0.960157 0.49853 0.462518 0.0738767 0.792143 0 0 7 1.88771 1.65619  0 0 8 1.82785 0.0388857  0 4 8 1.74567 1.58451  0 0 5 1.59939 1.54024  0 1 6 1.46435 1.55158 
2000 5 0 4 0 0 8 3.62479 0.0406796 0.552312 0.00137455 0.0136766 1.0531 0.960157 0.507473 0.453906 0.0738767 0.792143 0 0 7 1.88771 1.65619  0 0 8 1.82785 0.0388857  0 4 8 1.74567 1.58451  0 0 5 1.59939 1.54024  0 1 6 1.46435 1.55158 
2500 5 0 3 0 0 8 3.66959 0.0420095 0.632136 0.00136561 0.0135877 1.0531 0.960157 0.595988 0.361268 0.0738767 0.792143 0 0 7 1.88771 1.65619  0 0 8 1.82785 0.0388857  0 3 8 1.76721 1.59855  0 4 8 1.74567 1.58451  0 0 5 1.59939 1.54024 
3000 2 0 6 0 0 8 3.71489 0.042851 0.713451 0.00147824 0.0159151 1.0531 0.960157 0.287583 0.661342 0.0738767 0.792143 0 0 5 1.93423 1.62765  0 0 7 1.88771 1.65619  0 0 8 1.82785 0.0388857  0 3 8 1.76721 1.59855  0 4 8 1.74567 1.58451 
3500 2 0 6 0 0 8 3.71489 0.042851 0.756119 0.00147824 0.0159151 1.0531 0.960157 0.287583 0.661342 0.0738767 0.792143 0 0 5 1.93423 1.62765  0 0 7 1.88771 1.65619  0 0 8 1.82785 0.0388857  0 3 8 1.76721 1.59855  0 4 8 1.74567 1.58451 
4000 0 0 8 0 0 8 3.72695 0.0457319 0.788484 0.866759 1.583 0.866759 1.583 0.043629 0.877791 0.0205962 0.862129 0 0 8 3.72695 0.0457319  0 0 5 1.93423 1.62765  0 0 7 1.88771 1.65619  0 3 8 1.76721 1.59855  0 4 8 1.74567 1.58451 
4500 1 0 7 0 0 8 3.77194 0.0427729 0.809055 -0.000577245 0.0171555 0.866759 1.583 0.193089 0.744347 0.0205962 0.862129 0 0 8 3.72695 0.0457319  0 0 5 1.93423 1.62765  0 0 7 1.88771 1.65619  0 3 8 1.76721 1.59855  0 4 8 1.74567 1.58451 
5000 1 0 7 0 0 8 3.77194 0.0427729 0.834927 -0.000577245 0.0171555 0.866759 1.583 0.193089 0.744347 0.0205962 0.862129 0 0 8 3.72695 0.0457319  0 0 5 1.93423 1.62765  0 0 7 1.88771 1.65619  0 4 8 1.81468 1.62848  0 3 8 1.76721 1.59855 
5500 1 0 7 0 0 8 3.77194 0.0427729 0.84666 -0.000577245 0.0171555 0.866759 1.583 0.193089 0.744347 0.0205962 0.862129 0 0 8 3.72695 0.0457319  0 0 5 1.93423 1.62765  0 0 7 1.88771 1.65619  0 4 8 1.81468 1.62848  0 3 8 1.76721 1.59855 
6000 1 0 7 0 0 7 3.77194 0.0427729 0.865053 -0.000577245 0.0171555 1.77206 1.65127 0.193089 0.744347 0.104069 0.757693 0 0 8 3.73792 0.0447208  0 0 5 1.93423 1.62765  0 0 7 1.90143 1.63867  0 4 8 1.81468 1.62848  0 3 8 1.76721 1.59855 
6500 1 0 8 0 0 7 3.77975 0.0464777 0.886506 -0.000986885 0.0173739 1.77206 1.65127 0.111009 0.821823 0.104069 0.757693 0 0 8 3.73792 0.0447208  0 0 5 1.93423 1.62765  0 0 7 1.90143 1.63867  0 4 8 1.81468 1.62848  0 3 8 1.76721 1.59855 
7000 1 0 8 0 0 7 3.77975 0.0464777 0.900961 -0.000986885 0.0173739 1.77206 1.65127 0.111009 0.821823 0.104069 0.757693 0 0 8 3.73792 0.0447208  0 0 5 1.93423 1.62765  0 0 7 1.90143 1.63867  0 4 8 1.81468 1.62848  0 3 8 1.76721 1.59855 
7500 1 0 8 0 0 7 3.77975 0.0464777 0.913617 -0.000986885 0.0173739 1.77206 1.65127 0.111009 0.821823 0.104069 0.757693 0 0 8 3.73792 0.0447208  0 0 5 1.93423 1.62765  0 0 6 1.91506 1.66917  0 0 7 1.90143 1.63867  0 4 8 1.81468 1.62848 
8000 1 0 8 0 0 7 3.77975 0.0464777 0.933191 -0.000986885 0.0173739 1.77206 1.65127 0.111009 0.821823 0.104069 0.757693 0 0 8 3.73792 0.0447208  0 0 5 1.93423 1.62765  0 0 6 1.91506 1.66917  0 0 7 1.90143 1.63867  0 4 8 1.81468 1.62848 
8500 1 0 8 0 0 7 3.77975 0.0464777 0.944655 -0.000986885 0.0173739 1.77206 1.65127 0.111009 0.821823 0.104069 0.757693 0 0 8 3.73792 0.0447208  0 0 5 1.93423 1.62765  0 0 6 1.91506 1.66917  0 0 7 1.90143 1.63867  0 4 8 1.81468 1.62848 
9000 1 0 8 0 0 7 3.77975 0.0464777 0.956972 -0.000986885 0.0173739 1.77206 1.65127 0.111009 0.821823 0.104069 0.757693 0 0 8 3.73792 0.0447208  0 0 5 1.93423 1.62765  0 0 6 1.91506 1.66917  0 0 7 1.90143 1.63867  0 4 8 1.81468 1.62848 
9500 1 0 8 0 0 7 3.77975 0.0464777 0.964653 -0.000986885 0.0173739 1.77206 1.65127 0.111009 0.821823 0.104069 0.757693 0 0 8 3.73792 0.0447208  0 0 5 2.07347 1.87797  0 0 6 1.91506 1.66917  0 0 7 1.90143 1.63867  0 4 8 1.81468 1.62848 
10000 1 0 7 0 0 7 3.77998 0.043889 0.972164 0.0015056 0.0160093 1.77206 1.65127 0.192321 0.746246 0.104069 0.757693 0 0 8 3.76407 0.0406964  0 0 5 2.07347 1.87797  0 0 6 1.91506 1.66917  0 0 7 1.90143 1.63867  0 4 8 1.81468 1.62848 
10500 1 0 7 0 0 7 3.78709 0.0438757 0.983671 0.00149348 0.0160184 1.77206 1.65127 0.146692 0.788463 0.104069 0.757693 0 0 8 3.76407 0.0406964  0 0 5 2.07347 1.87797  0 0 6 1.91506 1.66917  0 0 7 1.90143 1.63867  0 4 8 1.81468 1.62848 
11000 1 0 7 0 0 7 3.78709 0.0438757 0.989274 0.00149348 0.0160184 1.77206 1.65127 0.146692 0.788463 0.104069 0.757693 0 0 8 3.76407 0.0406964  0 0 5 2.07347 1.87797  0 0 6 1.91506 1.66917  0 0 7 1.90143 1.63867  0 4 8 1.81468 1.62848 
11500 1 0 7 0 0 7 3.78709 0.0438757 0.99087 0.00149348 0.0160184 1.77206 1.65127 0.146692 0.788463 0.104069 0.757693 0 0 8 3.7785 0.050089  0 0 5 2.07347 1.87797  0 0 6 1.91506 1.66917  0 0 7 1.90143 1.63867  0 4 8 1.81468 1.62848 
12000 1 0 7 0 0 7 3.78709 0.0438757 0.997092 0.00149348 0.0160184 1.77206 1.65127 0.146692 0.788463 0.104069 0.757693 0 0 8 3.7785 0.050089  0 0 9 2.54243 0.389457  0 0 5 2.07347 1.87797  0 0 6 1.91506 1.66917  0 0 7 1.90143 1.63867 
12500 1 0 7 0 0 7 3.78709 0.0438757 0.999648 0.00149348 0.0160184 1.77206 1.65127 0.146692 0.788463 0.104069 0.757693 0 0 8 3.7785 0.050089  0 0 9 2.54243 0.389457  0 0 5 2.07347 1.87797  0 0 6 1.91506 1.66917  0 0 7 1.90143 1.63867 
13000 1 0 7 0 0 7 3.78709 0.0438757 1.00274 0.00149348 0.0160184 1.77206 1.65127 0.146692 0.788463 0.104069 0.757693 0 0 8 3.7785 0.050089  0 0 9 2.63851 0.0499869  0 0 5 2.07347 1.87797  0 0 6 1.91506 1.66917  0 0 7 1.90143 1.63867 
13500 1 0 7 0 0 7 3.78709 0.0438757 1.00895 0.00149348 0.0160184 1.77206 1.65127 0.146692 0.788463 0.104069 0.757693 0 0 8 3.7785 0.050089  0 0 9 2.63851 0.0499869  0 0 5 2.07347 1.87797  0 0 6 1.91506 1.66917  0 0 7 1.90143 1.63867 
14000 1 0 7 0 0 9 3.78709 0.0438757 1.01624 0.00149348 0.0160184 0.745037 1.36966 0.146692 0.788463 0.0178449 0.859469 0 0 8 3.7785 0.050089  0 0 9 3.1389 0.0753795  0 0 7 2.81698 0.0335003  0 0 5 2.07347 1.87797  0 0 6 1.91506 1.66917 
14500 1 0 7 0 0 7 3.78709 0.0438757 1.01752 0.00149348 0.0160184 1.97032 1.86714 0.146692 0.788463 0.0842668 0.760208 0 0 8 3.7785 0.050089  0 0 7 3.17855 1.1747  0 0 9 3.1389 0.0753795  0 0 5 2.07347 1.87797  0 0 6 1.91506 1.66917 
15000 1 0 7 0 0 7 3.78709 0.0438757 1.02303 0.00149348 0.0160184 1.97032 1.86714 0.146692 0.788463 0.0842668 0.760208 0 0 8 3.7785 0.050089  0 0 7 3.17855 1.1747  0 0 9 3.15008 0.0676474  0 0 6 2.30389 1.82395  0 0 5 2.07347 1.87797 
15500 1 0 7 0 0 7 3.78709 0.0438757 1.02268 0.00149348 0.0160184 1.97032 1.86714 0.146692 0.788463 0.0842668 0.760208 0 0 8 3.77997 0.0459747  0 0 7 3.17855 1.1747  0 0 9 3.15008 0.0676474  0 0 6 2.30389 1.82395  0 0 5 2.07347 1.87797 
16000 1 0 7 0 0 7 3.78709 0.0438757 1.02708 0.00149348 0.0160184 1.97032 1.86714 0.146692 0.788463 0.0842668 0.760208 0 0 8 3.77997 0.0459747  0 0 7 3.17855 1.1747  0 0 9 3.15008 0.0676474  0 0 6 2.30389 1.82395  0 0 5 2.07347 1.87797 
16500 1 0 7 0 0 7 3.78709 0.0438757 1.03106 0.00149348 0.0160184 1.97032 1.86714 0.146692 0.788463 0.0842668 0.760208 0 0 8 3.77997 0.0459747  0 0 7 3.17855 1.1747  0 0 9 3.15008 0.0676474  0 0 6 2.30389 1.82395  0 0 5 2.07347 1.87797 
17000 1 0 7 0 0 7 3.78709 0.0438757 1.03393 0.00149348 0.0160184 1.97032 1.86714 0.146692 0.788463 0.0842668 0.760208 0 0 8 3.77997 0.0459747  0 0 7 3.17855 1.1747  0 0 9 3.15008 0.0676474  0 0 6 2.30389 1.82395  0 0 5 2.07347 1.87797 
17500 1 0 7 0 0 7 3.78709 0.0438757 1.03843 0.00149348 0.0160184 1.97032 1.86714 0.146692 0.788463 0.0842668 0.760208 0 0 8 3.77997 0.0459747  0 0 7 3.17855 1.1747  0 0 9 3.15008 0.0676474  0 0 6 2.30389 1.82395  0 0 5 2.07347 1.87797 
18000 1 0 7 0 0 7 3.78709 0.0438757 1.04136 0.00149348 0.0160184 1.97032 1.86714 0.146692 0.788463 0.0842668 0.760208 0 0 8 3.77997 0.0459747  0 0 7 3.17855 1.1747  0 0 9 3.15008 0.0676474  0 0 6 2.38919 1.8193  0 0 5 2.07347 1.87797 
18500 1 0 7 0 0 7 3.78709 0.0438757 1.04619 0.00149348 0.0160184 1.97032 1.86714 0.146692 0.788463 0.0842668 0.760208 0 0 8 3.77997 0.0459747  0 0 7 3.17855 1.1747  0 0 9 3.15008 0.0676474  0 2 8 2.52749 1.44736  0 0 6 2.38919 1.8193 
19000 1 0 7 0 0 7 3.78709 0.0438757 1.04854 0.00149348 0.0160184 1.97032 1.86714 0.146692 0.788463 0.0842668 0.760208 0 0 8 3.77997 0.0459747  0 0 7 3.17855 1.1747  0 0 9 3.15008 0.0676474  0 2 8 2.52749 1.44736  0 0 6 2.38919 1.8193 
19500 1 0 7 0 0 7 3.78709 0.0438757 1.05582 0.00149348 0.0160184 1.97032 1.86714 0.146692 0.788463 0.0842668 0.760208 0 0 8 3.77997 0.0459747  0 0 7 3.17855 1.1747  0 0 9 3.15008 0.0676474  0 2 8 2.52749 1.44736  0 0 6 2.38919 1.8193 
20000 1 0 7 0 0 7 3.78709 0.0438757 1.05887 0.00149348 0.0160184 1.97032 1.86714 0.146692 0.788463 0.0842668 0.760208 0 0 8 3.77997 0.0459747  0 0 7 3.17855 1.1747  0 0 9 3.15008 0.0676474  0 2 8 2.52749 1.44736  0 0 6 2.38919 1.8193 
