500 10 0 3 0 3 12 3.09716 0.0662574 0.0229125 0.000615164 0.00473432 0.0085609 0.0391501 0.704782 0.214231 0.410811 0.622932 0 1 5 0.551673 1.21733  0 0 4 0.276981 0.816386  0 3 12 0.048179 0.250432  0 12 14 0.0308577 0.151772  0 10 14 0.0308528 0.118206 
1000 2 0 11 0 3 6 3.30368 0.0341898 0.0481321 0.20204 0.783556 0.0821456 0.516328 0.152539 0.75991 0.526949 0.56592 0 2 8 0.67631 1.30761  0 3 6 0.586081 1.24555  0 1 5 0.551673 1.21733  0 3 5 0.535119 1.18686  0 0 10 0.307262 0.73852 
1500 8 0 5 0 2 7 3.63872 0.0450867 0.0843251 0.00173692 0.011634 0.250033 0.936886 0.55127 0.399327 0.95314 0.0341709 0 2 7 1.04649 1.52535  0 2 5 0.969552 1.44815  0 1 7 0.957606 1.46395  0 2 8 0.67631 1.30761  0 3 8 0.662447 1.31304 
2000 12 0 1 0 0 11 3.77089 0.0520833 0.139061 0.000362089 0.00611289 0.715121 1.36518 0.844625 0.083517 0.0446619 0.778723 0 0 11 1.42356 1.63509  0 3 7 1.09739 1.49597  0 2 7 1.04649 1.52535  0 0 4 1.02927 1.48541  0 2 5 0.969552 1.44815 
2500 12 0 1 0 0 10 3.77089 0.0520833 0.203431 0.000362089 0.00611289 2.67238 1.15606 0.844625 0.083517 0.159073 0.747613 0 0 11 1.84987 1.68231  0 3 7 1.09739 1.49597  0 2 7 1.04649 1.52535  0 0 4 1.02927 1.48541  0 0 10 1.02288 1.46129 
3000 12 0 1 0 0 10 3.77383 0.0471715 0.265772 0.000659277 0.00655972 2.6717 1.08184 0.815281 0.120507 0.167092 0.746409 0 0 11 1.84987 1.68231  0 2 11 1.35204 1.59689  0 4 9 1.18201 1.5533  0 0 10 1.11593 1.48075  0 3 7 1.09739 1.49597 
3500 12 0 1 0 0 10 3.77383 0.0471715 0.318807 0.000659277 0.00655972 2.6717 1.08184 0.815281 0.120507 0.167092 0.746409 0 0 11 1.84987 1.68231  0 2 11 1.35204 1.59689  0 4 9 1.18201 1.5533  0 0 4 1.16105 1.59989  0 0 10 1.11593 1.48075 
4000 12 0 1 0 0 11 3.77383 0.0471715 0.379494 0.000659277 0.00655972 1.56837 1.68088 0.815281 0.120507 0.0767021 0.794359 0 0 11 1.84987 1.68231  0 2 11 1.35204 1.59689  0 3 8 1.23832 1.56044  0 4 9 1.18201 1.5533  0 0 8 1.17914 1.56718 
4500 12 0 1 0 0 11 3.77383 0.0471715 0.43551 0.000659277 0.00655972 1.56837 1.68088 0.815281 0.120507 0.0767021 0.794359 0 0 11 1.84987 1.68231  0 2 11 1.35204 1.59689  0 2 8 1.30707 1.60143  0 3 8 1.23832 1.56044  0 4 9 1.18201 1.5533 
5000 12 0 1 0 0 11 3.77383 0.0471715 0.491768 0.000659277 0.00655972 2.72125 0.719529 0.815281 0.120507 0.0692029 0.803708 0 0 11 2.75525 0.726494  0 2 11 1.35204 1.59689  0 2 8 1.30707 1.60143  0 3 8 1.23832 1.56044  0 1 6 1.19332 1.56348 
5500 10 0 3 0 0 11 3.77939 0.0535182 0.541194 0.00107855 0.0107314 2.72125 0.719529 0.731743 0.203085 0.0692029 0.803708 0 0 12 2.8008 0.644871  0 0 11 2.75525 0.726494  0 0 9 1.95275 1.70576  0 0 7 1.43188 1.68789  0 0 10 1.38412 1.58555 
6000 10 0 3 0 0 11 3.77939 0.0535182 0.576319 0.00107855 0.0107314 2.72125 0.719529 0.731743 0.203085 0.0692029 0.803708 0 0 12 2.83755 1.13977  0 0 11 2.75525 0.726494  0 0 14 2.0569 0.0379998  0 0 9 1.95275 1.70576  0 4 12 1.43739 1.59258 
6500 11 0 2 0 0 11 3.78399 0.0495067 0.613753 0.000352696 0.00886432 2.72125 0.719529 0.792794 0.146317 0.0692029 0.803708 0 0 12 2.83755 1.13977  0 0 11 2.75525 0.726494  0 1 12 2.12491 0.404183  0 0 14 2.0569 0.0379998  0 0 9 1.95275 1.70576 
7000 11 0 2 0 0 11 3.78399 0.0495067 0.642465 0.000352696 0.00886432 2.72125 0.719529 0.792794 0.146317 0.0692029 0.803708 0 0 12 2.83755 1.13977  0 0 11 2.75525 0.726494  0 1 12 2.12491 0.404183  0 0 14 2.0569 0.0379998  0 1 11 2.03654 0.597992 
7500 11 0 2 0 0 11 3.78399 0.0495067 0.663608 0.000352696 0.00886432 2.72125 0.719529 0.792794 0.146317 0.0692029 0.803708 0 0 12 2.83755 1.13977  0 0 11 2.75525 0.726494  0 1 12 2.12491 0.404183  0 0 14 2.0569 0.0379998  0 1 11 2.03654 0.597992 
8000 11 0 2 0 0 11 3.78706 0.0457654 0.687941 0.000877775 0.00873375 2.72125 0.719529 0.757629 0.18412 0.0692029 0.803708 0 0 12 2.83755 1.13977  0 0 11 2.75525 0.726494  0 0 13 2.15393 0.0284199  0 1 12 2.12491 0.404183  0 0 14 2.0569 0.0379998 
8500 11 0 2 0 0 11 3.78706 0.0457654 0.703304 0.000877775 0.00873375 2.72125 0.719529 0.757629 0.18412 0.0692029 0.803708 0 0 12 2.83755 1.13977  0 0 11 2.75525 0.726494  0 0 13 2.15393 0.0284199  0 1 12 2.12491 0.404183  0 0 14 2.0569 0.0379998 
9000 11 0 2 0 0 11 3.78706 0.0457654 0.727203 0.000877775 0.00873375 2.681 0.76982 0.757629 0.18412 0.076818 0.809614 0 0 12 2.83755 1.13977  0 0 11 2.80113 0.586435  0 0 13 2.15393 0.0284199  0 1 12 2.12491 0.404183  0 0 14 2.0569 0.0379998 
9500 11 0 2 0 0 11 3.78706 0.0457654 0.740084 0.000877775 0.00873375 2.681 0.76982 0.757629 0.18412 0.076818 0.809614 0 0 12 2.83755 1.13977  0 0 11 2.80113 0.586435  0 0 13 2.15393 0.0284199  0 1 12 2.12491 0.404183  0 0 14 2.0569 0.0379998 
10000 11 0 2 0 0 12 3.78706 0.0457654 0.758025 0.000877775 0.00873375 2.83811 0.542725 0.757629 0.18412 0.0819253 0.801819 0 0 12 2.92516 0.041861  0 0 11 2.80113 0.586435  0 0 13 2.15393 0.0284199  0 1 12 2.12491 0.404183  0 0 14 2.0569 0.0379998 
10500 11 0 2 0 0 12 3.78706 0.0457654 0.773105 0.000877775 0.00873375 2.83811 0.542725 0.757629 0.18412 0.0819253 0.801819 0 0 12 2.92516 0.041861  0 0 11 2.80113 0.586435  0 0 13 2.15393 0.0284199  0 1 12 2.12491 0.404183  0 0 14 2.0569 0.0379998 
11000 2 0 11 0 0 11 3.78763 0.0434856 0.786934 0.540329 1.34116 2.681 0.76982 0.168829 0.769818 0.076818 0.809614 0 0 12 3.07407 0.0500036  0 0 11 2.80113 0.586435  0 1 13 2.23293 0.775686  0 0 13 2.15393 0.0284199  0 1 12 2.12491 0.404183 
11500 2 0 11 0 0 11 3.78763 0.0434856 0.798679 0.540329 1.34116 2.681 0.76982 0.168829 0.769818 0.076818 0.809614 0 0 12 3.07407 0.0500036  0 0 11 2.80113 0.586435  0 1 13 2.23293 0.775686  0 0 13 2.15393 0.0284199  0 1 12 2.12491 0.404183 
12000 2 0 11 0 0 11 3.78763 0.0434856 0.810867 0.540329 1.34116 2.681 0.76982 0.168829 0.769818 0.076818 0.809614 0 0 12 3.07407 0.0500036  0 0 11 2.80113 0.586435  0 1 13 2.23293 0.775686  0 0 13 2.15393 0.0284199  0 1 12 2.12491 0.404183 
12500 2 0 11 0 0 11 3.78763 0.0434856 0.820898 0.540329 1.34116 2.681 0.76982 0.168829 0.769818 0.076818 0.809614 0 0 12 3.07407 0.0500036  0 0 11 2.80113 0.586435  0 1 13 2.23293 0.775686  0 0 13 2.17697 0.0345698  0 1 12 2.12491 0.404183 
13000 2 0 11 0 1 11 3.78763 0.0434856 0.83151 0.540329 1.34116 2.78923 1.07997 0.168829 0.769818 0.0238542 0.861613 0 0 12 3.07407 0.0500036  0 0 11 2.80113 0.586435  0 1 13 2.23293 0.775686  0 1 11 2.2024 1.38358  0 0 13 2.17697 0.0345698 
13500 2 0 11 0 1 11 3.78763 0.0434856 0.839213 0.540329 1.34116 2.78923 1.07997 0.168829 0.769818 0.0238542 0.861613 0 0 12 3.07407 0.0500036  0 0 11 2.80113 0.586435  0 1 13 2.23293 0.775686  0 1 11 2.2024 1.38358  0 0 13 2.17697 0.0345698 
14000 11 0 2 0 1 11 3.79111 0.0473413 0.845739 0.00080905 0.00804994 2.78923 1.07997 0.755506 0.182578 0.0238542 0.861613 0 0 12 3.07407 0.0500036  0 0 11 2.80113 0.586435  0 1 13 2.27441 0.74241  0 1 11 2.2024 1.38358  0 0 13 2.17697 0.0345698 
14500 11 0 2 0 1 11 3.79111 0.0473413 0.855358 0.00080905 0.00804994 2.78923 1.07997 0.755506 0.182578 0.0238542 0.861613 0 0 12 3.07407 0.0500036  0 0 11 2.80113 0.586435  0 1 12 2.32388 0.720751  0 1 13 2.27441 0.74241  0 1 11 2.2024 1.38358 
15000 11 0 2 0 0 12 3.79111 0.0473413 0.861431 0.00080905 0.00804994 3.11287 1.39525 0.755506 0.182578 0.137703 0.78772 0 0 12 3.65927 0.0457523  0 0 11 2.80113 0.586435  0 0 13 2.55389 0.0275669  0 1 12 2.32388 0.720751  0 1 13 2.27441 0.74241 
15500 11 0 2 0 0 12 3.79111 0.0473413 0.867843 0.00080905 0.00804994 3.11287 1.39525 0.755506 0.182578 0.137703 0.78772 0 0 12 3.65927 0.0457523  0 0 11 2.80113 0.586435  0 0 13 2.55389 0.0275669  0 1 12 2.32388 0.720751  0 1 13 2.27441 0.74241 
16000 11 0 2 0 0 12 3.79111 0.0473413 0.87334 0.00080905 0.00804994 3.10571 1.3906 0.755506 0.182578 0.135496 0.782567 0 0 12 3.66883 0.043089  0 0 11 2.80113 0.586435  0 1 12 2.68887 0.754141  0 0 13 2.55389 0.0275669  0 1 13 2.27441 0.74241 
16500 11 0 2 0 0 12 3.79111 0.0473413 0.87969 0.00080905 0.00804994 3.10571 1.3906 0.755506 0.182578 0.135496 0.782567 0 0 12 3.66883 0.043089  0 0 11 2.80113 0.586435  0 1 12 2.68887 0.754141  0 0 13 2.55389 0.0275669  0 1 13 2.42587 0.360717 
17000 11 0 2 0 0 12 3.79111 0.0473413 0.886462 0.00080905 0.00804994 3.10571 1.3906 0.755506 0.182578 0.135496 0.782567 0 0 12 3.66883 0.043089  0 0 11 2.80113 0.586435  0 1 12 2.68887 0.754141  0 0 13 2.55389 0.0275669  0 2 13 2.47463 1.00584 
17500 11 0 2 0 0 12 3.79111 0.0473413 0.893634 0.00080905 0.00804994 3.10571 1.3906 0.755506 0.182578 0.135496 0.782567 0 0 12 3.66883 0.043089  0 1 12 2.98041 0.243124  0 0 11 2.80113 0.586435  0 0 13 2.55389 0.0275669  0 2 13 2.47463 1.00584 
18000 11 0 2 0 0 12 3.79111 0.0473413 0.900356 0.00080905 0.00804994 3.10571 1.3906 0.755506 0.182578 0.135496 0.782567 0 0 12 3.66883 0.043089  0 1 12 2.98041 0.243124  0 0 11 2.80113 0.586435  0 0 13 2.55389 0.0275669  0 1 13 2.54246 0.870793 
18500 11 0 2 0 0 12 3.79111 0.0473413 0.906107 0.00080905 0.00804994 3.10571 1.3906 0.755506 0.182578 0.135496 0.782567 0 0 12 3.66883 0.043089  0 2 13 3.07257 1.46046  0 1 12 2.98041 0.243124  0 0 11 2.80113 0.586435  0 0 13 2.55389 0.0275669 
19000 11 0 2 0 0 12 3.79111 0.0473413 0.911728 0.00080905 0.00804994 3.10571 1.3906 0.755506 0.182578 0.135496 0.782567 0 0 12 3.66883 0.043089  0 2 13 3.07257 1.46046  0 1 12 2.98041 0.243124  0 0 11 2.80113 0.586435  0 0 13 2.55389 0.0275669 
19500 11 0 2 0 0 12 3.79111 0.0473413 0.917061 0.00080905 0.00804994 3.10571 1.3906 0.755506 0.182578 0.135496 0.782567 0 0 12 3.66883 0.043089  0 2 13 3.07257 1.46046  0 1 12 2.98041 0.243124  0 0 11 2.80113 0.586435  0 0 13 2.55389 0.0275669 
20000 11 0 2 0 0 12 3.79111 0.0473413 0.921819 0.00080905 0.00804994 3.10571 1.3906 0.755506 0.182578 0.135496 0.782567 0 0 12 3.66883 0.043089  0 2 13 3.07257 1.46046  0 1 12 2.98041 0.243124  0 0 11 2.80113 0.586435  0 0 13 2.55389 0.0275669 
