500 7 0 2 0 0 7 3.72285 0.0540198 0.104859 0.00136929 0.00866171 2.96334 0.529418 0.717387 0.207525 0.114345 0.786154 0 0 8 3.07318 0.0367268  0 0 7 3.03015 0.0301812  0 1 5 0.5317 0.605545  0 2 7 0.353446 0.629571  0 4 8 0.0997593 0.460325 
1000 7 0 2 0 0 4 3.72285 0.0540198 0.366091 0.00136929 0.00866171 3.04723 0.332442 0.717387 0.207525 0.546914 0.3993 0 0 8 3.39514 0.034849  0 0 7 3.03015 0.0301812  0 0 5 1.43202 1.43166  0 0 2 1.18924 1.69908  0 0 4 0.989431 1.30328 
1500 0 0 8 0 0 7 3.73628 0.047678 0.547596 0.00150756 0.0160079 2.9044 0.815604 0.0760143 0.839919 0.104085 0.796202 0 0 8 3.73628 0.047678  0 0 7 3.03711 0.510293  0 1 8 1.56967 1.43017  0 0 3 1.51716 1.699  0 0 5 1.43202 1.43166 
2000 0 0 8 0 0 7 3.73628 0.047678 0.685311 0.00150756 0.0160079 2.9044 0.815604 0.0760143 0.839919 0.104085 0.796202 0 0 8 3.73628 0.047678  0 0 7 3.03711 0.510293  0 0 6 2.46417 1.73956  0 1 7 1.69586 1.52567  0 1 8 1.56967 1.43017 
2500 7 0 1 0 0 7 3.73929 0.0514227 0.760583 0.000816602 0.00812509 0.754643 1.37956 0.775213 0.14854 0.0417538 0.761477 0 0 8 3.73628 0.047678  0 1 8 3.18526 1.34  0 0 7 3.12166 0.0375551  0 0 6 2.46417 1.73956  0 2 6 1.74068 1.77787 
3000 2 0 6 0 0 7 3.77784 0.047429 0.831398 0.00146856 0.0160399 0.754643 1.37956 0.244895 0.691913 0.0417538 0.761477 0 0 8 3.73628 0.047678  0 1 8 3.18526 1.34  0 0 7 3.12166 0.0375551  0 0 6 2.46417 1.73956  0 0 5 2.39676 1.71349 
3500 2 0 6 0 0 7 3.77784 0.047429 0.87726 0.00146856 0.0160399 3.37783 0.34297 0.244895 0.691913 0.105878 0.78648 0 0 8 3.73628 0.047678  0 1 8 3.18526 1.34  0 0 7 3.13858 0.0565236  0 0 6 2.46417 1.73956  0 0 5 2.39676 1.71349 
4000 2 0 6 0 0 7 3.77784 0.047429 0.913403 0.00146856 0.0160399 0.851552 1.55967 0.244895 0.691913 0.077948 0.65279 0 0 8 3.73628 0.047678  0 0 7 3.44845 0.0390677  0 1 8 3.18526 1.34  0 0 6 2.46417 1.73956  0 0 5 2.39676 1.71349 
4500 2 0 6 0 0 7 3.77784 0.047429 0.938333 0.00146856 0.0160399 0.851552 1.55967 0.244895 0.691913 0.077948 0.65279 0 0 8 3.73628 0.047678  0 0 7 3.44845 0.0390677  0 1 8 3.18526 1.34  0 0 5 2.51895 1.70817  0 0 6 2.46417 1.73956 
5000 1 0 7 0 0 7 3.77962 0.0452595 0.957717 0.00160492 0.0159688 3.59704 0.489577 0.165926 0.76281 0.321204 0.632709 0 0 8 3.73628 0.047678  0 0 7 3.46938 0.0514064  0 1 8 3.18526 1.34  0 0 6 2.60831 1.4665  0 0 5 2.51895 1.70817 
5500 1 0 7 0 0 7 3.77962 0.0452595 0.972753 0.00160492 0.0159688 3.59704 0.489577 0.165926 0.76281 0.321204 0.632709 0 0 8 3.75506 0.0425278  0 0 7 3.46938 0.0514064  0 1 8 3.18526 1.34  0 0 6 2.60831 1.4665  0 0 5 2.51895 1.70817 
6000 1 0 7 0 0 7 3.77962 0.0452595 0.99115 0.00160492 0.0159688 3.59704 0.489577 0.165926 0.76281 0.321204 0.632709 0 0 8 3.75506 0.0425278  0 0 7 3.46938 0.0514064  0 1 8 3.18526 1.34  0 0 9 3.00192 0.137454  0 0 6 2.60831 1.4665 
6500 1 0 7 0 0 7 3.77962 0.0452595 1.00711 0.00160492 0.0159688 3.59704 0.489577 0.165926 0.76281 0.321204 0.632709 0 0 8 3.75506 0.0425278  0 0 7 3.46938 0.0514064  0 1 8 3.18526 1.34  0 0 9 3.00192 0.137454  0 0 6 2.60831 1.4665 
7000 1 0 7 0 0 7 3.77962 0.0452595 1.0202 0.00160492 0.0159688 3.59704 0.489577 0.165926 0.76281 0.321204 0.632709 0 0 8 3.75506 0.0425278  0 0 7 3.46938 0.0514064  0 1 8 3.18526 1.34  0 0 9 3.00192 0.137454  0 2 8 2.71458 1.64936 
7500 1 0 7 0 0 7 3.77962 0.0452595 1.03021 0.00160492 0.0159688 3.6414 0.448913 0.165926 0.76281 0.167026 0.758585 0 0 8 3.75506 0.0425278  0 0 7 3.59896 0.412098  0 1 8 3.18526 1.34  0 0 9 3.00192 0.137454  0 2 8 2.71458 1.64936 
8000 3 0 5 0 0 7 3.78241 0.0461305 1.04249 0.00160492 0.0159688 3.6414 0.448913 0.333756 0.592947 0.167026 0.758585 0 0 8 3.75506 0.0425278  0 0 7 3.59896 0.412098  0 1 8 3.18526 1.34  0 0 9 3.00192 0.137454  0 2 8 2.80816 1.6316 
8500 3 0 5 0 0 7 3.78241 0.0461305 1.0521 0.00160492 0.0159688 3.6414 0.448913 0.333756 0.592947 0.167026 0.758585 0 0 8 3.75506 0.0425278  0 0 7 3.59896 0.412098  0 1 8 3.18526 1.34  0 0 9 3.00192 0.137454  0 2 8 2.80816 1.6316 
9000 3 0 5 0 0 7 3.78241 0.0461305 1.06364 0.00160492 0.0159688 3.6414 0.448913 0.333756 0.592947 0.167026 0.758585 0 0 8 3.75506 0.0425278  0 0 7 3.59896 0.412098  0 1 8 3.18526 1.34  0 0 9 3.00192 0.137454  0 0 6 2.89537 1.54713 
9500 3 0 5 0 0 7 3.78241 0.0461305 1.07311 0.00160492 0.0159688 3.6414 0.448913 0.333756 0.592947 0.167026 0.758585 0 0 8 3.75506 0.0425278  0 0 7 3.59896 0.412098  0 1 8 3.18526 1.34  0 0 9 3.00192 0.137454  0 0 6 2.89537 1.54713 
10000 3 0 5 0 0 7 3.78241 0.0461305 1.08339 0.00160492 0.0159688 3.6414 0.448913 0.333756 0.592947 0.167026 0.758585 0 0 8 3.75506 0.0425278  0 0 7 3.59896 0.412098  0 1 8 3.18526 1.34  0 0 9 3.00192 0.137454  0 0 6 2.89537 1.54713 
10500 3 0 5 0 0 7 3.78241 0.0461305 1.09144 0.00160492 0.0159688 3.6414 0.448913 0.333756 0.592947 0.167026 0.758585 0 0 8 3.75788 0.0391957  0 0 7 3.59896 0.412098  0 1 8 3.18526 1.34  0 0 9 3.00192 0.137454  0 0 6 2.89537 1.54713 
11000 3 0 5 0 0 7 3.78241 0.0461305 1.09617 0.00160492 0.0159688 3.6414 0.448913 0.333756 0.592947 0.167026 0.758585 0 0 8 3.75788 0.0391957  0 0 7 3.59896 0.412098  0 1 8 3.18526 1.34  0 0 9 3.00192 0.137454  0 0 6 2.89537 1.54713 
11500 3 0 5 0 0 7 3.78642 0.0513843 1.10441 0.00160492 0.0159688 3.6414 0.448913 0.355413 0.567127 0.167026 0.758585 0 0 8 3.75788 0.0391957  0 0 7 3.59896 0.412098  0 1 8 3.18526 1.34  0 0 9 3.00192 0.137454  0 0 6 2.89537 1.54713 
12000 3 0 5 0 0 7 3.78642 0.0513843 1.11345 0.00160492 0.0159688 3.6414 0.448913 0.355413 0.567127 0.167026 0.758585 0 0 8 3.75788 0.0391957  0 0 7 3.59896 0.412098  0 1 8 3.18526 1.34  0 0 9 3.00192 0.137454  0 0 6 2.89537 1.54713 
12500 3 0 5 0 0 7 3.78642 0.0513843 1.11905 0.00160492 0.0159688 3.6414 0.448913 0.355413 0.567127 0.167026 0.758585 0 0 8 3.75788 0.0391957  0 0 7 3.59896 0.412098  0 1 8 3.32932 1.18802  0 0 9 3.00192 0.137454  0 0 6 2.89537 1.54713 
13000 3 0 5 0 0 7 3.78642 0.0513843 1.12417 0.00160492 0.0159688 3.6414 0.448913 0.355413 0.567127 0.167026 0.758585 0 0 8 3.77885 0.0498579  0 0 7 3.59896 0.412098  0 1 8 3.32932 1.18802  0 0 9 3.00192 0.137454  0 0 6 2.89537 1.54713 
13500 3 0 5 0 0 7 3.78642 0.0513843 1.13492 0.00160492 0.0159688 3.6414 0.448913 0.355413 0.567127 0.167026 0.758585 0 0 8 3.77885 0.0498579  0 0 7 3.59896 0.412098  0 1 8 3.32932 1.18802  0 0 9 3.00192 0.137454  0 0 6 2.89537 1.54713 
14000 3 0 5 0 0 7 3.78642 0.0513843 1.13899 0.00160492 0.0159688 3.6414 0.448913 0.355413 0.567127 0.167026 0.758585 0 0 8 3.77885 0.0498579  0 0 7 3.59896 0.412098  0 1 8 3.32932 1.18802  0 0 9 3.03194 0.127904  0 0 6 2.89537 1.54713 
14500 3 0 5 0 0 7 3.78642 0.0513843 1.14516 0.00160492 0.0159688 3.6414 0.448913 0.355413 0.567127 0.167026 0.758585 0 0 8 3.77885 0.0498579  0 0 7 3.59896 0.412098  0 1 8 3.32932 1.18802  0 0 9 3.03194 0.127904  0 0 6 2.89537 1.54713 
15000 3 0 5 0 0 7 3.78642 0.0513843 1.15034 0.00160492 0.0159688 3.6414 0.448913 0.355413 0.567127 0.167026 0.758585 0 0 8 3.77885 0.0498579  0 0 7 3.59896 0.412098  0 1 8 3.32932 1.18802  0 0 9 3.03194 0.127904  0 0 6 2.89537 1.54713 
15500 3 0 5 0 0 7 3.78642 0.0513843 1.1569 0.00160492 0.0159688 3.6414 0.448913 0.355413 0.567127 0.167026 0.758585 0 0 8 3.77885 0.0498579  0 0 7 3.59896 0.412098  0 1 8 3.32932 1.18802  0 0 9 3.03194 0.127904  0 0 6 2.89537 1.54713 
16000 3 0 5 0 0 7 3.78642 0.0513843 1.1648 0.00160492 0.0159688 3.6414 0.448913 0.355413 0.567127 0.167026 0.758585 0 0 8 3.77885 0.0498579  0 0 7 3.59896 0.412098  0 1 8 3.32932 1.18802  0 0 9 3.03194 0.127904  0 0 6 2.89537 1.54713 
16500 3 0 5 0 0 7 3.78642 0.0513843 1.1702 0.00160492 0.0159688 3.6414 0.448913 0.355413 0.567127 0.167026 0.758585 0 0 8 3.77885 0.0498579  0 0 7 3.59896 0.412098  0 1 8 3.32932 1.18802  0 0 9 3.03194 0.127904  0 0 6 2.89537 1.54713 
17000 3 0 5 0 0 7 3.78642 0.0513843 1.17415 0.00160492 0.0159688 3.6414 0.448913 0.355413 0.567127 0.167026 0.758585 0 0 8 3.77885 0.0498579  0 0 7 3.59896 0.412098  0 1 8 3.32932 1.18802  0 0 9 3.03194 0.127904  0 0 6 2.89537 1.54713 
17500 3 0 5 0 0 7 3.78642 0.0513843 1.17782 0.00160492 0.0159688 3.6414 0.448913 0.355413 0.567127 0.167026 0.758585 0 0 8 3.77885 0.0498579  0 0 7 3.59896 0.412098  0 1 8 3.32932 1.18802  0 0 9 3.03194 0.127904  0 0 6 2.89537 1.54713 
18000 5 0 3 0 0 7 3.78818 0.0452166 1.18296 0.00160492 0.0159688 3.6414 0.448913 0.553365 0.370541 0.167026 0.758585 0 0 8 3.77885 0.0498579  0 0 7 3.59896 0.412098  0 1 8 3.32932 1.18802  0 0 9 3.03194 0.127904  0 0 6 2.89537 1.54713 
18500 5 0 3 0 0 7 3.78818 0.0452166 1.18643 0.00160492 0.0159688 3.6414 0.448913 0.553365 0.370541 0.167026 0.758585 0 0 8 3.77885 0.0498579  0 0 7 3.59896 0.412098  0 1 8 3.32932 1.18802  0 0 9 3.03194 0.127904  0 0 6 2.89537 1.54713 
19000 5 0 3 0 0 7 3.78818 0.0452166 1.18916 0.00160492 0.0159688 3.6414 0.448913 0.553365 0.370541 0.167026 0.758585 0 0 8 3.77885 0.0498579  0 0 7 3.59896 0.412098  0 1 8 3.32932 1.18802  0 0 9 3.03194 0.127904  0 0 6 2.89537 1.54713 
19500 5 0 3 0 0 7 3.78818 0.0452166 1.19078 0.00160492 0.0159688 3.6414 0.448913 0.553365 0.370541 0.167026 0.758585 0 0 8 3.77885 0.0498579  0 0 7 3.59896 0.412098  0 1 8 3.32932 1.18802  0 0 9 3.03194 0.127904  0 0 6 2.89537 1.54713 
20000 4 0 4 0 0 7 3.79276 0.0431542 1.19335 0.00160492 0.0159688 3.6414 0.448913 0.454494 0.46345 0.167026 0.758585 0 0 8 3.77885 0.0498579  0 0 7 3.59896 0.412098  0 1 8 3.32932 1.18802  0 0 9 3.03194 0.127904  0 0 6 2.89537 1.54713 
