500 2 0 2 0 1 2 3.6451 0.0394935 0.495805 0.00137252 0.0136564 0.00503233 0.0333453 0.545303 0.414969 0.0437439 0.689474 0 1 3 2.69059 1.42653  0 0 2 1.66284 1.71799  0 0 3 1.38127 0.0525756  0 1 2 1.14321 1.62774  0 0 1 0.895188 1.55295 
1000 3 0 0 0 2 4 3.69109 0.0482159 0.909491 0.00107013 0.0106476 0.519019 1.28055 0.755358 0.181995 0.115843 0.505254 0 0 3 3.13247 0.0340493  0 1 3 2.69059 1.42653  0 0 2 2.33204 1.68019  0 2 4 1.68818 1.66069  0 0 1 1.4538 1.7478 
1500 3 0 0 0 1 4 3.69109 0.0482159 1.04457 0.00107013 0.0106476 1.33979 1.64126 0.755358 0.181995 0.0862529 0.886828 0 0 3 3.3601 0.0292906  0 1 3 2.72622 1.57489  0 0 2 2.33204 1.68019  0 1 4 2.14738 1.54396  0 2 4 1.8134 1.62314 
2000 3 0 0 0 1 4 3.72052 0.047639 1.14961 0.00106998 0.0106461 1.33979 1.64126 0.778286 0.158404 0.0862529 0.886828 0 0 3 3.48879 0.036401  0 1 3 2.72622 1.57489  0 0 2 2.33204 1.68019  0 0 4 2.28387 1.54188  0 1 4 2.14738 1.54396 
2500 3 0 0 0 0 4 3.722 0.13492 1.2088 0.00107197 0.010666 0.216712 0.812452 0.788497 0.147142 0.0114783 0.788303 0 0 3 3.48879 0.036401  0 1 3 2.77692 1.50931  0 1 4 2.62014 1.54411  0 0 2 2.33204 1.68019  0 0 4 2.28387 1.54188 
3000 4 0 0 0 0 4 3.74991 0.0402818 1.27346 0.00107206 0.0106669 0.216712 0.812452 0.800421 0.133427 0.0114783 0.788303 0 0 3 3.58073 0.0378589  0 1 3 2.77692 1.50931  0 1 4 2.62014 1.54411  0 0 2 2.33204 1.68019  0 0 4 2.28387 1.54188 
3500 4 0 0 0 0 4 3.74991 0.0402818 1.32971 0.00107206 0.0106669 0.216712 0.812452 0.800421 0.133427 0.0114783 0.788303 0 0 3 3.58073 0.0378589  0 1 3 2.77692 1.50931  0 1 4 2.62014 1.54411  0 0 2 2.33204 1.68019  0 0 4 2.28387 1.54188 
4000 4 0 0 0 1 3 3.74991 0.0402818 1.3665 0.00107206 0.0106669 0.115152 0.618533 0.800421 0.133427 0.0397776 0.870714 0 0 3 3.58073 0.0378589  0 0 4 3.26344 1.07209  0 1 3 2.77692 1.50931  0 1 4 2.62014 1.54411  0 0 2 2.33204 1.68019 
4500 4 0 0 0 1 3 3.74991 0.0402818 1.38044 0.00107206 0.0106669 0.115152 0.618533 0.800421 0.133427 0.0397776 0.870714 0 0 3 3.69207 0.0427267  0 0 4 3.63103 0.0462708  0 1 3 2.77692 1.50931  0 0 2 2.69539 1.56037  0 1 4 2.62014 1.54411 
5000 3 0 1 0 1 3 3.76461 0.0863762 1.39707 0.00137616 0.0136926 0.115152 0.618533 0.671082 0.273575 0.0397776 0.870714 0 0 3 3.69207 0.0427267  0 0 4 3.67445 0.0526861  0 1 3 2.77692 1.50931  0 0 2 2.69539 1.56037  0 1 4 2.62014 1.54411 
5500 3 0 1 0 1 3 3.76461 0.0863762 1.4026 0.00137616 0.0136926 0.115152 0.618533 0.671082 0.273575 0.0397776 0.870714 0 0 3 3.69207 0.0427267  0 0 4 3.67445 0.0526861  0 1 3 2.77692 1.50931  0 0 2 2.69539 1.56037  0 1 4 2.62014 1.54411 
6000 3 0 1 0 1 3 3.76461 0.0863762 1.40758 0.00137616 0.0136926 0.115152 0.618533 0.671082 0.273575 0.0397776 0.870714 0 0 3 3.69207 0.0427267  0 0 4 3.68395 0.0462524  0 1 3 2.77692 1.50931  0 0 2 2.69539 1.56037  0 1 4 2.62014 1.54411 
6500 3 0 1 0 1 3 3.76461 0.0863762 1.41139 0.00137616 0.0136926 0.115152 0.618533 0.671082 0.273575 0.0397776 0.870714 0 0 4 3.7288 0.0442182  0 0 3 3.70239 0.0429926  0 1 3 2.77692 1.50931  0 0 2 2.69539 1.56037  0 1 4 2.62014 1.54411 
7000 3 0 1 0 1 3 3.76461 0.0863762 1.42874 0.00137616 0.0136926 0.115152 0.618533 0.671082 0.273575 0.0397776 0.870714 0 0 3 3.74821 0.0428602  0 0 4 3.7288 0.0442182  0 1 3 2.77692 1.50931  0 0 2 2.69539 1.56037  0 1 4 2.62014 1.54411 
7500 3 0 1 0 1 3 3.76461 0.0863762 1.43562 0.00137616 0.0136926 0.115152 0.618533 0.671082 0.273575 0.0397776 0.870714 0 0 3 3.76049 0.0458705  0 0 4 3.7288 0.0442182  0 1 3 2.77692 1.50931  0 0 2 2.69539 1.56037  0 1 4 2.62014 1.54411 
8000 3 0 1 0 1 3 3.76461 0.0863762 1.44302 0.00137616 0.0136926 0.115152 0.618533 0.671082 0.273575 0.0397776 0.870714 0 0 3 3.76049 0.0458705  0 0 4 3.73066 0.0539664  0 1 3 2.77692 1.50931  0 0 2 2.69539 1.56037  0 1 4 2.62014 1.54411 
8500 3 0 1 0 1 3 3.76461 0.0863762 1.43227 0.00137616 0.0136926 0.115152 0.618533 0.671082 0.273575 0.0397776 0.870714 0 0 3 3.76049 0.0458705  0 0 4 3.73066 0.0539664  0 1 3 2.77692 1.50931  0 0 2 2.69539 1.56037  0 1 4 2.62014 1.54411 
9000 3 0 1 0 1 3 3.76646 0.0466226 1.43538 0.00137349 0.013666 0.115152 0.618533 0.66798 0.279288 0.0397776 0.870714 0 0 3 3.76049 0.0458705  0 0 4 3.73792 0.0440327  0 1 3 2.77692 1.50931  0 0 2 2.69539 1.56037  0 1 4 2.62014 1.54411 
9500 3 0 1 0 1 3 3.76646 0.0466226 1.43858 0.00137349 0.013666 0.115152 0.618533 0.66798 0.279288 0.0397776 0.870714 0 0 3 3.76049 0.0458705  0 0 4 3.73792 0.0440327  0 0 2 2.86893 1.56276  0 1 3 2.77692 1.50931  0 1 4 2.62014 1.54411 
10000 3 0 1 0 1 3 3.76646 0.0466226 1.44134 0.00137349 0.013666 0.115152 0.618533 0.66798 0.279288 0.0397776 0.870714 0 0 3 3.76049 0.0458705  0 0 4 3.73792 0.0440327  0 0 2 2.86893 1.56276  0 1 3 2.77692 1.50931  0 1 4 2.62014 1.54411 
10500 3 0 1 0 1 3 3.76646 0.0466226 1.46505 0.00137349 0.013666 0.115152 0.618533 0.66798 0.279288 0.0397776 0.870714 0 0 3 3.76049 0.0458705  0 0 4 3.73792 0.0440327  0 0 2 2.86893 1.56276  0 1 3 2.77692 1.50931  0 1 4 2.62014 1.54411 
11000 3 0 1 0 1 3 3.76646 0.0466226 1.45889 0.00137349 0.013666 0.115152 0.618533 0.66798 0.279288 0.0397776 0.870714 0 0 3 3.76049 0.0458705  0 0 4 3.74473 0.0419772  0 0 2 2.86893 1.56276  0 1 3 2.77692 1.50931  0 1 4 2.62014 1.54411 
11500 3 0 1 0 1 3 3.76646 0.0466226 1.47001 0.00137349 0.013666 0.115152 0.618533 0.66798 0.279288 0.0397776 0.870714 0 0 3 3.76049 0.0458705  0 0 4 3.74473 0.0419772  0 0 2 2.86893 1.56276  0 1 3 2.77692 1.50931  0 1 4 2.62014 1.54411 
12000 3 0 1 0 1 3 3.76646 0.0466226 1.47439 0.00137349 0.013666 0.115152 0.618533 0.66798 0.279288 0.0397776 0.870714 0 0 3 3.76049 0.0458705  0 0 4 3.74473 0.0419772  0 0 2 2.86893 1.56276  0 1 3 2.77692 1.50931  0 1 4 2.62014 1.54411 
12500 0 0 3 0 1 3 3.77038 0.0486466 1.47476 -0.00056738 0.0171493 0.115152 0.618533 0.195262 0.745422 0.0397776 0.870714 0 0 3 3.77038 0.0486466  0 0 4 3.74473 0.0419772  0 0 2 2.86893 1.56276  0 1 3 2.77692 1.50931  0 1 4 2.62014 1.54411 
13000 0 0 3 0 1 3 3.7717 0.0505852 1.47839 0.00150642 0.0160087 0.115152 0.618533 0.194766 0.742048 0.0397776 0.870714 0 0 3 3.7717 0.0505852  0 0 4 3.74473 0.0419772  0 0 2 2.86893 1.56276  0 1 3 2.77692 1.50931  0 1 4 2.62014 1.54411 
13500 0 0 3 0 1 3 3.7717 0.0505852 1.48279 0.00150642 0.0160087 0.115152 0.618533 0.194766 0.742048 0.0397776 0.870714 0 0 3 3.7717 0.0505852  0 0 4 3.74473 0.0419772  0 0 2 2.86893 1.56276  0 1 3 2.77692 1.50931  0 1 4 2.62014 1.54411 
14000 0 0 3 0 1 3 3.77906 0.0533939 1.47258 0.00160492 0.0159688 0.115152 0.618533 0.19073 0.750395 0.0397776 0.870714 0 0 3 3.77906 0.0533939  0 0 4 3.77326 0.0504007  0 0 2 2.86893 1.56276  0 1 3 2.77692 1.50931  0 1 4 2.62014 1.54411 
14500 0 0 3 0 1 3 3.77906 0.0533939 1.48616 0.00160492 0.0159688 0.115152 0.618533 0.19073 0.750395 0.0397776 0.870714 0 0 3 3.77906 0.0533939  0 0 4 3.77326 0.0504007  0 0 2 2.86893 1.56276  0 1 3 2.77692 1.50931  0 1 4 2.62014 1.54411 
15000 0 0 3 0 1 3 3.77906 0.0533939 1.48726 0.00160492 0.0159688 0.115152 0.618533 0.19073 0.750395 0.0397776 0.870714 0 0 3 3.77906 0.0533939  0 0 4 3.77618 0.0439826  0 0 2 2.86893 1.56276  0 1 3 2.77692 1.50931  0 1 4 2.62014 1.54411 
15500 0 0 3 0 1 3 3.77906 0.0533939 1.49256 0.00160492 0.0159688 0.115152 0.618533 0.19073 0.750395 0.0397776 0.870714 0 0 3 3.77906 0.0533939  0 0 4 3.77618 0.0439826  0 0 2 2.86893 1.56276  0 1 3 2.77692 1.50931  0 1 4 2.62014 1.54411 
16000 0 0 3 0 1 3 3.77906 0.0533939 1.49511 0.00160492 0.0159688 0.115152 0.618533 0.19073 0.750395 0.0397776 0.870714 0 0 3 3.77906 0.0533939  0 0 4 3.77618 0.0439826  0 0 2 2.86893 1.56276  0 1 3 2.77692 1.50931  0 1 4 2.62014 1.54411 
16500 0 0 3 0 1 3 3.77906 0.0533939 1.49697 0.00160492 0.0159688 0.115152 0.618533 0.19073 0.750395 0.0397776 0.870714 0 0 3 3.77906 0.0533939  0 0 4 3.77618 0.0439826  0 0 2 2.86893 1.56276  0 1 3 2.77692 1.50931  0 1 4 2.62014 1.54411 
17000 1 0 3 0 1 3 3.78123 0.0529823 1.48137 0.00150702 0.0160083 0.115152 0.618533 0.205034 0.731753 0.0397776 0.870714 0 0 3 3.77906 0.0533939  0 0 4 3.77618 0.0439826  0 0 2 2.86893 1.56276  0 1 3 2.77692 1.50931  0 1 4 2.62014 1.54411 
17500 1 0 3 0 1 3 3.78123 0.0529823 1.48244 0.00150702 0.0160083 0.115152 0.618533 0.205034 0.731753 0.0397776 0.870714 0 0 3 3.77906 0.0533939  0 0 4 3.77618 0.0439826  0 0 2 2.86893 1.56276  0 1 3 2.77692 1.50931  0 1 4 2.62014 1.54411 
18000 1 0 3 0 1 3 3.78123 0.0529823 1.48423 0.00150702 0.0160083 0.115152 0.618533 0.205034 0.731753 0.0397776 0.870714 0 0 3 3.77906 0.0533939  0 0 4 3.77618 0.0439826  0 0 2 2.86893 1.56276  0 1 3 2.77692 1.50931  0 1 4 2.62014 1.54411 
18500 1 0 3 0 1 3 3.78123 0.0529823 1.48606 0.00150702 0.0160083 0.115152 0.618533 0.205034 0.731753 0.0397776 0.870714 0 0 3 3.77906 0.0533939  0 0 4 3.77659 0.0482083  0 0 2 2.86893 1.56276  0 1 3 2.77692 1.50931  0 1 4 2.62014 1.54411 
19000 1 0 3 0 1 3 3.78123 0.0529823 1.50195 0.00150702 0.0160083 0.115152 0.618533 0.205034 0.731753 0.0397776 0.870714 0 0 3 3.77951 0.0452051  0 0 4 3.77659 0.0482083  0 0 2 2.86893 1.56276  0 1 3 2.77692 1.50931  0 1 4 2.62014 1.54411 
19500 1 0 3 0 1 3 3.78123 0.0529823 1.5021 0.00150702 0.0160083 0.115152 0.618533 0.205034 0.731753 0.0397776 0.870714 0 0 3 3.77951 0.0452051  0 0 4 3.77659 0.0482083  0 0 2 2.86893 1.56276  0 1 3 2.77692 1.50931  0 1 4 2.62014 1.54411 
20000 1 0 3 0 1 4 3.78123 0.0529823 1.50419 0.00150702 0.0160083 0.52652 1.3067 0.205034 0.731753 0.208988 0.409268 0 0 3 3.77951 0.0452051  0 0 4 3.77659 0.0482083  0 0 2 2.86893 1.56276  0 1 3 2.77692 1.50931  0 1 4 2.65524 1.57263 
