500 8 0 18 0 22 29 2.83007 0.0429117 0.0099705 -0.000940495 0.00830148 0.0383307 0.325469 0.293356 0.629554 0.976226 0.0158268 0 25 29 0.0235036 0.125903  0 22 29 0.0232576 0.0901823  0 16 29 0.0209721 0.13125  0 27 29 0.0209126 0.101923  0 26 29 0.0209121 0.109136 
1000 9 0 18 0 1 27 3.37788 0.0489217 0.0117806 0.495069 1.24605 0.416095 0.665038 0.314182 0.622872 0.0097643 0.952034 0 0 26 0.153996 0.615381  0 1 27 0.0966104 0.318158  0 0 28 0.069279 0.283073  0 25 29 0.0235036 0.125903  0 22 29 0.0232576 0.0901823 
1500 9 0 18 0 1 27 3.37788 0.0489217 0.0127925 0.495069 1.24605 0.416095 0.665038 0.314182 0.622872 0.0097643 0.952034 0 0 24 0.249769 0.869879  0 0 27 0.187189 0.4392  0 0 26 0.153996 0.615381  0 1 27 0.0966104 0.318158  0 0 28 0.069279 0.283073 
2000 9 0 18 0 1 27 3.37788 0.0489217 0.0140246 0.495069 1.24605 0.416095 0.665038 0.314182 0.622872 0.0097643 0.952034 0 0 24 0.249769 0.869879  0 0 27 0.187189 0.4392  0 0 26 0.153996 0.615381  0 1 27 0.0966104 0.318158  0 0 28 0.069279 0.283073 
2500 9 0 18 0 0 16 3.37788 0.0489217 0.0155921 0.495069 1.24605 0.397853 1.10771 0.314182 0.622872 0.196939 0.515496 0 0 10 0.324173 0.844111  0 0 16 0.309961 0.892757  0 0 26 0.268144 0.82312  0 0 24 0.249769 0.869879  0 0 27 0.187189 0.4392 
3000 11 0 17 0 0 16 3.49779 0.0444523 0.0172345 -0.00162789 0.0207294 0.397853 1.10771 0.367146 0.582743 0.196939 0.515496 0 0 11 0.342475 0.975107  0 0 10 0.324173 0.844111  0 0 16 0.309961 0.892757  0 0 26 0.268144 0.82312  0 0 24 0.249769 0.869879 
3500 11 0 16 0 0 23 3.53226 0.0420282 0.0189942 -0.0016516 0.0209507 1.03833 1.6169 0.38993 0.564416 0.0721705 0.762574 0 0 23 0.537632 1.21893  0 0 11 0.342475 0.975107  0 0 10 0.324173 0.844111  0 0 16 0.309961 0.892757  0 0 26 0.268144 0.82312 
4000 13 0 15 0 0 23 3.61392 0.0438236 0.0205291 -0.00127307 0.0114597 1.03833 1.6169 0.440374 0.516843 0.0721705 0.762574 0 0 23 0.537632 1.21893  0 2 27 0.378507 0.897507  0 0 11 0.342475 0.975107  0 0 10 0.324173 0.844111  0 0 19 0.321503 0.883917 
4500 13 0 15 0 0 23 3.61392 0.0438236 0.0229477 -0.00127307 0.0114597 1.03833 1.6169 0.440374 0.516843 0.0721705 0.762574 0 0 23 0.537632 1.21893  0 2 27 0.378507 0.897507  0 0 11 0.342475 0.975107  0 0 10 0.324173 0.844111  0 0 19 0.321503 0.883917 
5000 13 0 15 0 1 26 3.61392 0.0438236 0.0253257 -0.00127307 0.0114597 1.19201 1.34037 0.440374 0.516843 0.0292237 0.793137 0 0 23 0.537632 1.21893  0 1 26 0.470818 1.00754  0 0 20 0.434405 1.03888  0 2 27 0.378507 0.897507  0 0 11 0.342475 0.975107 
5500 13 0 15 0 1 26 3.61392 0.0438236 0.0278896 -0.00127307 0.0114597 1.19201 1.34037 0.440374 0.516843 0.0292237 0.793137 0 0 23 0.537632 1.21893  0 1 26 0.470818 1.00754  0 0 20 0.434405 1.03888  0 2 27 0.378507 0.897507  0 0 11 0.342475 0.975107 
6000 13 0 15 0 1 26 3.61392 0.0438236 0.0297211 -0.00127307 0.0114597 1.19201 1.34037 0.440374 0.516843 0.0292237 0.793137 0 0 23 0.537632 1.21893  0 2 22 0.536883 1.17733  0 1 26 0.470818 1.00754  0 0 20 0.434405 1.03888  0 0 27 0.400367 0.576989 
6500 13 0 15 0 1 26 3.64301 0.0403749 0.032378 -0.00114301 0.0125202 1.19201 1.34037 0.450181 0.506922 0.0292237 0.793137 0 0 26 1.1963 0.034424  0 0 24 0.675362 1.36162  0 0 23 0.537632 1.21893  0 2 22 0.536883 1.17733  0 1 26 0.470818 1.00754 
7000 13 0 15 0 0 23 3.64301 0.0403749 0.0347896 -0.00114301 0.0125202 1.03833 1.6169 0.450181 0.506922 0.0721705 0.762574 0 0 26 1.1963 0.034424  0 0 7 0.679382 1.09505  0 0 24 0.675362 1.36162  0 0 23 0.537632 1.21893  0 2 22 0.536883 1.17733 
7500 13 0 15 0 0 23 3.64301 0.0403749 0.037841 -0.00114301 0.0125202 1.03833 1.6169 0.450181 0.506922 0.0721705 0.762574 0 0 26 1.1963 0.034424  0 0 7 0.679382 1.09505  0 0 24 0.675362 1.36162  0 0 23 0.537632 1.21893  0 2 22 0.536883 1.17733 
8000 13 0 15 0 0 20 3.64301 0.0403749 0.0411939 -0.00114301 0.0125202 1.1575 1.44626 0.450181 0.506922 0.0919088 0.760476 0 0 26 1.1963 0.034424  0 0 20 0.881758 1.27578  0 0 7 0.679382 1.09505  0 0 24 0.675362 1.36162  0 0 23 0.537632 1.21893 
8500 9 0 18 0 0 20 3.64635 0.0419353 0.0461778 0.0305759 0.338234 1.1575 1.44626 0.322889 0.626214 0.0919088 0.760476 0 0 26 1.1963 0.034424  0 0 20 0.881758 1.27578  0 1 22 0.735462 1.17863  0 0 7 0.679382 1.09505  0 0 24 0.675362 1.36162 
9000 18 0 9 0 2 23 3.65997 0.0390412 0.0510263 0.000838085 0.00833885 1.61014 1.45937 0.632675 0.316585 0.0161922 0.839123 0 0 26 1.1963 0.034424  0 2 23 0.938377 1.21637  0 0 20 0.881758 1.27578  0 1 22 0.735462 1.17863  0 0 7 0.679382 1.09505 
9500 18 0 9 0 2 23 3.65997 0.0390412 0.056178 0.000838085 0.00833885 1.61014 1.45937 0.632675 0.316585 0.0161922 0.839123 0 0 26 1.1963 0.034424  0 2 23 0.938377 1.21637  0 0 20 0.881758 1.27578  0 1 22 0.735462 1.17863  0 0 7 0.679382 1.09505 
10000 18 0 9 0 2 23 3.66185 0.0452863 0.0610063 0.0440448 0.395819 1.61014 1.45937 0.627593 0.323984 0.0161922 0.839123 0 0 26 1.1963 0.034424  0 0 14 1.07531 1.656  0 2 23 0.938377 1.21637  0 0 20 0.881758 1.27578  0 1 22 0.735462 1.17863 
10500 17 0 10 0 2 23 3.66676 0.042319 0.0673715 0.00160492 0.0159688 1.61014 1.45937 0.575035 0.354531 0.0161922 0.839123 0 0 26 1.1963 0.034424  0 0 14 1.07531 1.656  0 2 23 0.938377 1.21637  0 0 20 0.881758 1.27578  0 1 22 0.735462 1.17863 
11000 17 0 10 0 2 23 3.66676 0.042319 0.0731024 0.00160492 0.0159688 1.61014 1.45937 0.575035 0.354531 0.0161922 0.839123 0 0 26 1.1963 0.034424  0 0 14 1.07531 1.656  0 2 23 0.938377 1.21637  0 0 20 0.881758 1.27578  0 3 23 0.810976 1.03183 
11500 17 0 10 0 2 23 3.66676 0.042319 0.0788947 0.00160492 0.0159688 1.61014 1.45937 0.575035 0.354531 0.0161922 0.839123 0 0 26 1.1963 0.034424  0 0 14 1.07531 1.656  0 2 23 0.938377 1.21637  0 0 24 0.933247 1.54725  0 0 20 0.881758 1.27578 
12000 17 0 10 0 2 23 3.66676 0.042319 0.0857858 0.00160492 0.0159688 1.61014 1.45937 0.575035 0.354531 0.0161922 0.839123 0 0 26 1.1963 0.034424  0 0 14 1.07531 1.656  0 2 23 0.938377 1.21637  0 0 24 0.933247 1.54725  0 0 20 0.881758 1.27578 
12500 4 0 22 0 2 23 3.68932 0.0484401 0.0937483 0.00154506 0.0159859 1.61014 1.45937 0.162045 0.763522 0.0161922 0.839123 0 1 26 1.57093 0.0393443  0 0 26 1.1963 0.034424  0 0 14 1.07531 1.656  0 2 23 0.938377 1.21637  0 0 24 0.933247 1.54725 
13000 4 0 22 0 2 23 3.68932 0.0484401 0.10255 0.00154506 0.0159859 1.61014 1.45937 0.162045 0.763522 0.0161922 0.839123 0 1 26 1.57093 0.0393443  0 0 26 1.1963 0.034424  0 0 14 1.07531 1.656  0 2 23 0.938377 1.21637  0 0 24 0.933247 1.54725 
13500 4 0 22 0 2 23 3.68932 0.0484401 0.111868 0.00154506 0.0159859 1.61014 1.45937 0.162045 0.763522 0.0161922 0.839123 0 1 26 1.57093 0.0393443  0 0 26 1.1963 0.034424  0 0 14 1.07531 1.656  0 2 23 0.938377 1.21637  0 0 24 0.933247 1.54725 
14000 4 0 22 0 2 23 3.68932 0.0484401 0.119653 0.00154506 0.0159859 1.61014 1.45937 0.162045 0.763522 0.0161922 0.839123 0 1 26 1.57093 0.0393443  0 0 26 1.1963 0.034424  0 0 14 1.07531 1.656  0 0 10 0.994176 1.56135  0 2 23 0.938377 1.21637 
14500 4 0 22 0 5 23 3.68932 0.0484401 0.128689 0.00154506 0.0159859 1.72981 0.66863 0.162045 0.763522 0.0266238 0.793535 0 5 23 1.57149 0.775657  0 1 26 1.57093 0.0393443  0 5 22 1.55512 0.670416  0 0 26 1.1963 0.034424  0 0 14 1.07531 1.656 
15000 4 0 22 0 0 25 3.68932 0.0484401 0.138127 0.00154506 0.0159859 1.89004 1.73862 0.162045 0.763522 0.0225025 0.853429 0 0 26 2.23697 0.0533531  0 0 25 1.69526 1.65179  0 5 23 1.57149 0.775657  0 1 26 1.57093 0.0393443  0 5 22 1.55512 0.670416 
15500 4 0 22 0 0 25 3.68932 0.0484401 0.146383 0.00154506 0.0159859 1.89004 1.73862 0.162045 0.763522 0.0225025 0.853429 0 0 26 2.23697 0.0533531  0 0 25 1.69526 1.65179  0 5 23 1.57149 0.775657  0 1 26 1.57093 0.0393443  0 5 22 1.55512 0.670416 
16000 6 0 21 0 0 25 3.69744 0.0400365 0.156663 -0.00665523 0.0306618 1.89004 1.73862 0.22497 0.711215 0.0225025 0.853429 0 0 26 2.23697 0.0533531  0 0 25 1.69526 1.65179  0 5 23 1.57149 0.775657  0 1 26 1.57093 0.0393443  0 5 22 1.55512 0.670416 
16500 6 0 21 0 2 24 3.69744 0.0400365 0.164756 -0.00665523 0.0306618 2.61285 0.519452 0.22497 0.711215 0.026596 0.841935 0 2 24 2.35034 0.650998  0 0 26 2.23697 0.0533531  0 0 25 1.69526 1.65179  0 3 23 1.59237 1.15969  0 5 23 1.57149 0.775657 
17000 3 0 23 0 2 24 3.70733 0.0602018 0.175811 0.00154506 0.0159859 2.61285 0.519452 0.124031 0.793921 0.026596 0.841935 0 2 24 2.35034 0.650998  0 0 26 2.23697 0.0533531  0 0 25 1.69526 1.65179  0 3 23 1.59237 1.15969  0 1 25 1.5923 0.219406 
17500 3 0 23 0 2 24 3.70733 0.0602018 0.18473 0.00154506 0.0159859 2.61285 0.519452 0.124031 0.793921 0.026596 0.841935 0 2 24 2.35034 0.650998  0 0 26 2.23697 0.0533531  0 0 25 1.69526 1.65179  0 3 23 1.59237 1.15969  0 1 25 1.5923 0.219406 
18000 24 0 3 0 2 24 3.74439 0.0469292 0.193886 0.000408318 0.0141855 2.61285 0.519452 0.819674 0.104399 0.026596 0.841935 0 2 24 2.35034 0.650998  0 0 26 2.23697 0.0533531  0 0 25 1.69526 1.65179  0 3 23 1.59237 1.15969  0 1 25 1.5923 0.219406 
18500 24 0 3 0 2 24 3.74439 0.0469292 0.203023 0.000408318 0.0141855 2.61285 0.519452 0.819674 0.104399 0.026596 0.841935 0 0 27 2.60328 0.0590464  0 2 24 2.35034 0.650998  0 0 26 2.23697 0.0533531  0 0 25 1.69526 1.65179  0 3 23 1.59237 1.15969 
19000 24 0 3 0 2 24 3.74439 0.0469292 0.214724 0.000408318 0.0141855 2.61285 0.519452 0.819674 0.104399 0.026596 0.841935 0 0 27 2.60328 0.0590464  0 2 24 2.35034 0.650998  0 0 26 2.23697 0.0533531  0 5 25 1.75553 0.7098  0 0 25 1.69526 1.65179 
19500 24 0 3 0 2 24 3.74439 0.0469292 0.225665 0.000408318 0.0141855 2.61285 0.519452 0.819674 0.104399 0.026596 0.841935 0 0 27 2.60328 0.0590464  0 2 24 2.35034 0.650998  0 0 26 2.23697 0.0533531  0 5 25 1.75553 0.7098  0 0 25 1.69526 1.65179 
20000 24 0 3 0 0 27 3.74439 0.0469292 0.236661 0.000408318 0.0141855 2.63236 0.335572 0.819674 0.104399 0.00171144 0.931317 0 0 27 2.61616 0.0593148  0 2 24 2.35034 0.650998  0 0 26 2.23697 0.0533531  0 5 25 1.75553 0.7098  0 0 25 1.69526 1.65179 
