500 3 0 5 0 0 6 3.39315 0.0343918 0.0811503 0.000939717 0.0149252 1.18872 1.59168 0.391097 0.569842 0.116059 0.715715 0 0 7 0.867323 1.40426  0 0 4 0.8283 1.46809  0 0 6 0.646066 1.26918  0 1 8 0.157574 0.510144  0 6 9 0.132049 0.331779 
1000 4 0 5 0 0 6 3.50791 0.0320079 0.189625 -0.00139643 0.0254451 1.2943 1.6241 0.451311 0.510534 0.119442 0.696858 0 0 8 2.53891 0.0399438  0 0 7 1.17495 1.52381  0 0 4 0.8283 1.46809  0 0 3 0.783577 1.1965  0 0 6 0.768566 1.37166 
1500 4 0 5 0 0 7 3.58783 0.0469849 0.408361 0.00121709 0.0130847 2.56825 1.15752 0.420642 0.530803 0.134896 0.753933 0 0 7 2.92838 0.0369561  0 0 8 2.85312 0.0571939  0 0 6 1.26319 1.42803  0 0 5 1.09986 1.53256  0 1 5 1.00156 1.527 
2000 3 0 6 0 0 7 3.69026 0.0461155 0.578162 0.00156626 0.015584 3.06925 0.44383 0.301624 0.642519 0.169101 0.741986 0 0 7 2.98671 0.0405852  0 0 8 2.85312 0.0571939  0 1 8 2.03946 1.31092  0 1 7 1.62597 1.48571  0 0 3 1.33248 1.60265 
2500 1 0 8 0 0 8 3.71104 0.0480418 0.672991 0.00154506 0.0159859 3.12711 1.40129 0.110732 0.805608 0.218858 0.695123 0 0 8 3.70272 0.0484214  0 0 7 3.00505 0.0318419  0 1 8 2.03946 1.31092  0 1 7 1.62597 1.48571  0 3 8 1.59795 1.17662 
3000 0 0 8 0 0 7 3.73422 0.0502706 0.738006 0.00153451 0.0159912 3.09508 0.443947 0.0957041 0.828329 0.16929 0.739693 0 0 8 3.73422 0.0502706  0 0 7 3.00505 0.0318419  0 1 8 2.03946 1.31092  0 1 7 1.83143 1.44701  0 4 8 1.70572 1.49054 
3500 0 0 8 0 0 7 3.754 0.0456594 0.803868 0.524844 1.34323 3.09508 0.443947 0.0695095 0.853479 0.16929 0.739693 0 0 8 3.754 0.0456594  0 0 9 3.24317 0.847713  0 0 7 3.00505 0.0318419  0 2 8 2.23915 1.23763  0 1 8 2.03946 1.31092 
4000 0 0 8 0 2 8 3.754 0.0456594 0.831445 0.524844 1.34323 1.46472 1.48873 0.0695095 0.853479 0.15714 0.865393 0 0 8 3.754 0.0456594  0 0 9 3.24317 0.847713  0 0 7 3.09253 0.0414454  0 2 8 2.23915 1.23763  0 1 8 2.03946 1.31092 
4500 0 0 8 0 0 9 3.754 0.0456594 0.861825 0.524844 1.34323 3.37338 0.843636 0.0695095 0.853479 0.00274836 0.91784 0 0 8 3.754 0.0456594  0 0 9 3.58957 0.066034  0 0 7 3.09253 0.0414454  0 2 8 2.23915 1.23763  0 1 8 2.03946 1.31092 
5000 0 0 8 0 0 9 3.754 0.0456594 0.890392 0.524844 1.34323 3.37338 0.843636 0.0695095 0.853479 0.00274836 0.91784 0 0 8 3.754 0.0456594  0 0 9 3.58957 0.066034  0 0 7 3.09253 0.0414454  0 2 8 2.23915 1.23763  0 3 8 2.06673 1.45808 
5500 0 0 8 0 0 9 3.754 0.0456594 0.921232 0.524844 1.34323 3.37338 0.843636 0.0695095 0.853479 0.00274836 0.91784 0 0 8 3.754 0.0456594  0 0 9 3.58957 0.066034  0 0 7 3.10141 0.0405035  0 2 8 2.23915 1.23763  0 1 7 2.12257 0.309088 
6000 1 0 7 0 0 7 3.76768 0.0482566 0.947526 0.00154506 0.0159859 3.53979 0.498241 0.171214 0.759907 0.210325 0.721572 0 0 8 3.754 0.0456594  0 0 9 3.58957 0.066034  0 0 7 3.40215 0.603705  0 2 8 2.23915 1.23763  0 1 7 2.12257 0.309088 
6500 1 0 7 0 0 7 3.76768 0.0482566 0.962713 0.00154506 0.0159859 3.53979 0.498241 0.171214 0.759907 0.210325 0.721572 0 0 8 3.754 0.0456594  0 0 9 3.58957 0.066034  0 0 7 3.40215 0.603705  0 2 8 2.23915 1.23763  0 1 7 2.12257 0.309088 
7000 1 0 7 0 0 7 3.76768 0.0482566 0.983925 0.00154506 0.0159859 3.53979 0.498241 0.171214 0.759907 0.210325 0.721572 0 0 8 3.754 0.0456594  0 0 9 3.58957 0.066034  0 0 7 3.40215 0.603705  0 0 5 2.30401 1.76172  0 2 8 2.23915 1.23763 
7500 1 0 7 0 0 7 3.76768 0.0482566 0.993543 0.00154506 0.0159859 3.53979 0.498241 0.171214 0.759907 0.210325 0.721572 0 0 8 3.75628 0.0445903  0 0 9 3.58957 0.066034  0 0 7 3.40215 0.603705  0 0 5 2.30401 1.76172  0 2 8 2.23915 1.23763 
8000 1 0 7 0 0 7 3.76768 0.0482566 1.01002 0.00154506 0.0159859 3.53979 0.498241 0.171214 0.759907 0.210325 0.721572 0 0 8 3.75628 0.0445903  0 0 9 3.58957 0.066034  0 0 7 3.40215 0.603705  0 1 8 2.49965 1.21646  0 0 5 2.30401 1.76172 
8500 1 0 7 0 0 7 3.76768 0.0482566 1.01941 0.00154506 0.0159859 3.53979 0.498241 0.171214 0.759907 0.210325 0.721572 0 0 8 3.75628 0.0445903  0 0 9 3.58957 0.066034  0 0 7 3.40215 0.603705  0 1 8 2.49965 1.21646  0 0 5 2.30401 1.76172 
9000 1 0 7 0 0 7 3.76768 0.0482566 1.02901 0.00154506 0.0159859 3.53979 0.498241 0.171214 0.759907 0.210325 0.721572 0 0 8 3.75628 0.0445903  0 0 9 3.58957 0.066034  0 0 7 3.40215 0.603705  0 1 8 2.49965 1.21646  0 0 5 2.30449 1.73581 
9500 1 0 7 0 0 7 3.76768 0.0482566 1.03743 0.00154506 0.0159859 3.53979 0.498241 0.171214 0.759907 0.210325 0.721572 0 0 8 3.75628 0.0445903  0 0 9 3.58957 0.066034  0 0 7 3.40215 0.603705  0 1 8 2.49965 1.21646  0 0 5 2.30449 1.73581 
10000 1 0 7 0 0 7 3.76768 0.0482566 1.04407 0.00154506 0.0159859 3.53979 0.498241 0.171214 0.759907 0.210325 0.721572 0 0 8 3.75628 0.0445903  0 0 9 3.58957 0.066034  0 0 7 3.40215 0.603705  0 0 6 2.58944 1.5452  0 1 8 2.49965 1.21646 
10500 1 0 7 0 0 9 3.76768 0.0482566 1.05342 0.00154506 0.0159859 3.37338 0.843636 0.171214 0.759907 0.00274836 0.91784 0 0 8 3.75628 0.0445903  0 0 9 3.58957 0.066034  0 0 7 3.415 0.77045  0 0 6 2.58944 1.5452  0 1 8 2.49965 1.21646 
11000 1 0 7 0 0 9 3.76768 0.0482566 1.05882 0.00154506 0.0159859 3.37338 0.843636 0.171214 0.759907 0.00274836 0.91784 0 0 8 3.75628 0.0445903  0 0 9 3.58957 0.066034  0 0 7 3.415 0.77045  0 0 6 2.58944 1.5452  0 1 8 2.49965 1.21646 
11500 1 0 7 0 0 9 3.76768 0.0482566 1.06568 0.00154506 0.0159859 3.37338 0.843636 0.171214 0.759907 0.00274836 0.91784 0 0 8 3.75628 0.0445903  0 0 9 3.58957 0.066034  0 0 7 3.415 0.77045  0 0 6 2.58944 1.5452  0 1 8 2.53682 0.99644 
12000 1 0 7 0 0 9 3.76768 0.0482566 1.076 0.00154506 0.0159859 3.37338 0.843636 0.171214 0.759907 0.00274836 0.91784 0 0 8 3.75628 0.0445903  0 0 9 3.58957 0.066034  0 0 7 3.415 0.77045  0 0 6 2.74226 1.64003  0 1 8 2.53682 0.99644 
12500 1 0 7 0 0 9 3.76768 0.0482566 1.08567 0.00154506 0.0159859 3.37338 0.843636 0.171214 0.759907 0.00274836 0.91784 0 0 8 3.75628 0.0445903  0 0 9 3.58957 0.066034  0 0 7 3.415 0.77045  0 0 6 2.77262 1.62044  0 0 5 2.59459 1.71626 
13000 1 0 7 0 0 9 3.76768 0.0482566 1.09236 0.00154506 0.0159859 3.37338 0.843636 0.171214 0.759907 0.00274836 0.91784 0 0 8 3.7565 0.0483952  0 0 9 3.58957 0.066034  0 0 7 3.415 0.77045  0 0 6 2.77262 1.62044  0 0 5 2.59459 1.71626 
13500 1 0 7 0 0 9 3.76768 0.0482566 1.097 0.00154506 0.0159859 3.37338 0.843636 0.171214 0.759907 0.00274836 0.91784 0 0 8 3.7565 0.0483952  0 0 9 3.58957 0.066034  0 0 7 3.47743 0.531797  0 0 6 2.77262 1.62044  0 0 5 2.59459 1.71626 
14000 1 0 7 0 0 9 3.76768 0.0482566 1.10159 0.00154506 0.0159859 3.37338 0.843636 0.171214 0.759907 0.00274836 0.91784 0 0 8 3.7565 0.0483952  0 0 9 3.58957 0.066034  0 0 7 3.47743 0.531797  0 0 6 2.77262 1.62044  0 0 5 2.59459 1.71626 
14500 1 0 7 0 0 9 3.76768 0.0482566 1.10768 0.00154506 0.0159859 3.37338 0.843636 0.171214 0.759907 0.00274836 0.91784 0 0 8 3.7565 0.0483952  0 0 9 3.58957 0.066034  0 0 7 3.47743 0.531797  0 0 6 2.77262 1.62044  0 0 5 2.59459 1.71626 
15000 1 0 7 0 0 9 3.76768 0.0482566 1.11345 0.00154506 0.0159859 3.37338 0.843636 0.171214 0.759907 0.00274836 0.91784 0 0 8 3.7565 0.0483952  0 0 9 3.58957 0.066034  0 0 7 3.47743 0.531797  0 0 6 2.77262 1.62044  0 0 5 2.59459 1.71626 
15500 1 0 7 0 0 9 3.76768 0.0482566 1.11886 0.00154506 0.0159859 3.37338 0.843636 0.171214 0.759907 0.00274836 0.91784 0 0 8 3.7565 0.0483952  0 0 9 3.58957 0.066034  0 0 7 3.47743 0.531797  0 0 6 2.77262 1.62044  0 0 5 2.59459 1.71626 
16000 1 0 7 0 0 9 3.76768 0.0482566 1.12171 0.00154506 0.0159859 3.37338 0.843636 0.171214 0.759907 0.00274836 0.91784 0 0 8 3.7565 0.0483952  0 0 9 3.58957 0.066034  0 0 7 3.47743 0.531797  0 0 6 2.77262 1.62044  0 0 5 2.59459 1.71626 
16500 1 0 7 0 0 9 3.76768 0.0482566 1.13002 0.00154506 0.0159859 3.37338 0.843636 0.171214 0.759907 0.00274836 0.91784 0 0 8 3.7565 0.0483952  0 0 9 3.58957 0.066034  0 0 7 3.47743 0.531797  0 0 6 2.77262 1.62044  0 1 8 2.75532 0.911488 
17000 1 0 7 0 0 9 3.76768 0.0482566 1.13573 0.00154506 0.0159859 3.37338 0.843636 0.171214 0.759907 0.00274836 0.91784 0 0 8 3.7565 0.0483952  0 0 9 3.58957 0.066034  0 0 7 3.47743 0.531797  0 0 6 2.77262 1.62044  0 1 8 2.75532 0.911488 
17500 1 0 7 0 0 9 3.76768 0.0482566 1.13716 0.00154506 0.0159859 3.37338 0.843636 0.171214 0.759907 0.00274836 0.91784 0 0 8 3.7565 0.0483952  0 0 9 3.58957 0.066034  0 0 7 3.47743 0.531797  0 0 6 2.77262 1.62044  0 1 8 2.75532 0.911488 
18000 1 0 7 0 0 9 3.76768 0.0482566 1.13817 0.00154506 0.0159859 3.37338 0.843636 0.171214 0.759907 0.00274836 0.91784 0 0 8 3.7565 0.0483952  0 0 9 3.58957 0.066034  0 0 7 3.47743 0.531797  0 0 6 2.77262 1.62044  0 1 8 2.75532 0.911488 
18500 1 0 7 0 0 9 3.76768 0.0482566 1.14586 0.00154506 0.0159859 3.37338 0.843636 0.171214 0.759907 0.00274836 0.91784 0 0 8 3.75987 0.0490393  0 0 9 3.58957 0.066034  0 0 7 3.47743 0.531797  0 0 6 2.77262 1.62044  0 1 8 2.75532 0.911488 
19000 1 0 7 0 0 9 3.76768 0.0482566 1.14895 0.00154506 0.0159859 3.37338 0.843636 0.171214 0.759907 0.00274836 0.91784 0 0 8 3.75987 0.0490393  0 0 9 3.58957 0.066034  0 0 7 3.47743 0.531797  0 0 6 2.77262 1.62044  0 1 8 2.75532 0.911488 
19500 1 0 7 0 0 9 3.76768 0.0482566 1.15187 0.00154506 0.0159859 3.37338 0.843636 0.171214 0.759907 0.00274836 0.91784 0 0 8 3.75987 0.0490393  0 0 9 3.58957 0.066034  0 0 7 3.47743 0.531797  0 0 6 2.77262 1.62044  0 1 8 2.75532 0.911488 
20000 1 0 7 0 0 9 3.76768 0.0482566 1.15695 0.00154506 0.0159859 3.37338 0.843636 0.171214 0.759907 0.00274836 0.91784 0 0 8 3.75987 0.0490393  0 0 9 3.58957 0.066034  0 0 7 3.47743 0.531797  0 0 6 2.77262 1.62044  0 1 8 2.75532 0.911488 
