500 1 0 7 0 0 7 3.0977 0.0356698 0.0499663 -0.00139032 0.00661985 0.35166 1.027 0.196185 0.712703 0.10657 0.607309 0 0 7 0.356886 1.03132  0 0 8 0.059644 0.298023  0 0 5 0.0559589 0.263218  0 7 9 0.0287384 0.134167  0 8 9 0.0277759 0.130226 
1000 1 0 7 0 1 5 3.16933 0.0367436 0.100514 -0.00194182 0.00833109 0.598607 1.14068 0.178576 0.730481 0.0747941 0.65038 0 0 5 0.948175 1.16068  0 1 5 0.527526 1.13043  0 1 6 0.479466 0.964209  0 3 6 0.377866 0.93292  0 0 7 0.356886 1.03132 
1500 5 0 4 0 5 8 3.54424 0.231726 0.225443 0.0927862 0.599632 0.712311 1.229 0.514963 0.449712 0.0740319 0.784709 0 1 6 1.38753 1.66913  0 5 8 1.21458 1.41615  0 2 6 1.15322 1.64207  0 0 7 1.03137 1.52845  0 0 5 0.948175 1.16068 
2000 5 0 4 0 5 8 3.54424 0.231726 0.346215 0.0927862 0.599632 0.712311 1.229 0.514963 0.449712 0.0740319 0.784709 0 0 8 2.53636 0.0550186  0 0 7 1.61018 1.06202  0 1 6 1.38753 1.66913  0 0 6 1.35377 1.51652  0 5 8 1.21458 1.41615 
2500 4 0 5 0 5 8 3.57081 0.0384053 0.461783 0.00137904 0.0137213 0.712311 1.229 0.410847 0.55413 0.0740319 0.784709 0 0 8 2.53636 0.0550186  0 0 7 2.23567 0.0609724  0 1 6 1.38753 1.66913  0 0 6 1.35377 1.51652  0 5 8 1.21458 1.41615 
3000 1 0 7 0 5 8 3.68127 0.0434243 0.550506 0.00118371 0.0137755 0.712311 1.229 0.135985 0.78355 0.0740319 0.784709 0 0 7 2.69836 1.62069  0 0 8 2.53684 0.0616603  0 1 6 1.38753 1.66913  0 0 6 1.35377 1.51652  0 5 8 1.21458 1.41615 
3500 0 0 8 0 0 6 3.73916 0.0522357 0.621094 0.00154565 0.0159921 0.596234 1.17882 0.0603704 0.85715 0.0596349 0.74687 0 0 8 3.73916 0.0522357  0 0 7 2.69836 1.62069  0 0 6 1.57229 1.5024  0 0 5 1.45504 1.68969  0 1 6 1.38753 1.66913 
4000 0 0 8 0 0 6 3.74985 0.0548475 0.678065 0.00154506 0.0159859 0.596234 1.17882 0.0707156 0.850614 0.0596349 0.74687 0 0 8 3.74985 0.0548475  0 0 7 2.69836 1.62069  0 0 9 2.50014 0.515243  0 0 6 1.57229 1.5024  0 0 5 1.45504 1.68969 
4500 0 0 8 0 0 7 3.74985 0.0548475 0.713861 0.00154506 0.0159859 2.84546 1.273 0.0707156 0.850614 0.103713 0.787609 0 0 8 3.74985 0.0548475  0 0 7 3.37966 0.0465704  0 0 9 2.50014 0.515243  0 2 8 1.84353 1.62322  0 0 6 1.57229 1.5024 
5000 0 0 8 0 0 7 3.74985 0.0548475 0.755964 0.00154506 0.0159859 2.84546 1.273 0.0707156 0.850614 0.103713 0.787609 0 0 8 3.74985 0.0548475  0 0 7 3.37966 0.0465704  0 0 9 2.50014 0.515243  0 2 8 1.84353 1.62322  0 0 4 1.72871 1.76431 
5500 0 0 8 0 0 7 3.74985 0.0548475 0.79178 0.00154506 0.0159859 2.84546 1.273 0.0707156 0.850614 0.103713 0.787609 0 0 8 3.74985 0.0548475  0 0 7 3.37966 0.0465704  0 0 9 2.50014 0.515243  0 0 5 2.21925 1.83677  0 2 8 1.84353 1.62322 
6000 0 0 8 0 0 7 3.74985 0.0548475 0.813001 0.00154506 0.0159859 2.84546 1.273 0.0707156 0.850614 0.103713 0.787609 0 0 8 3.74985 0.0548475  0 0 7 3.37966 0.0465704  0 0 9 2.50014 0.515243  0 0 5 2.21925 1.83677  0 2 8 1.84353 1.62322 
6500 1 0 7 0 0 7 3.76027 0.0506493 0.845595 0.000436931 0.0194541 2.84546 1.273 0.187678 0.747217 0.103713 0.787609 0 0 8 3.74985 0.0548475  0 0 7 3.37966 0.0465704  0 0 6 2.64927 1.69392  0 0 9 2.50014 0.515243  0 0 5 2.39394 1.79593 
7000 2 0 7 0 0 7 3.77205 0.0484698 0.880028 0.000447261 0.0195769 3.50679 0.470424 0.207067 0.726976 0.210988 0.721603 0 0 8 3.74985 0.0548475  0 0 9 3.44127 0.045755  0 0 7 3.38634 0.0464823  0 0 6 2.87812 1.57771  0 0 5 2.39394 1.79593 
7500 2 0 7 0 0 7 3.77205 0.0484698 0.898021 0.000447261 0.0195769 2.99016 1.34024 0.207067 0.726976 0.304662 0.629735 0 0 8 3.76038 0.04928  0 0 9 3.44127 0.045755  0 0 7 3.40721 0.0414119  0 0 6 2.87812 1.57771  0 0 5 2.39394 1.79593 
8000 2 0 7 0 0 7 3.77205 0.0484698 0.917689 0.000447261 0.0195769 3.42665 0.469551 0.207067 0.726976 0.175481 0.747446 0 0 8 3.76038 0.04928  0 0 9 3.44127 0.045755  0 0 7 3.43503 0.0405701  0 0 6 2.87812 1.57771  0 0 5 2.39394 1.79593 
8500 2 0 7 0 0 7 3.77205 0.0484698 0.934747 0.000447261 0.0195769 3.42665 0.469551 0.207067 0.726976 0.175481 0.747446 0 0 8 3.76038 0.04928  0 0 9 3.44127 0.045755  0 0 7 3.43503 0.0405701  0 0 6 2.87812 1.57771  0 0 5 2.39394 1.79593 
9000 2 0 7 0 0 9 3.77205 0.0484698 0.945235 0.000447261 0.0195769 2.78413 1.42117 0.207067 0.726976 0.100613 0.835868 0 0 8 3.76038 0.04928  0 0 7 3.49013 0.0466902  0 0 9 3.44127 0.045755  0 0 6 3.00725 1.3733  0 0 5 2.39394 1.79593 
9500 2 0 7 0 0 9 3.77205 0.0484698 0.95864 0.000447261 0.0195769 2.78413 1.42117 0.207067 0.726976 0.100613 0.835868 0 0 8 3.76038 0.04928  0 0 7 3.49013 0.0466902  0 0 9 3.44127 0.045755  0 0 6 3.00725 1.3733  0 0 5 2.39394 1.79593 
10000 2 0 7 0 0 9 3.77205 0.0484698 0.970249 0.000447261 0.0195769 2.78413 1.42117 0.207067 0.726976 0.100613 0.835868 0 0 8 3.76038 0.04928  0 0 7 3.52125 0.0489711  0 0 9 3.44127 0.045755  0 0 6 3.00725 1.3733  0 0 5 2.39394 1.79593 
10500 1 0 7 0 0 9 3.78282 0.0499802 0.977419 0.00154506 0.0159859 2.78413 1.42117 0.152787 0.784202 0.100613 0.835868 0 0 8 3.76038 0.04928  0 0 7 3.52125 0.0489711  0 0 9 3.44127 0.045755  0 0 6 3.00725 1.3733  0 0 5 2.39394 1.79593 
11000 1 0 7 0 0 9 3.78282 0.0499802 0.986844 0.00154506 0.0159859 2.78413 1.42117 0.152787 0.784202 0.100613 0.835868 0 0 8 3.76038 0.04928  0 0 7 3.52125 0.0489711  0 0 9 3.44127 0.045755  0 0 6 3.03126 1.44526  0 0 5 2.54658 1.64565 
11500 1 0 7 0 0 9 3.78282 0.0499802 0.993389 0.00154506 0.0159859 0.498958 1.23321 0.152787 0.784202 0.0460508 0.739609 0 0 8 3.77151 0.0488009  0 0 7 3.52125 0.0489711  0 0 9 3.45383 0.0560067  0 0 6 3.03126 1.44526  0 0 5 2.54658 1.64565 
12000 1 0 7 0 0 9 3.78282 0.0499802 1.00145 0.00154506 0.0159859 0.498958 1.23321 0.152787 0.784202 0.0460508 0.739609 0 0 8 3.77151 0.0488009  0 0 7 3.52125 0.0489711  0 0 9 3.45383 0.0560067  0 0 6 3.03126 1.44526  0 0 5 2.60463 1.64561 
12500 1 0 7 0 0 9 3.78282 0.0499802 1.00754 0.00154506 0.0159859 0.498958 1.23321 0.152787 0.784202 0.0460508 0.739609 0 0 8 3.77151 0.0488009  0 0 7 3.52125 0.0489711  0 0 9 3.45383 0.0560067  0 0 6 3.03126 1.44526  0 0 5 2.60463 1.64561 
13000 1 0 7 0 0 9 3.78282 0.0499802 1.01659 0.00154506 0.0159859 0.498958 1.23321 0.152787 0.784202 0.0460508 0.739609 0 0 8 3.77151 0.0488009  0 0 7 3.52125 0.0489711  0 0 9 3.45383 0.0560067  0 0 6 3.03126 1.44526  0 0 5 2.60463 1.64561 
13500 1 0 7 0 0 9 3.78282 0.0499802 1.02301 0.00154506 0.0159859 0.498958 1.23321 0.152787 0.784202 0.0460508 0.739609 0 0 8 3.77151 0.0488009  0 0 7 3.52125 0.0489711  0 0 9 3.45383 0.0560067  0 0 6 3.03126 1.44526  0 0 5 2.60463 1.64561 
14000 1 0 7 0 0 9 3.78282 0.0499802 1.02841 0.00154506 0.0159859 1.30213 1.70066 0.152787 0.784202 0.121896 0.800811 0 0 8 3.77151 0.0488009  0 0 7 3.52125 0.0489711  0 0 9 3.45652 0.0534732  0 0 6 3.03126 1.44526  0 0 5 2.60463 1.64561 
14500 1 0 7 0 0 9 3.78282 0.0499802 1.0338 0.00154506 0.0159859 2.82464 1.38993 0.152787 0.784202 0.0356071 0.884782 0 0 8 3.77151 0.0488009  0 0 7 3.52125 0.0489711  0 0 9 3.47322 0.0515508  0 0 6 3.03126 1.44526  0 0 5 2.60463 1.64561 
15000 1 0 7 0 0 9 3.78282 0.0499802 1.04078 0.00154506 0.0159859 2.82464 1.38993 0.152787 0.784202 0.0356071 0.884782 0 0 8 3.77151 0.0488009  0 0 7 3.52125 0.0489711  0 0 9 3.47322 0.0515508  0 0 6 3.07268 1.44013  0 0 5 2.60463 1.64561 
15500 1 0 7 0 0 9 3.78282 0.0499802 1.04528 0.00154506 0.0159859 2.82464 1.38993 0.152787 0.784202 0.0356071 0.884782 0 0 8 3.77151 0.0488009  0 0 7 3.52125 0.0489711  0 0 9 3.47322 0.0515508  0 0 6 3.07268 1.44013  0 0 5 2.60463 1.64561 
16000 1 0 7 0 0 9 3.78282 0.0499802 1.04907 0.00154506 0.0159859 2.82464 1.38993 0.152787 0.784202 0.0356071 0.884782 0 0 8 3.77151 0.0488009  0 0 7 3.522 0.0516626  0 0 9 3.47322 0.0515508  0 0 6 3.07268 1.44013  0 0 5 2.60463 1.64561 
16500 1 0 7 0 0 9 3.78282 0.0499802 1.05262 0.00154506 0.0159859 2.82464 1.38993 0.152787 0.784202 0.0356071 0.884782 0 0 8 3.77151 0.0488009  0 0 7 3.522 0.0516626  0 0 9 3.47322 0.0515508  0 0 6 3.07268 1.44013  0 0 5 2.60463 1.64561 
17000 1 0 7 0 0 9 3.78282 0.0499802 1.05466 0.00154506 0.0159859 2.82464 1.38993 0.152787 0.784202 0.0356071 0.884782 0 0 8 3.77151 0.0488009  0 0 7 3.522 0.0516626  0 0 9 3.47322 0.0515508  0 0 6 3.07268 1.44013  0 0 5 2.60463 1.64561 
17500 1 0 7 0 0 9 3.78282 0.0499802 1.05907 0.00154506 0.0159859 2.82464 1.38993 0.152787 0.784202 0.0356071 0.884782 0 0 8 3.77151 0.0488009  0 0 7 3.53868 0.0491323  0 0 9 3.47322 0.0515508  0 0 6 3.07268 1.44013  0 0 5 2.60463 1.64561 
18000 1 0 7 0 0 9 3.78282 0.0499802 1.06036 0.00154506 0.0159859 2.82464 1.38993 0.152787 0.784202 0.0356071 0.884782 0 0 8 3.77151 0.0488009  0 0 7 3.53868 0.0491323  0 0 9 3.47322 0.0515508  0 0 6 3.07268 1.44013  0 0 5 2.60463 1.64561 
18500 1 0 7 0 0 9 3.78282 0.0499802 1.06239 0.00154506 0.0159859 2.82464 1.38993 0.152787 0.784202 0.0356071 0.884782 0 0 8 3.77151 0.0488009  0 0 7 3.53868 0.0491323  0 0 9 3.47322 0.0515508  0 0 6 3.07268 1.44013  0 0 5 2.60463 1.64561 
19000 1 0 7 0 0 9 3.78282 0.0499802 1.06522 0.00154506 0.0159859 2.82464 1.38993 0.152787 0.784202 0.0356071 0.884782 0 0 8 3.77151 0.0488009  0 0 7 3.53868 0.0491323  0 0 9 3.47322 0.0515508  0 0 6 3.07268 1.44013  0 0 5 2.60463 1.64561 
19500 1 0 7 0 0 9 3.78282 0.0499802 1.07038 0.00154506 0.0159859 2.82464 1.38993 0.152787 0.784202 0.0356071 0.884782 0 0 8 3.77151 0.0488009  0 0 7 3.53868 0.0491323  0 0 9 3.47322 0.0515508  0 0 6 3.07268 1.44013  0 0 5 2.60463 1.64561 
20000 1 0 7 0 0 9 3.78282 0.0499802 1.07288 0.00154506 0.0159859 2.82464 1.38993 0.152787 0.784202 0.0356071 0.884782 0 0 8 3.77151 0.0488009  0 0 7 3.53868 0.0491323  0 0 9 3.47322 0.0515508  0 0 6 3.07268 1.44013  0 0 5 2.60463 1.64561 
