500 18 7 10 0 25 29 0.612466 0.497552 0.00317638 0.000381213 0.0218613 0.00160492 0.0159688 0.627672 0.355932 0.984818 0.751793 0 7 26 0.11527 0.25907  0 0 6 0.0623447 0.235725  0 9 13 0.0271369 0.134994  0 25 29 0.0256904 0.128203  0 24 29 0.0256663 0.126356 
1000 26 0 1 0 25 29 3.69298 0.206974 0.00474323 0.00176023 0.0167708 0.00160492 0.0159688 0.874988 0.0456657 0.984818 0.751793 0 7 26 0.11527 0.25907  0 0 6 0.0623447 0.235725  0 9 13 0.0271369 0.134994  0 25 29 0.0256904 0.128203  0 24 29 0.0256663 0.126356 
1500 26 0 1 0 0 20 3.69298 0.206974 0.00615892 0.00176023 0.0167708 0.25032 0.458948 0.874988 0.0456657 0.225692 0.535641 0 3 19 0.122928 0.269818  0 7 26 0.11527 0.25907  0 0 20 0.0969824 0.289693  0 0 6 0.0623447 0.235725  0 9 13 0.0271369 0.134994 
2000 26 0 1 0 0 20 3.69298 0.206974 0.00774876 0.00176023 0.0167708 0.25032 0.458948 0.874988 0.0456657 0.225692 0.535641 0 3 19 0.122928 0.269818  0 7 26 0.11527 0.25907  0 0 20 0.0969824 0.289693  0 0 6 0.0623447 0.235725  0 0 9 0.0363716 0.236171 
2500 26 0 1 0 0 20 3.69298 0.206974 0.00936892 0.00176023 0.0167708 0.25032 0.458948 0.874988 0.0456657 0.225692 0.535641 0 3 19 0.122928 0.269818  0 7 26 0.11527 0.25907  0 0 20 0.0969824 0.289693  0 0 27 0.0640969 0.167711  0 0 6 0.0623447 0.235725 
3000 26 0 1 0 2 23 3.69298 0.206974 0.0109149 0.00176023 0.0167708 0.0633167 0.429531 0.874988 0.0456657 0.0178674 0.774241 0 0 4 0.200549 0.773912  0 0 3 0.157151 0.69836  0 3 19 0.122928 0.269818  0 7 26 0.11527 0.25907  0 2 23 0.0981859 0.269288 
3500 26 0 1 0 0 26 3.69298 0.206974 0.0127766 0.00176023 0.0167708 0.0230295 0.144852 0.874988 0.0456657 0.00736347 0.838249 0 0 4 0.200549 0.773912  0 0 3 0.157151 0.69836  0 3 19 0.122928 0.269818  0 0 26 0.115821 0.168024  0 7 26 0.11527 0.25907 
4000 26 0 1 0 0 22 3.69298 0.206974 0.014372 0.00176023 0.0167708 0.400677 1.11346 0.874988 0.0456657 0.0241242 0.781466 0 0 22 0.339251 1.00509  0 0 4 0.200549 0.773912  0 0 3 0.157151 0.69836  0 3 19 0.122928 0.269818  0 0 26 0.115821 0.168024 
4500 26 0 1 0 0 22 3.69298 0.206974 0.0160195 0.00176023 0.0167708 0.400677 1.11346 0.874988 0.0456657 0.0241242 0.781466 0 0 22 0.339251 1.00509  0 0 4 0.200549 0.773912  0 0 3 0.157151 0.69836  0 1 6 0.125199 0.549967  0 3 19 0.122928 0.269818 
5000 26 0 1 0 0 22 3.69298 0.206974 0.0176665 0.00176023 0.0167708 0.400677 1.11346 0.874988 0.0456657 0.0241242 0.781466 0 0 26 0.487357 0.882969  0 0 22 0.339251 1.00509  0 0 4 0.200549 0.773912  0 0 23 0.164052 0.712898  0 0 3 0.157151 0.69836 
5500 26 0 1 0 0 22 3.69298 0.206974 0.0188696 0.00176023 0.0167708 0.400677 1.11346 0.874988 0.0456657 0.0241242 0.781466 0 0 26 0.487357 0.882969  0 0 22 0.339251 1.00509  0 0 4 0.200549 0.773912  0 12 20 0.179441 0.603451  0 0 23 0.164052 0.712898 
6000 26 0 1 0 0 22 3.69298 0.206974 0.0218371 0.00176023 0.0167708 0.400677 1.11346 0.874988 0.0456657 0.0241242 0.781466 0 0 26 0.487357 0.882969  0 0 22 0.339251 1.00509  0 0 4 0.200549 0.773912  0 12 20 0.179441 0.603451  0 0 23 0.164052 0.712898 
6500 26 0 1 0 0 23 3.69298 0.206974 0.0235326 0.00176023 0.0167708 0.435266 1.14134 0.874988 0.0456657 0.0235473 0.801731 0 0 26 0.487357 0.882969  0 0 22 0.339251 1.00509  0 0 23 0.331696 0.988337  0 0 7 0.258244 0.931753  0 0 4 0.200549 0.773912 
7000 26 0 1 0 0 23 3.69298 0.206974 0.0270861 0.00176023 0.0167708 0.435266 1.14134 0.874988 0.0456657 0.0235473 0.801731 0 1 24 0.693315 0.355868  0 0 26 0.487357 0.882969  0 0 22 0.339251 1.00509  0 0 23 0.331696 0.988337  0 0 7 0.258244 0.931753 
7500 26 0 1 0 0 23 3.69298 0.206974 0.0292189 0.00176023 0.0167708 0.435266 1.14134 0.874988 0.0456657 0.0235473 0.801731 0 1 24 0.693315 0.355868  0 0 9 0.640318 1.34408  0 0 26 0.487357 0.882969  0 0 22 0.339251 1.00509  0 0 23 0.331696 0.988337 
8000 26 0 1 0 0 23 3.69298 0.206974 0.0313397 0.00176023 0.0167708 0.435266 1.14134 0.874988 0.0456657 0.0235473 0.801731 0 1 24 0.693315 0.355868  0 0 9 0.640318 1.34408  0 0 26 0.487357 0.882969  0 0 22 0.339251 1.00509  0 0 23 0.331696 0.988337 
8500 26 0 1 0 0 23 3.69298 0.206974 0.0343743 0.00176023 0.0167708 0.435266 1.14134 0.874988 0.0456657 0.0235473 0.801731 0 1 24 0.693315 0.355868  0 0 9 0.640318 1.34408  0 0 26 0.487357 0.882969  0 0 22 0.339251 1.00509  0 0 23 0.331696 0.988337 
9000 26 0 1 0 0 23 3.69298 0.206974 0.0378087 0.00176023 0.0167708 0.435266 1.14134 0.874988 0.0456657 0.0235473 0.801731 0 0 26 0.961681 0.563825  0 1 24 0.693315 0.355868  0 0 9 0.640318 1.34408  0 0 22 0.339251 1.00509  0 0 23 0.331696 0.988337 
9500 26 0 1 0 0 8 3.69298 0.206974 0.0419294 0.00176023 0.0167708 0.425719 1.19421 0.874988 0.0456657 0.452357 0.101163 0 0 26 0.961681 0.563825  0 0 7 0.814285 1.49012  0 1 24 0.693315 0.355868  0 0 9 0.640318 1.34408  0 0 8 0.566622 1.26344 
10000 26 0 1 0 0 26 3.69298 0.206974 0.0465966 0.00176023 0.0167708 0.161885 0.467966 0.874988 0.0456657 0.00280505 0.94912 0 0 10 1.22404 1.67596  0 0 26 0.961681 0.563825  0 0 7 0.814285 1.49012  0 1 24 0.693315 0.355868  0 0 9 0.640318 1.34408 
10500 26 0 1 0 0 24 3.69298 0.206974 0.0513898 0.00176023 0.0167708 0.887918 1.4999 0.874988 0.0456657 0.032384 0.828665 0 0 10 1.22404 1.67596  0 5 23 1.17384 0.868783  0 0 26 0.961681 0.563825  0 0 24 0.857686 1.47042  0 0 7 0.814285 1.49012 
11000 26 0 1 0 0 24 3.69298 0.206974 0.0565769 0.00176023 0.0167708 0.887918 1.4999 0.874988 0.0456657 0.032384 0.828665 0 0 10 1.22404 1.67596  0 5 23 1.17384 0.868783  0 0 26 0.961681 0.563825  0 0 24 0.857686 1.47042  0 0 7 0.814285 1.49012 
11500 26 0 1 0 0 25 3.72277 0.0498823 0.0628352 0.00176023 0.0167708 2.57309 0.749469 0.875314 0.0444871 0.0328739 0.861072 0 4 22 1.79653 0.376335  0 0 10 1.22404 1.67596  0 5 23 1.17384 0.868783  0 0 25 1.05313 1.31606  0 0 26 0.961681 0.563825 
12000 26 0 1 0 0 25 3.72277 0.0498823 0.0694388 0.00176023 0.0167708 2.57309 0.749469 0.875314 0.0444871 0.0328739 0.861072 0 4 22 1.79653 0.376335  0 0 10 1.22404 1.67596  0 5 23 1.17384 0.868783  0 0 25 1.05313 1.31606  0 0 26 0.961681 0.563825 
12500 26 0 1 0 0 25 3.72277 0.0498823 0.0770786 0.00176023 0.0167708 2.57309 0.749469 0.875314 0.0444871 0.0328739 0.861072 0 4 22 1.79653 0.376335  0 0 10 1.22404 1.67596  0 5 23 1.17384 0.868783  0 0 25 1.05313 1.31606  0 0 26 0.961681 0.563825 
13000 26 0 1 0 0 25 3.72277 0.0498823 0.0843304 0.00176023 0.0167708 2.57309 0.749469 0.875314 0.0444871 0.0328739 0.861072 0 4 22 1.79653 0.376335  0 0 10 1.22404 1.67596  0 5 23 1.17384 0.868783  0 0 25 1.05313 1.31606  0 0 26 0.961681 0.563825 
13500 26 0 1 0 0 25 3.72277 0.0498823 0.0915945 0.00176023 0.0167708 2.57309 0.749469 0.875314 0.0444871 0.0328739 0.861072 0 4 22 1.79653 0.376335  0 0 10 1.22404 1.67596  0 5 23 1.17384 0.868783  0 0 25 1.05313 1.31606  0 0 21 1.00005 1.58812 
14000 26 0 1 0 0 25 3.72277 0.0498823 0.0993127 0.00176023 0.0167708 2.57309 0.749469 0.875314 0.0444871 0.0328739 0.861072 0 4 22 1.79653 0.376335  0 0 10 1.22404 1.67596  0 5 23 1.17384 0.868783  0 0 25 1.05313 1.31606  0 0 21 1.00005 1.58812 
14500 26 0 1 0 4 22 3.72277 0.0498823 0.106822 0.00176023 0.0167708 1.81727 0.473707 0.875314 0.0444871 0.0499086 0.753643 0 4 22 1.79653 0.376335  0 3 22 1.69501 0.474557  0 0 10 1.22404 1.67596  0 0 25 1.18142 0.360128  0 5 23 1.17384 0.868783 
15000 26 0 1 0 4 22 3.72277 0.0498823 0.115449 0.00176023 0.0167708 1.81727 0.473707 0.875314 0.0444871 0.0499086 0.753643 0 4 22 1.79653 0.376335  0 3 22 1.69501 0.474557  0 0 10 1.22404 1.67596  0 0 25 1.18339 0.0482037  0 5 23 1.17384 0.868783 
15500 26 0 1 0 4 22 3.72277 0.0498823 0.124247 0.00176023 0.0167708 1.81727 0.473707 0.875314 0.0444871 0.0499086 0.753643 0 4 22 1.79653 0.376335  0 3 22 1.69501 0.474557  0 0 10 1.22404 1.67596  0 0 25 1.18339 0.0482037  0 5 23 1.17384 0.868783 
16000 26 0 1 0 4 22 3.72277 0.0498823 0.131936 0.00176023 0.0167708 1.81727 0.473707 0.875314 0.0444871 0.0499086 0.753643 0 4 22 1.79653 0.376335  0 3 22 1.69501 0.474557  0 0 10 1.22404 1.67596  0 0 25 1.18339 0.0482037  0 1 25 1.17406 0.113496 
16500 26 0 1 0 4 22 3.72277 0.0498823 0.141089 0.00176023 0.0167708 1.81727 0.473707 0.875314 0.0444871 0.0499086 0.753643 0 4 22 1.79653 0.376335  0 3 22 1.69501 0.474557  0 0 10 1.22404 1.67596  0 0 25 1.18339 0.0482037  0 1 25 1.17406 0.113496 
17000 26 0 1 0 4 22 3.72277 0.0498823 0.149358 0.00176023 0.0167708 1.81727 0.473707 0.875314 0.0444871 0.0499086 0.753643 0 4 22 1.79653 0.376335  0 3 22 1.69501 0.474557  0 0 10 1.22404 1.67596  0 0 25 1.18339 0.0482037  0 1 25 1.17406 0.113496 
17500 26 0 1 0 4 22 3.72277 0.0498823 0.158967 0.00176023 0.0167708 1.81727 0.473707 0.875314 0.0444871 0.0499086 0.753643 0 4 22 1.79653 0.376335  0 3 22 1.69501 0.474557  0 0 10 1.22404 1.67596  0 0 25 1.18339 0.0482037  0 3 21 1.17831 0.969855 
18000 26 0 1 0 2 23 3.72277 0.0498823 0.167751 0.00176023 0.0167708 2.12681 1.56665 0.875314 0.0444871 0.033967 0.769009 0 2 23 1.8768 1.41002  0 4 22 1.79653 0.376335  0 3 22 1.69501 0.474557  0 0 10 1.22404 1.67596  0 0 25 1.18339 0.0482037 
18500 26 0 1 0 2 23 3.72277 0.0498823 0.177168 0.00176023 0.0167708 2.12681 1.56665 0.875314 0.0444871 0.033967 0.769009 0 2 23 1.8768 1.41002  0 4 22 1.79653 0.376335  0 3 22 1.69501 0.474557  0 4 21 1.65174 0.571396  0 5 22 1.38432 0.751281 
19000 23 0 4 0 2 23 3.72476 0.0483063 0.185575 0.000771055 0.0076719 2.12681 1.56665 0.78541 0.14 0.033967 0.769009 0 2 23 1.8768 1.41002  0 4 22 1.79653 0.376335  0 3 22 1.69501 0.474557  0 4 21 1.65174 0.571396  0 5 22 1.38432 0.751281 
19500 23 0 4 0 1 23 3.72476 0.0483063 0.19517 0.000771055 0.0076719 2.2023 1.65651 0.78541 0.14 0.0240509 0.821309 0 1 23 2.3425 1.4492  0 2 23 1.8768 1.41002  0 4 22 1.79653 0.376335  0 3 22 1.69501 0.474557  0 4 21 1.65174 0.571396 
20000 23 0 4 0 1 27 3.72476 0.0483063 0.202951 0.000771055 0.0076719 2.6267 0.739178 0.78541 0.14 0.00710515 0.887529 0 1 27 2.63263 0.974281  0 1 23 2.3425 1.4492  0 2 23 1.8768 1.41002  0 4 22 1.79653 0.376335  0 3 22 1.69501 0.474557 
