500 5 0 3 0 1 2 3.4981 0.563664 0.0995493 0.119489 0.604437 0.166549 0.760643 0.585145 0.372095 0.971694 0.0147709 0 1 2 0.160928 0.698857  0 0 1 0.141626 0.678434  0 5 7 0.0278064 0.13158  0 4 9 0.0277013 0.164607  0 7 9 0.023848 0.116008 
1000 6 0 2 0 0 8 3.66224 0.0563702 0.269596 0.00240074 0.0340267 2.87257 0.66169 0.678135 0.248478 0.00812997 0.89122 0 0 8 2.86676 0.319098  0 0 7 2.04834 0.308227  0 0 3 0.857663 1.48481  0 1 2 0.688547 1.39022  0 2 3 0.516484 1.22885 
1500 1 0 7 0 0 8 3.66755 0.0467791 0.448752 0.524407 1.34261 3.08583 0.660722 0.164337 0.752674 0.00266184 0.908893 0 0 8 3.04581 0.45213  0 0 7 2.04834 0.308227  0 1 6 1.71444 0.83423  0 1 7 1.48355 0.472868  0 0 3 1.29845 1.73169 
2000 1 0 7 0 0 8 3.66755 0.0467791 0.5926 0.524407 1.34261 3.08583 0.660722 0.164337 0.752674 0.00266184 0.908893 0 0 8 3.04581 0.45213  0 0 7 2.9788 0.441816  0 0 5 2.34055 1.58992  0 1 7 1.97939 0.637671  0 1 6 1.71444 0.83423 
2500 1 0 7 0 0 7 3.73842 0.0544762 0.681131 1.2349 1.78537 3.51602 0.347357 0.197827 0.729307 0.136628 0.772747 0 0 8 3.51898 0.0442676  0 0 7 3.43656 0.0519706  0 0 5 2.34055 1.58992  0 0 6 2.01845 1.00519  0 1 7 1.99091 0.619979 
3000 1 0 7 0 0 7 3.73936 0.0491686 0.736573 3.52679 0.819114 3.51602 0.347357 0.154031 0.769823 0.136628 0.772747 0 0 8 3.68637 0.0499619  0 0 7 3.43656 0.0519706  0 0 5 2.34055 1.58992  0 0 6 2.01845 1.00519  0 1 7 1.99091 0.619979 
3500 1 0 7 0 0 7 3.76805 0.0406296 0.769963 0.00160514 0.0159709 3.51602 0.347357 0.142191 0.789064 0.136628 0.772747 0 0 8 3.71142 0.0506916  0 0 7 3.43656 0.0519706  0 0 5 2.34055 1.58992  0 0 6 2.01845 1.00519  0 1 7 1.99091 0.619979 
4000 1 0 7 0 0 8 3.76805 0.0406296 0.802291 0.00160514 0.0159709 3.6934 0.393648 0.142191 0.789064 0.181146 0.769536 0 0 8 3.73205 0.0474785  0 0 7 3.43656 0.0519706  0 0 6 2.46069 0.970804  0 0 5 2.34055 1.58992  0 1 7 2.04212 0.608577 
4500 1 0 7 0 0 6 3.76805 0.0406296 0.822354 0.00160514 0.0159709 2.87991 0.896493 0.142191 0.789064 0.148289 0.676403 0 0 8 3.75673 0.0507495  0 0 7 3.47746 0.117129  0 0 6 2.46932 1.00914  0 0 5 2.34055 1.58992  0 1 8 2.11112 0.624266 
5000 1 0 7 0 0 6 3.76805 0.0406296 0.844388 0.00160514 0.0159709 2.87991 0.896493 0.142191 0.789064 0.148289 0.676403 0 0 8 3.75673 0.0507495  0 0 7 3.48838 0.0753766  0 0 6 2.46932 1.00914  0 0 5 2.34055 1.58992  0 1 8 2.11112 0.624266 
5500 1 0 7 0 0 6 3.76805 0.0406296 0.863717 0.00160514 0.0159709 2.87991 0.896493 0.142191 0.789064 0.148289 0.676403 0 0 8 3.75673 0.0507495  0 0 7 3.48838 0.0753766  0 0 6 2.46932 1.00914  0 0 5 2.34055 1.58992  0 1 8 2.11112 0.624266 
6000 0 0 8 0 0 6 3.77604 0.0510295 0.888272 0.00196809 0.0179317 2.87991 0.896493 0.0849872 0.840298 0.148289 0.676403 0 0 8 3.77604 0.0510295  0 0 7 3.48838 0.0753766  0 1 8 3.07801 1.40969  0 0 6 2.46932 1.00914  0 0 5 2.34055 1.58992 
6500 0 0 8 0 1 8 3.77604 0.0510295 0.903915 0.00196809 0.0179317 0.224512 0.880177 0.0849872 0.840298 0.0227869 0.693469 0 0 8 3.77604 0.0510295  0 0 7 3.50671 0.0915634  0 1 8 3.07801 1.40969  0 0 6 2.66903 1.42125  0 0 5 2.34055 1.58992 
7000 0 0 8 0 1 8 3.77604 0.0510295 0.92857 0.00196809 0.0179317 0.224512 0.880177 0.0849872 0.840298 0.0227869 0.693469 0 0 8 3.77604 0.0510295  0 0 7 3.50671 0.0915634  0 1 8 3.07801 1.40969  0 0 6 2.94366 1.4505  0 0 5 2.34055 1.58992 
7500 0 0 8 0 1 8 3.77604 0.0510295 0.941565 0.00196809 0.0179317 0.224512 0.880177 0.0849872 0.840298 0.0227869 0.693469 0 0 8 3.77604 0.0510295  0 0 7 3.50671 0.0915634  0 1 8 3.07801 1.40969  0 0 6 2.94366 1.4505  0 0 5 2.34055 1.58992 
8000 0 0 8 0 1 8 3.77604 0.0510295 0.953156 0.00196809 0.0179317 0.224512 0.880177 0.0849872 0.840298 0.0227869 0.693469 0 0 8 3.77604 0.0510295  0 0 7 3.50671 0.0915634  0 1 8 3.07801 1.40969  0 0 6 2.94366 1.4505  0 0 5 2.34055 1.58992 
8500 0 0 8 0 1 8 3.77604 0.0510295 0.967258 0.00196809 0.0179317 0.224512 0.880177 0.0849872 0.840298 0.0227869 0.693469 0 0 8 3.77604 0.0510295  0 0 7 3.50671 0.0915634  0 1 8 3.07801 1.40969  0 0 6 2.94366 1.4505  0 0 5 2.34055 1.58992 
9000 1 0 7 0 1 8 3.77719 0.0526859 0.982573 0.00160492 0.0159688 0.224512 0.880177 0.177288 0.760175 0.0227869 0.693469 0 0 8 3.77604 0.0510295  0 0 7 3.50671 0.0915634  0 1 8 3.07801 1.40969  0 0 6 2.94366 1.4505  0 0 5 2.34055 1.58992 
9500 1 0 7 0 0 9 3.77719 0.0526859 1.0008 0.00160492 0.0159688 2.04634 1.66644 0.177288 0.760175 0.0261148 0.906207 0 0 8 3.77604 0.0510295  0 0 7 3.50671 0.0915634  0 0 9 3.32385 0.0562192  0 1 8 3.07801 1.40969  0 0 6 2.94366 1.4505 
10000 1 0 7 0 0 9 3.77719 0.0526859 1.01098 0.00160492 0.0159688 2.04634 1.66644 0.177288 0.760175 0.0261148 0.906207 0 0 8 3.77604 0.0510295  0 0 7 3.50671 0.0915634  0 0 9 3.32385 0.0562192  0 1 8 3.07801 1.40969  0 0 6 2.94366 1.4505 
10500 1 0 7 0 0 9 3.77719 0.0526859 1.02492 0.00160492 0.0159688 2.04634 1.66644 0.177288 0.760175 0.0261148 0.906207 0 0 8 3.77604 0.0510295  0 0 7 3.50671 0.0915634  0 0 9 3.32385 0.0562192  0 1 8 3.07801 1.40969  0 0 6 2.94366 1.4505 
11000 1 0 7 0 0 9 3.77719 0.0526859 1.03682 0.00160492 0.0159688 2.04634 1.66644 0.177288 0.760175 0.0261148 0.906207 0 0 8 3.77604 0.0510295  0 0 7 3.50671 0.0915634  0 0 9 3.32385 0.0562192  0 1 8 3.07801 1.40969  0 0 6 2.94366 1.4505 
11500 1 0 7 0 0 9 3.77719 0.0526859 1.04277 0.00160492 0.0159688 2.04634 1.66644 0.177288 0.760175 0.0261148 0.906207 0 0 8 3.77604 0.0510295  0 0 7 3.50671 0.0915634  0 0 9 3.32385 0.0562192  0 1 8 3.07801 1.40969  0 0 6 2.94366 1.4505 
12000 1 0 7 0 0 9 3.77719 0.0526859 1.05677 0.00160492 0.0159688 2.04634 1.66644 0.177288 0.760175 0.0261148 0.906207 0 0 8 3.77604 0.0510295  0 0 7 3.50671 0.0915634  0 0 9 3.32385 0.0562192  0 1 8 3.07801 1.40969  0 0 6 2.94366 1.4505 
12500 1 0 7 0 0 9 3.77932 0.0464805 1.06541 0.00196777 0.0179298 2.04634 1.66644 0.171553 0.769423 0.0261148 0.906207 0 0 8 3.77604 0.0510295  0 0 7 3.50671 0.0915634  0 0 9 3.32385 0.0562192  0 1 8 3.07801 1.40969  0 0 6 2.94366 1.4505 
13000 1 0 7 0 0 9 3.77932 0.0464805 1.07152 0.00196777 0.0179298 2.04634 1.66644 0.171553 0.769423 0.0261148 0.906207 0 0 8 3.77604 0.0510295  0 0 7 3.50671 0.0915634  0 0 9 3.32385 0.0562192  0 1 8 3.07801 1.40969  0 0 6 2.94366 1.4505 
13500 1 0 7 0 0 9 3.77932 0.0464805 1.07861 0.00196777 0.0179298 2.04634 1.66644 0.171553 0.769423 0.0261148 0.906207 0 0 8 3.77604 0.0510295  0 0 7 3.50671 0.0915634  0 0 9 3.32385 0.0562192  0 1 8 3.07801 1.40969  0 0 6 2.94366 1.4505 
14000 1 0 7 0 0 9 3.77932 0.0464805 1.0882 0.00196777 0.0179298 2.04634 1.66644 0.171553 0.769423 0.0261148 0.906207 0 0 8 3.77604 0.0510295  0 0 7 3.50671 0.0915634  0 0 9 3.32385 0.0562192  0 1 8 3.07801 1.40969  0 0 6 2.94366 1.4505 
14500 1 0 7 0 0 9 3.77932 0.0464805 1.09601 0.00196777 0.0179298 2.05018 1.67649 0.171553 0.769423 0.0242127 0.872814 0 0 8 3.77768 0.0503719  0 0 7 3.54885 0.0628325  0 0 9 3.33209 0.058057  0 1 8 3.07801 1.40969  0 0 6 2.94366 1.4505 
15000 1 0 7 0 0 9 3.77932 0.0464805 1.10762 0.00196777 0.0179298 2.05018 1.67649 0.171553 0.769423 0.0242127 0.872814 0 0 8 3.77768 0.0503719  0 0 7 3.54885 0.0628325  0 0 9 3.33209 0.058057  0 1 8 3.07801 1.40969  0 0 6 2.94366 1.4505 
15500 1 0 7 0 0 9 3.77932 0.0464805 1.1189 0.00196777 0.0179298 2.05018 1.67649 0.171553 0.769423 0.0242127 0.872814 0 0 8 3.77768 0.0503719  0 0 7 3.54885 0.0628325  0 0 9 3.33209 0.058057  0 1 8 3.07801 1.40969  0 0 6 2.94366 1.4505 
16000 1 0 7 0 0 9 3.77932 0.0464805 1.12282 0.00196777 0.0179298 2.05018 1.67649 0.171553 0.769423 0.0242127 0.872814 0 0 8 3.77768 0.0503719  0 0 7 3.54885 0.0628325  0 0 9 3.33209 0.058057  0 1 8 3.07801 1.40969  0 0 6 2.94366 1.4505 
16500 1 0 7 0 0 9 3.77932 0.0464805 1.13292 0.00196777 0.0179298 0.487094 1.2149 0.171553 0.769423 0.127091 0.652909 0 0 8 3.77768 0.0503719  0 0 7 3.54885 0.0628325  0 0 9 3.36331 0.0589996  0 1 8 3.07801 1.40969  0 0 6 2.94366 1.4505 
17000 1 0 7 0 0 9 3.77932 0.0464805 1.14328 0.00196777 0.0179298 0.487094 1.2149 0.171553 0.769423 0.127091 0.652909 0 0 8 3.77768 0.0503719  0 0 7 3.54885 0.0628325  0 0 9 3.36331 0.0589996  0 1 8 3.07801 1.40969  0 0 6 2.94366 1.4505 
17500 1 0 7 0 0 9 3.77932 0.0464805 1.14808 0.00196777 0.0179298 2.12024 1.7312 0.171553 0.769423 0.0509028 0.838545 0 0 8 3.77768 0.0503719  0 0 7 3.54885 0.0628325  0 0 9 3.43632 0.0545961  0 1 8 3.07801 1.40969  0 0 6 2.94366 1.4505 
18000 1 0 7 0 0 9 3.77932 0.0464805 1.15452 0.00196777 0.0179298 2.12024 1.7312 0.171553 0.769423 0.0509028 0.838545 0 0 8 3.77768 0.0503719  0 0 7 3.54885 0.0628325  0 0 9 3.43632 0.0545961  0 1 8 3.07801 1.40969  0 0 6 2.94366 1.4505 
18500 1 0 7 0 0 9 3.77932 0.0464805 1.16078 0.00196777 0.0179298 2.12024 1.7312 0.171553 0.769423 0.0509028 0.838545 0 0 8 3.77768 0.0503719  0 0 7 3.55125 0.0603019  0 0 9 3.43632 0.0545961  0 0 6 3.16465 1.3393  0 1 8 3.07801 1.40969 
19000 1 0 7 0 0 9 3.77932 0.0464805 1.16551 0.00196777 0.0179298 2.12024 1.7312 0.171553 0.769423 0.0509028 0.838545 0 0 8 3.77768 0.0503719  0 0 7 3.55125 0.0603019  0 0 9 3.43632 0.0545961  0 0 6 3.16465 1.3393  0 1 8 3.07801 1.40969 
19500 1 0 7 0 0 9 3.77932 0.0464805 1.17254 0.00196777 0.0179298 2.12024 1.7312 0.171553 0.769423 0.0509028 0.838545 0 0 8 3.77768 0.0503719  0 0 7 3.55125 0.0603019  0 0 9 3.43632 0.0545961  0 0 6 3.16465 1.3393  0 1 8 3.07801 1.40969 
20000 1 0 7 0 0 9 3.77932 0.0464805 1.17848 0.00196777 0.0179298 2.12024 1.7312 0.171553 0.769423 0.0509028 0.838545 0 0 8 3.77768 0.0503719  0 0 7 3.55734 0.0510982  0 0 9 3.43632 0.0545961  0 0 6 3.16465 1.3393  0 1 8 3.07801 1.40969 
