500 3 0 1 0 0 4 3.76581 0.0512086 1.04418 0.000894296 0.0139038 1.27864 1.66556 0.664335 0.265282 0.0178206 0.856422 0 0 3 3.55192 0.0432134  0 0 4 3.14262 0.705622  0 0 2 2.42489 1.25629  0 2 3 1.97502 1.76408  0 1 2 1.71391 1.74898 
1000 3 0 1 0 0 4 3.76581 0.0512086 1.26752 0.000894296 0.0139038 1.30081 1.69711 0.664335 0.265282 0.0502816 0.781997 0 0 3 3.7167 0.0429827  0 0 4 3.47102 0.0370564  0 0 2 2.50404 1.23432  0 1 3 2.10749 1.71139  0 2 3 1.97502 1.76408 
1500 3 0 1 0 0 4 3.76581 0.0512086 1.34815 0.000894296 0.0139038 0.826172 1.50906 0.664335 0.265282 0.032874 0.801095 0 0 3 3.7167 0.0429827  0 0 4 3.49047 0.0411158  0 0 2 2.50404 1.23432  0 1 3 2.43911 1.64542  0 2 3 2.05976 1.75998 
2000 3 0 0 0 0 4 3.76763 0.0547002 1.37746 0.0343116 0.324628 1.45161 1.78446 0.736391 0.192219 0.0589156 0.797836 0 0 3 3.7167 0.0429827  0 0 4 3.56378 0.148253  0 0 2 2.50404 1.23432  0 1 3 2.43911 1.64542  0 1 4 2.18223 1.50511 
2500 3 0 0 0 0 4 3.76763 0.0547002 1.40453 0.0343116 0.324628 0.854492 1.56473 0.736391 0.192219 0.0379306 0.795233 0 0 3 3.7167 0.0429827  0 0 4 3.578 0.0400687  0 0 2 2.50404 1.23432  0 1 3 2.43911 1.64542  0 1 4 2.30578 1.66363 
3000 3 0 1 0 0 4 3.76803 0.0443235 1.43151 0.000840277 0.00820425 0.530897 1.3361 0.717919 0.213214 0.160051 0.514733 0 0 3 3.7167 0.0429827  0 0 4 3.64817 0.0475197  0 0 2 2.96035 1.48134  0 1 3 2.43911 1.64542  0 1 4 2.30578 1.66363 
3500 3 0 1 0 0 4 3.76803 0.0443235 1.4463 0.000840277 0.00820425 0.86691 1.58941 0.717919 0.213214 0.0447702 0.784834 0 0 3 3.7167 0.0429827  0 0 4 3.69127 0.047082  0 0 2 2.96035 1.48134  0 1 3 2.43911 1.64542  0 1 4 2.30578 1.66363 
4000 3 0 0 0 0 4 3.77264 0.0439478 1.45937 0.00068209 0.0105999 0.866748 1.58865 0.748409 0.185576 0.0499477 0.779586 0 0 3 3.7167 0.0429827  0 0 4 3.70566 0.0451974  0 0 2 2.96035 1.48134  0 1 3 2.76623 1.45153  0 1 4 2.30578 1.66363 
4500 3 0 0 0 0 4 3.77264 0.0439478 1.46383 0.00068209 0.0105999 0.866748 1.58865 0.748409 0.185576 0.0499477 0.779586 0 0 3 3.7167 0.0429827  0 0 4 3.70566 0.0451974  0 0 2 2.96035 1.48134  0 1 3 2.76623 1.45153  0 1 4 2.30578 1.66363 
5000 3 0 1 0 0 4 3.77582 0.0505187 1.48658 0.000692522 0.0115174 0.866748 1.58865 0.723946 0.210022 0.0499477 0.779586 0 0 3 3.7167 0.0429827  0 0 4 3.70566 0.0451974  0 0 2 2.96035 1.48134  0 1 3 2.76623 1.45153  0 1 4 2.30578 1.66363 
5500 3 0 1 0 0 4 3.77582 0.0505187 1.49175 0.000692522 0.0115174 0.866748 1.58865 0.723946 0.210022 0.0499477 0.779586 0 0 3 3.7167 0.0429827  0 0 4 3.70566 0.0451974  0 0 2 2.96035 1.48134  0 1 3 2.76623 1.45153  0 1 4 2.30578 1.66363 
6000 3 0 1 0 0 4 3.77582 0.0505187 1.50013 0.000692522 0.0115174 0.866748 1.58865 0.723946 0.210022 0.0499477 0.779586 0 0 3 3.7167 0.0429827  0 0 4 3.70566 0.0451974  0 0 2 2.96035 1.48134  0 1 3 2.76623 1.45153  0 1 4 2.30578 1.66363 
6500 3 0 1 0 0 4 3.77582 0.0505187 1.5147 0.000692522 0.0115174 0.866748 1.58865 0.723946 0.210022 0.0499477 0.779586 0 0 3 3.7167 0.0429827  0 0 4 3.70566 0.0451974  0 0 2 2.96035 1.48134  0 1 3 2.76623 1.45153  0 1 4 2.30578 1.66363 
7000 3 0 1 0 0 3 3.77582 0.0505187 1.52308 0.000692522 0.0115174 0.868445 1.59056 0.723946 0.210022 0.0508623 0.777845 0 0 3 3.71738 0.0466416  0 0 4 3.70566 0.0451974  0 0 2 2.96035 1.48134  0 1 3 2.76623 1.45153  0 1 4 2.30578 1.66363 
7500 3 0 1 0 0 3 3.77582 0.0505187 1.5273 0.000692522 0.0115174 0.868445 1.59056 0.723946 0.210022 0.0508623 0.777845 0 0 3 3.71738 0.0466416  0 0 4 3.70566 0.0451974  0 0 2 2.96035 1.48134  0 1 3 2.76623 1.45153  0 1 4 2.30578 1.66363 
8000 3 0 1 0 0 4 3.77582 0.0505187 1.53375 0.000692522 0.0115174 0.866748 1.58865 0.723946 0.210022 0.0499477 0.779586 0 0 3 3.72872 0.040364  0 0 4 3.70566 0.0451974  0 0 2 2.96035 1.48134  0 1 3 2.76623 1.45153  0 1 4 2.30578 1.66363 
8500 3 0 1 0 0 4 3.77582 0.0505187 1.53832 0.000692522 0.0115174 0.866748 1.58865 0.723946 0.210022 0.0499477 0.779586 0 0 3 3.72872 0.040364  0 0 4 3.70566 0.0451974  0 0 2 2.96035 1.48134  0 1 3 2.76623 1.45153  0 1 4 2.30578 1.66363 
9000 3 0 1 0 0 4 3.77582 0.0505187 1.5254 0.000692522 0.0115174 0.866748 1.58865 0.723946 0.210022 0.0499477 0.779586 0 0 3 3.72872 0.040364  0 0 4 3.70566 0.0451974  0 0 2 2.96035 1.48134  0 1 3 2.76623 1.45153  0 1 4 2.30578 1.66363 
9500 3 0 1 0 0 4 3.77582 0.0505187 1.53025 0.000692522 0.0115174 0.866748 1.58865 0.723946 0.210022 0.0499477 0.779586 0 0 3 3.72872 0.040364  0 0 4 3.70566 0.0451974  0 0 2 2.96035 1.48134  0 1 3 2.76623 1.45153  0 1 4 2.30578 1.66363 
10000 3 0 1 0 0 4 3.77582 0.0505187 1.51722 0.000692522 0.0115174 0.866748 1.58865 0.723946 0.210022 0.0499477 0.779586 0 0 3 3.72872 0.040364  0 0 4 3.70566 0.0451974  0 0 2 2.96035 1.48134  0 1 3 2.76623 1.45153  0 1 4 2.30578 1.66363 
10500 3 0 1 0 0 4 3.77582 0.0505187 1.52039 0.000692522 0.0115174 0.866748 1.58865 0.723946 0.210022 0.0499477 0.779586 0 0 3 3.72872 0.040364  0 0 4 3.70566 0.0451974  0 0 2 2.96035 1.48134  0 1 3 2.76623 1.45153  0 1 4 2.30578 1.66363 
11000 3 0 1 0 0 4 3.77582 0.0505187 1.52933 0.000692522 0.0115174 0.866748 1.58865 0.723946 0.210022 0.0499477 0.779586 0 0 3 3.72872 0.040364  0 0 4 3.70566 0.0451974  0 0 2 2.96035 1.48134  0 1 3 2.76623 1.45153  0 1 4 2.30578 1.66363 
11500 3 0 1 0 0 4 3.77582 0.0505187 1.53879 0.000692522 0.0115174 0.866748 1.58865 0.723946 0.210022 0.0499477 0.779586 0 0 3 3.72872 0.040364  0 0 4 3.70566 0.0451974  0 0 2 2.96035 1.48134  0 1 3 2.76623 1.45153  0 1 4 2.30578 1.66363 
12000 3 0 1 0 0 3 3.77582 0.0505187 1.54334 0.000692522 0.0115174 0.15301 0.737576 0.723946 0.210022 0.0122224 0.782911 0 0 3 3.72872 0.040364  0 0 4 3.70774 0.0486406  0 0 2 2.96035 1.48134  0 1 3 2.76623 1.45153  0 1 4 2.30578 1.66363 
12500 3 0 1 0 0 4 3.77582 0.0505187 1.54549 0.000692522 0.0115174 3.65576 0.504096 0.723946 0.210022 0.140748 0.795363 0 0 3 3.72872 0.040364  0 0 4 3.72052 0.0529033  0 0 2 2.96035 1.48134  0 1 3 2.76623 1.45153  0 1 4 2.30578 1.66363 
13000 3 0 1 0 0 4 3.77582 0.0505187 1.53824 0.000692522 0.0115174 3.65576 0.504096 0.723946 0.210022 0.140748 0.795363 0 0 3 3.7395 0.048722  0 0 4 3.72052 0.0529033  0 0 2 2.96035 1.48134  0 1 3 2.76623 1.45153  0 1 4 2.30578 1.66363 
13500 3 0 1 0 0 4 3.77582 0.0505187 1.54357 0.000692522 0.0115174 0.87189 1.59621 0.723946 0.210022 0.0478828 0.746706 0 0 4 3.74264 0.0528285  0 0 3 3.7395 0.048722  0 0 2 2.96035 1.48134  0 1 3 2.76623 1.45153  0 1 4 2.54577 1.44882 
14000 3 0 1 0 0 4 3.77582 0.0505187 1.532 0.000692522 0.0115174 0.87189 1.59621 0.723946 0.210022 0.0478828 0.746706 0 0 3 3.76081 0.0560628  0 0 4 3.74264 0.0528285  0 0 2 2.96035 1.48134  0 1 3 2.76623 1.45153  0 1 4 2.54577 1.44882 
14500 3 0 1 0 0 4 3.77582 0.0505187 1.53479 0.000692522 0.0115174 3.12335 1.4006 0.723946 0.210022 0.147964 0.774741 0 0 3 3.76081 0.0560628  0 0 4 3.75365 0.0564151  0 0 2 2.96035 1.48134  0 1 3 2.76623 1.45153  0 1 4 2.54577 1.44882 
15000 3 0 1 0 0 4 3.77582 0.0505187 1.53517 0.000692522 0.0115174 3.12335 1.4006 0.723946 0.210022 0.147964 0.774741 0 0 3 3.76081 0.0560628  0 0 4 3.75365 0.0564151  0 0 2 2.96035 1.48134  0 1 3 2.76623 1.45153  0 1 4 2.54577 1.44882 
15500 3 0 1 0 0 4 3.77582 0.0505187 1.53632 0.000692522 0.0115174 3.12335 1.4006 0.723946 0.210022 0.147964 0.774741 0 0 3 3.76081 0.0560628  0 0 4 3.75365 0.0564151  0 0 2 2.96035 1.48134  0 1 3 2.76623 1.45153  0 1 4 2.54577 1.44882 
16000 3 0 1 0 0 4 3.77582 0.0505187 1.54097 0.000692522 0.0115174 3.12335 1.4006 0.723946 0.210022 0.147964 0.774741 0 0 3 3.76081 0.0560628  0 0 4 3.75365 0.0564151  0 0 2 2.96035 1.48134  0 1 3 2.76623 1.45153  0 1 4 2.54577 1.44882 
16500 3 0 1 0 0 4 3.77582 0.0505187 1.54197 0.000692522 0.0115174 3.15391 1.37263 0.723946 0.210022 0.219764 0.714894 0 0 3 3.76081 0.0560628  0 0 4 3.76039 0.0506971  0 0 2 2.96035 1.48134  0 1 3 2.76623 1.45153  0 1 4 2.54577 1.44882 
17000 3 0 1 0 0 4 3.77582 0.0505187 1.5307 0.000692522 0.0115174 3.15391 1.37263 0.723946 0.210022 0.219764 0.714894 0 0 3 3.76081 0.0560628  0 0 4 3.76039 0.0506971  0 0 2 2.96035 1.48134  0 1 3 2.76623 1.45153  0 1 4 2.54577 1.44882 
17500 3 0 1 0 0 4 3.77582 0.0505187 1.53539 0.000692522 0.0115174 3.15391 1.37263 0.723946 0.210022 0.219764 0.714894 0 0 3 3.76081 0.0560628  0 0 4 3.76039 0.0506971  0 0 2 2.96035 1.48134  0 1 3 2.76623 1.45153  0 1 4 2.54577 1.44882 
18000 3 0 0 0 0 4 3.77679 0.0490177 1.5404 -0.000422379 0.0113359 3.15391 1.37263 0.755303 0.178522 0.219764 0.714894 0 0 3 3.76081 0.0560628  0 0 4 3.76039 0.0506971  0 0 2 2.96035 1.48134  0 1 3 2.76623 1.45153  0 1 4 2.54577 1.44882 
18500 3 0 0 0 0 4 3.77679 0.0490177 1.54724 -0.000422379 0.0113359 3.15391 1.37263 0.755303 0.178522 0.219764 0.714894 0 0 3 3.76081 0.0560628  0 0 4 3.76039 0.0506971  0 0 2 2.96035 1.48134  0 1 3 2.76623 1.45153  0 1 4 2.54577 1.44882 
19000 3 0 0 0 0 4 3.77818 0.0509562 1.55081 -0.000654602 0.0114487 3.15391 1.37263 0.757254 0.175498 0.219764 0.714894 0 0 3 3.76358 0.0511478  0 0 4 3.76039 0.0506971  0 0 2 2.96035 1.48134  0 1 3 2.76623 1.45153  0 1 4 2.54577 1.44882 
19500 3 0 0 0 0 4 3.77818 0.0509562 1.55214 -0.000654602 0.0114487 3.15391 1.37263 0.757254 0.175498 0.219764 0.714894 0 0 3 3.76358 0.0511478  0 0 4 3.76039 0.0506971  0 0 2 2.96035 1.48134  0 1 3 2.76623 1.45153  0 1 4 2.54577 1.44882 
20000 3 0 0 0 0 4 3.77818 0.0509562 1.55509 -0.000654602 0.0114487 3.15391 1.37263 0.757254 0.175498 0.219764 0.714894 0 0 3 3.76358 0.0511478  0 0 4 3.76039 0.0506971  0 0 2 2.96035 1.48134  0 1 3 2.76623 1.45153  0 1 4 2.54577 1.44882 
