500 4 0 9 0 0 11 2.17023 0.101198 0.0106338 -0.0083798 0.014143 0.0596335 0.397905 0.327776 0.624296 0.0154886 0.854909 0 0 3 0.275207 0.709  0 0 11 0.0365465 0.213852  0 0 2 0.0279668 0.276148  0 9 14 0.0267643 0.112285  0 6 14 0.0264471 0.161103 
1000 10 0 3 0 5 11 3.44771 0.628949 0.0458248 0.000583626 0.0191798 0.0483803 0.180943 0.687515 0.257771 0.554346 0.740052 0 0 3 0.275207 0.709  0 5 11 0.12853 0.29251  0 13 14 0.0521824 0.232185  0 3 4 0.0517647 0.360246  0 1 13 0.048188 0.112631 
1500 10 0 3 0 1 11 3.44771 0.628949 0.0759046 0.000583626 0.0191798 0.143775 0.690623 0.687515 0.257771 0.0145446 0.758958 0 0 12 1.65453 0.0488143  0 1 11 0.545212 1.25035  0 0 5 0.432079 1.1527  0 0 4 0.298463 0.580865  0 0 3 0.275207 0.709 
2000 8 0 5 0 1 11 3.48881 0.0406255 0.122101 0.0617988 0.425034 0.143775 0.690623 0.585357 0.368219 0.0145446 0.758958 0 0 12 1.65453 0.0488143  0 1 11 0.545212 1.25035  0 0 5 0.432079 1.1527  0 2 6 0.392723 0.590584  0 3 6 0.369827 1.05499 
2500 8 0 5 0 1 11 3.64465 0.0449036 0.178382 0.00108847 0.0108301 0.143775 0.690623 0.541755 0.397722 0.0145446 0.758958 0 0 12 1.65453 0.0488143  0 0 3 0.938001 1.54641  0 0 9 0.896161 1.47502  0 0 4 0.808962 1.41433  0 1 11 0.545212 1.25035 
3000 8 0 5 0 1 9 3.65803 0.0456586 0.236569 0.00108241 0.0107698 1.84716 1.65464 0.566643 0.370855 0.232695 0.752829 0 0 12 1.65453 0.0488143  0 0 3 0.938001 1.54641  0 0 9 0.896161 1.47502  0 0 4 0.808962 1.41433  0 1 9 0.716772 1.34439 
3500 8 0 5 0 0 12 3.65803 0.0456586 0.2929 0.00108241 0.0107698 1.61677 1.75696 0.566643 0.370855 0.0553311 0.81536 0 0 10 2.93089 1.48151  0 0 12 2.18283 1.68634  0 0 5 1.02128 1.5298  0 0 3 0.938001 1.54641  0 0 9 0.896161 1.47502 
4000 8 0 5 0 0 12 3.71009 0.0459058 0.340347 0.00112173 0.011161 1.61677 1.75696 0.544696 0.392844 0.0553311 0.81536 0 0 10 2.93089 1.48151  0 0 12 2.18283 1.68634  0 0 5 1.02128 1.5298  0 0 3 0.938001 1.54641  0 0 9 0.896161 1.47502 
4500 8 0 5 0 4 11 3.71009 0.0459058 0.387548 0.00112173 0.011161 2.5097 1.13582 0.544696 0.392844 0.190457 0.729414 0 0 10 2.93089 1.48151  0 0 12 2.18283 1.68634  0 0 7 1.88024 1.50408  0 0 5 1.02128 1.5298  0 4 11 1.01388 1.42592 
5000 5 0 8 0 0 12 3.71129 0.0449972 0.434415 0.00135318 0.013464 1.61677 1.75696 0.381654 0.556141 0.0553311 0.81536 0 0 10 2.93089 1.48151  0 0 12 2.18283 1.68634  0 0 7 1.88024 1.50408  0 5 12 1.213 1.55934  0 9 13 1.12357 1.53266 
5500 1 0 12 0 0 12 3.72595 0.0423118 0.47103 0.00131809 0.0116579 2.85364 1.26724 0.121554 0.80572 0.0633724 0.837888 0 0 12 3.12922 0.328773  0 0 10 2.93089 1.48151  0 0 7 1.88024 1.50408  0 5 12 1.213 1.55934  0 9 13 1.12357 1.53266 
6000 1 0 12 0 0 12 3.72595 0.0423118 0.513243 0.00131809 0.0116579 2.85364 1.26724 0.121554 0.80572 0.0633724 0.837888 0 0 12 3.12922 0.328773  0 0 10 2.93089 1.48151  0 0 11 2.46696 1.69509  0 0 13 2.05457 1.85344  0 0 7 1.9068 1.72716 
6500 0 0 13 0 0 11 3.74486 0.0483538 0.548976 3.10971 1.39095 3.36698 0.584212 0.0379199 0.883047 0.10749 0.803294 0 0 13 3.74486 0.0483538  0 0 12 3.12922 0.328773  0 0 11 3.05012 0.550374  0 0 10 2.93089 1.48151  0 0 7 1.9068 1.72716 
7000 0 0 13 0 0 13 3.74486 0.0483538 0.576108 3.10971 1.39095 3.10971 1.39095 0.0379199 0.883047 0.0662939 0.859999 0 0 13 3.74486 0.0483538  0 0 12 3.2551 0.0457768  0 0 11 3.06692 0.681642  0 0 10 2.93089 1.48151  0 0 8 2.22708 1.68571 
7500 0 0 13 0 0 13 3.74486 0.0483538 0.601285 3.10971 1.39095 3.10971 1.39095 0.0379199 0.883047 0.0662939 0.859999 0 0 13 3.74486 0.0483538  0 0 12 3.2551 0.0457768  0 0 11 3.06692 0.681642  0 0 10 2.93089 1.48151  0 0 8 2.22708 1.68571 
8000 0 0 13 0 0 13 3.74486 0.0483538 0.622474 3.10971 1.39095 3.10971 1.39095 0.0379199 0.883047 0.0662939 0.859999 0 0 13 3.74486 0.0483538  0 0 12 3.2551 0.0457768  0 0 11 3.06692 0.681642  0 0 10 2.93089 1.48151  0 0 8 2.22708 1.68571 
8500 10 0 3 0 0 13 3.74649 0.0465898 0.641425 0.00107719 0.0107179 3.10971 1.39095 0.710503 0.222772 0.0662939 0.859999 0 0 13 3.74523 0.0484941  0 0 12 3.2551 0.0457768  0 0 11 3.06692 0.681642  0 0 10 2.93089 1.48151  0 0 8 2.22708 1.68571 
9000 10 0 3 0 0 13 3.74649 0.0465898 0.65605 0.00107719 0.0107179 3.10971 1.39095 0.710503 0.222772 0.0662939 0.859999 0 0 13 3.74523 0.0484941  0 0 12 3.2551 0.0457768  0 0 11 3.06692 0.681642  0 0 10 2.93089 1.48151  0 0 8 2.22708 1.68571 
9500 10 0 3 0 0 13 3.74649 0.0465898 0.66808 0.00107719 0.0107179 3.10971 1.39095 0.710503 0.222772 0.0662939 0.859999 0 0 13 3.74523 0.0484941  0 0 12 3.2551 0.0457768  0 0 11 3.06692 0.681642  0 0 10 2.93089 1.48151  0 0 8 2.22708 1.68571 
10000 0 0 13 0 0 11 3.75883 0.0507292 0.687859 0.00150756 0.0160079 1.10158 1.64826 0.0524113 0.869435 0.063342 0.734544 0 0 13 3.75883 0.0507292  0 0 12 3.62208 0.0423722  0 0 11 3.06692 0.681642  0 0 10 2.93089 1.48151  0 0 8 2.22708 1.68571 
10500 0 0 13 0 0 11 3.75883 0.0507292 0.702334 0.00150756 0.0160079 1.10158 1.64826 0.0524113 0.869435 0.063342 0.734544 0 0 13 3.75883 0.0507292  0 0 12 3.62208 0.0423722  0 0 11 3.06692 0.681642  0 0 10 2.93089 1.48151  0 0 8 2.22708 1.68571 
11000 0 0 13 0 0 11 3.76025 0.0425226 0.717056 0.00150559 0.0160093 1.10158 1.64826 0.0491586 0.874615 0.063342 0.734544 0 0 13 3.76025 0.0425226  0 0 12 3.75146 0.0454166  0 0 11 3.06692 0.681642  0 0 10 2.93089 1.48151  0 0 8 2.22708 1.68571 
11500 0 0 13 0 0 11 3.76025 0.0425226 0.730988 0.00150559 0.0160093 1.10158 1.64826 0.0491586 0.874615 0.063342 0.734544 0 0 13 3.76025 0.0425226  0 0 12 3.75146 0.0454166  0 0 11 3.06692 0.681642  0 0 10 2.93089 1.48151  0 0 8 2.22708 1.68571 
12000 0 0 13 0 0 11 3.76025 0.0425226 0.744984 0.00150559 0.0160093 1.10158 1.64826 0.0491586 0.874615 0.063342 0.734544 0 0 13 3.76025 0.0425226  0 0 12 3.75146 0.0454166  0 0 11 3.06692 0.681642  0 0 10 2.93089 1.48151  0 0 7 2.23333 1.66143 
12500 0 0 13 0 0 11 3.76025 0.0425226 0.756128 0.00150559 0.0160093 1.10158 1.64826 0.0491586 0.874615 0.063342 0.734544 0 0 13 3.76025 0.0425226  0 0 12 3.75146 0.0454166  0 0 11 3.06692 0.681642  0 0 10 2.93089 1.48151  0 0 7 2.23333 1.66143 
13000 0 0 13 0 0 11 3.76025 0.0425226 0.769805 0.00150559 0.0160093 1.10158 1.64826 0.0491586 0.874615 0.063342 0.734544 0 0 13 3.76025 0.0425226  0 0 12 3.75146 0.0454166  0 0 11 3.06692 0.681642  0 0 10 2.93089 1.48151  0 0 7 2.23333 1.66143 
13500 0 0 13 0 0 11 3.76025 0.0425226 0.7804 0.00150559 0.0160093 1.10158 1.64826 0.0491586 0.874615 0.063342 0.734544 0 0 13 3.76025 0.0425226  0 0 12 3.75146 0.0454166  0 0 11 3.06692 0.681642  0 0 10 2.93089 1.48151  0 0 7 2.23333 1.66143 
14000 0 0 13 0 0 12 3.76025 0.0425226 0.791022 0.00150559 0.0160093 0.00160492 0.0159688 0.0491586 0.874615 0.265632 0.116093 0 0 13 3.76025 0.0425226  0 0 12 3.75146 0.0454166  0 0 11 3.42771 0.941956  0 0 10 2.93089 1.48151  0 0 7 2.23333 1.66143 
14500 0 0 13 0 0 12 3.76025 0.0425226 0.803281 0.00150559 0.0160093 0.00160492 0.0159688 0.0491586 0.874615 0.265632 0.116093 0 0 13 3.76025 0.0425226  0 0 12 3.75146 0.0454166  0 0 11 3.42771 0.941956  0 0 10 2.93089 1.48151  0 0 7 2.23333 1.66143 
15000 0 0 13 0 1 12 3.76025 0.0425226 0.812714 0.00150559 0.0160093 2.85455 0.918188 0.0491586 0.874615 0.0214842 0.841129 0 0 13 3.76025 0.0425226  0 0 12 3.75146 0.0454166  0 0 11 3.42771 0.941956  0 0 10 2.93089 1.48151  0 1 12 2.78645 0.378966 
15500 0 0 13 0 1 12 3.76025 0.0425226 0.820111 0.00150559 0.0160093 2.85455 0.918188 0.0491586 0.874615 0.0214842 0.841129 0 0 13 3.76025 0.0425226  0 0 12 3.75146 0.0454166  0 0 11 3.42771 0.941956  0 0 10 2.93089 1.48151  0 1 12 2.78645 0.378966 
16000 0 0 13 0 1 12 3.76025 0.0425226 0.827185 0.00150559 0.0160093 2.85455 0.918188 0.0491586 0.874615 0.0214842 0.841129 0 0 13 3.76025 0.0425226  0 0 12 3.75146 0.0454166  0 0 11 3.42771 0.941956  0 0 10 2.93089 1.48151  0 1 12 2.78645 0.378966 
16500 0 0 13 0 1 12 3.76025 0.0425226 0.836474 0.00150559 0.0160093 2.85455 0.918188 0.0491586 0.874615 0.0214842 0.841129 0 0 13 3.76025 0.0425226  0 0 12 3.75146 0.0454166  0 0 11 3.42771 0.941956  0 0 10 2.93089 1.48151  0 1 12 2.78645 0.378966 
17000 0 0 13 0 1 12 3.76025 0.0425226 0.844792 0.00150559 0.0160093 2.85455 0.918188 0.0491586 0.874615 0.0214842 0.841129 0 0 13 3.76025 0.0425226  0 0 12 3.75146 0.0454166  0 0 11 3.42771 0.941956  0 0 10 2.93089 1.48151  0 1 12 2.78645 0.378966 
17500 0 0 13 0 1 12 3.76025 0.0425226 0.854763 0.00150559 0.0160093 2.85455 0.918188 0.0491586 0.874615 0.0214842 0.841129 0 0 13 3.76025 0.0425226  0 0 12 3.75146 0.0454166  0 0 11 3.42771 0.941956  0 0 10 2.93089 1.48151  0 1 12 2.78645 0.378966 
18000 0 0 13 0 1 12 3.76025 0.0425226 0.861613 0.00150559 0.0160093 2.85455 0.918188 0.0491586 0.874615 0.0214842 0.841129 0 0 13 3.76025 0.0425226  0 0 12 3.75146 0.0454166  0 0 11 3.42771 0.941956  0 0 10 2.93089 1.48151  0 1 12 2.78645 0.378966 
18500 0 0 13 0 1 12 3.76025 0.0425226 0.872859 0.00150559 0.0160093 2.85455 0.918188 0.0491586 0.874615 0.0214842 0.841129 0 0 13 3.76025 0.0425226  0 0 12 3.75146 0.0454166  0 0 11 3.42771 0.941956  0 0 10 2.93089 1.48151  0 1 12 2.78645 0.378966 
19000 0 0 13 0 1 12 3.76025 0.0425226 0.880373 0.00150559 0.0160093 2.85455 0.918188 0.0491586 0.874615 0.0214842 0.841129 0 0 13 3.76025 0.0425226  0 0 12 3.75146 0.0454166  0 0 11 3.42771 0.941956  0 0 10 2.93089 1.48151  0 1 12 2.78645 0.378966 
19500 0 0 13 0 1 12 3.76025 0.0425226 0.887969 0.00150559 0.0160093 2.85455 0.918188 0.0491586 0.874615 0.0214842 0.841129 0 0 13 3.76025 0.0425226  0 0 12 3.75146 0.0454166  0 0 11 3.42771 0.941956  0 0 10 2.93089 1.48151  0 1 12 2.78645 0.378966 
20000 0 0 13 0 1 12 3.76025 0.0425226 0.894928 0.00150559 0.0160093 0.745831 1.39254 0.0491586 0.874615 0.00528679 0.853354 0 0 13 3.76025 0.0425226  0 0 12 3.75146 0.0454166  0 0 11 3.42771 0.941956  0 0 10 2.93089 1.48151  0 1 12 2.81548 0.397589 
