500 4 0 5 0 0 9 3.4387 0.0304179 0.0819008 0.00233798 0.0196727 0.00234925 0.0148929 0.429425 0.528748 0.248853 0.620869 0 0 4 0.243558 0.746396  0 0 8 0.167614 0.165311  0 0 9 0.0782484 0.115827  0 7 9 0.0327015 0.170102  0 5 9 0.0319558 0.170359 
1000 5 0 3 0 0 6 3.61109 0.0460321 0.223566 -0.00180877 0.0128865 0.124599 0.596907 0.593244 0.341074 0.0127273 0.729902 0 0 6 1.05392 1.38574  0 0 2 0.941352 1.5534  0 1 4 0.91091 1.45709  0 0 5 0.516081 1.19353  0 0 8 0.454941 0.224878 
1500 3 0 6 0 2 8 3.68254 0.0565757 0.392542 0.00116073 0.0138389 1.08208 1.07685 0.31262 0.612465 0.0124014 0.769026 0 0 4 1.72356 1.6126  0 1 7 1.63075 1.57675  0 2 8 1.43453 0.953498  0 0 5 1.26866 1.4313  0 0 6 1.11155 1.45547 
2000 3 0 6 0 0 7 3.68254 0.0565757 0.536826 0.00116073 0.0138389 3.29123 0.451673 0.31262 0.612465 0.0774258 0.820937 0 0 8 3.45736 0.0729977  0 0 7 2.90557 0.817333  0 1 7 2.21144 0.194983  0 0 4 1.72356 1.6126  0 2 8 1.43453 0.953498 
2500 3 0 6 0 0 7 3.68254 0.0565757 0.630343 0.00116073 0.0138389 3.29123 0.451673 0.31262 0.612465 0.0774258 0.820937 0 0 8 3.45736 0.0729977  0 0 7 2.90557 0.817333  0 1 7 2.27166 0.089722  0 0 4 1.72356 1.6126  0 0 6 1.70393 1.63645 
3000 2 0 6 0 0 7 3.7082 0.0519464 0.677868 -0.00102656 0.0155575 3.47141 0.345966 0.289121 0.633927 0.211378 0.713051 0 0 8 3.5515 0.0533598  0 0 7 3.25248 0.0416445  0 0 6 2.39998 1.76189  0 1 7 2.27166 0.089722  0 0 4 1.72356 1.6126 
3500 2 0 6 0 0 7 3.7082 0.0519464 0.724794 -0.00102656 0.0155575 3.47141 0.345966 0.289121 0.633927 0.211378 0.713051 0 0 8 3.55664 0.0519459  0 0 7 3.25248 0.0416445  0 0 6 2.39998 1.76189  0 1 7 2.27166 0.089722  0 1 8 2.13344 0.696119 
4000 2 0 6 0 0 7 3.7082 0.0519464 0.757697 -0.00102656 0.0155575 3.47141 0.345966 0.289121 0.633927 0.211378 0.713051 0 0 8 3.59185 0.217035  0 0 7 3.25248 0.0416445  0 0 6 2.39998 1.76189  0 1 7 2.27166 0.089722  0 1 8 2.22624 0.449177 
4500 2 0 6 0 0 7 3.7082 0.0519464 0.789824 -0.00102656 0.0155575 3.47141 0.345966 0.289121 0.633927 0.211378 0.713051 0 0 8 3.59185 0.217035  0 0 7 3.25248 0.0416445  0 1 7 2.42471 1.07221  0 0 6 2.39998 1.76189  0 1 8 2.22624 0.449177 
5000 6 0 2 0 1 8 3.74514 0.0470464 0.815455 0.00139368 0.0138669 1.88243 1.07647 0.685216 0.246799 0.0303328 0.81897 0 0 8 3.66453 0.0531549  0 0 7 3.54048 0.0491636  0 1 7 2.42471 1.07221  0 1 8 2.42028 0.16027  0 0 6 2.39998 1.76189 
5500 6 0 2 0 0 7 3.74514 0.0470464 0.829521 0.00139368 0.0138669 3.6597 0.379727 0.685216 0.246799 0.31617 0.628309 0 0 8 3.66453 0.0531549  0 0 7 3.54058 0.0500404  0 1 7 2.42471 1.07221  0 1 8 2.42028 0.16027  0 0 6 2.39998 1.76189 
6000 6 0 2 0 0 7 3.74514 0.0470464 0.84594 0.00139368 0.0138669 3.6597 0.379727 0.685216 0.246799 0.31617 0.628309 0 0 8 3.66453 0.0531549  0 0 7 3.54058 0.0500404  0 1 7 2.42471 1.07221  0 1 8 2.42028 0.16027  0 0 6 2.39998 1.76189 
6500 8 0 0 0 0 7 3.76129 0.0570523 0.867903 0.000383033 0.0085059 3.6597 0.379727 0.824943 0.0984483 0.31617 0.628309 0 0 8 3.66453 0.0531549  0 0 7 3.54058 0.0500404  0 1 7 2.42471 1.07221  0 1 8 2.42028 0.16027  0 0 6 2.39998 1.76189 
7000 8 0 0 0 0 7 3.76129 0.0570523 0.884015 0.000383033 0.0085059 3.6597 0.379727 0.824943 0.0984483 0.31617 0.628309 0 0 8 3.66453 0.0531549  0 0 7 3.54058 0.0500404  0 1 7 2.42471 1.07221  0 1 8 2.42028 0.16027  0 0 6 2.39998 1.76189 
7500 7 0 1 0 0 7 3.7674 0.0451294 0.893162 0.000922009 0.0111048 3.6597 0.379727 0.784663 0.14655 0.31617 0.628309 0 0 8 3.67162 0.0620103  0 0 7 3.54058 0.0500404  0 1 7 2.42471 1.07221  0 1 8 2.42028 0.16027  0 0 6 2.39998 1.76189 
8000 7 0 1 0 0 7 3.7674 0.0451294 0.90682 0.000922009 0.0111048 3.6597 0.379727 0.784663 0.14655 0.31617 0.628309 0 0 8 3.67504 0.181862  0 0 7 3.54058 0.0500404  0 1 7 2.42471 1.07221  0 1 8 2.42028 0.16027  0 0 6 2.39998 1.76189 
8500 7 0 1 0 0 7 3.7674 0.0451294 0.915375 0.000922009 0.0111048 3.6597 0.379727 0.784663 0.14655 0.31617 0.628309 0 0 8 3.67504 0.181862  0 0 7 3.54058 0.0500404  0 1 7 2.42471 1.07221  0 1 8 2.42028 0.16027  0 0 6 2.39998 1.76189 
9000 7 0 1 0 0 7 3.7674 0.0451294 0.926418 0.000922009 0.0111048 3.6597 0.379727 0.784663 0.14655 0.31617 0.628309 0 0 8 3.73079 0.0631724  0 0 7 3.54058 0.0500404  0 1 7 2.42471 1.07221  0 1 8 2.42028 0.16027  0 0 6 2.39998 1.76189 
9500 7 0 1 0 0 7 3.7674 0.0451294 0.935282 0.000922009 0.0111048 3.6597 0.379727 0.784663 0.14655 0.31617 0.628309 0 0 8 3.73079 0.0631724  0 0 7 3.54058 0.0500404  0 1 7 2.42471 1.07221  0 1 8 2.42028 0.16027  0 0 6 2.39998 1.76189 
10000 6 0 2 0 0 7 3.76788 0.0510144 0.954687 0.00160306 0.0159503 3.6597 0.379727 0.679742 0.252506 0.31617 0.628309 0 0 8 3.73079 0.0631724  0 0 7 3.54058 0.0500404  0 1 7 2.42471 1.07221  0 1 8 2.42028 0.16027  0 0 6 2.39998 1.76189 
10500 6 0 2 0 0 7 3.76826 0.0506125 0.963822 0.00160492 0.0159688 3.6597 0.379727 0.689939 0.244034 0.31617 0.628309 0 0 8 3.73079 0.0631724  0 0 7 3.54058 0.0500404  0 1 7 2.42471 1.07221  0 1 8 2.42028 0.16027  0 0 6 2.39998 1.76189 
11000 7 0 1 0 0 7 3.77432 0.0476905 0.970862 0.00111454 0.0110895 3.6597 0.379727 0.772959 0.161298 0.31617 0.628309 0 0 8 3.73079 0.0631724  0 0 7 3.54058 0.0500404  0 1 7 2.42471 1.07221  0 1 8 2.42028 0.16027  0 0 6 2.39998 1.76189 
11500 7 0 1 0 0 8 3.77432 0.0476905 0.978812 0.00111454 0.0110895 3.63801 0.401917 0.772959 0.161298 0.135779 0.785702 0 0 8 3.73079 0.0631724  0 0 7 3.58042 0.0636774  0 1 7 2.42471 1.07221  0 1 8 2.42028 0.16027  0 0 6 2.39998 1.76189 
12000 7 0 1 0 0 8 3.77432 0.0476905 0.985633 0.00111454 0.0110895 3.63801 0.401917 0.772959 0.161298 0.135779 0.785702 0 0 8 3.73079 0.0631724  0 0 7 3.58042 0.0636774  0 1 7 2.42471 1.07221  0 1 8 2.42028 0.16027  0 0 6 2.39998 1.76189 
12500 7 0 1 0 0 8 3.77432 0.0476905 0.988156 0.00111454 0.0110895 3.63801 0.401917 0.772959 0.161298 0.135779 0.785702 0 0 8 3.73079 0.0631724  0 0 7 3.58042 0.0636774  0 1 7 2.42471 1.07221  0 1 8 2.42028 0.16027  0 0 6 2.39998 1.76189 
13000 7 0 1 0 0 8 3.77432 0.0476905 0.993881 0.00111454 0.0110895 3.63801 0.401917 0.772959 0.161298 0.135779 0.785702 0 0 8 3.73079 0.0631724  0 0 7 3.58042 0.0636774  0 1 7 2.42471 1.07221  0 1 8 2.42028 0.16027  0 0 6 2.39998 1.76189 
13500 7 0 1 0 0 8 3.77432 0.0476905 1.00181 0.00111454 0.0110895 3.63801 0.401917 0.772959 0.161298 0.135779 0.785702 0 0 8 3.73079 0.0631724  0 0 7 3.58042 0.0636774  0 1 7 2.42471 1.07221  0 1 8 2.42028 0.16027  0 0 6 2.39998 1.76189 
14000 7 0 1 0 0 8 3.77432 0.0476905 1.00773 0.00111454 0.0110895 3.63801 0.401917 0.772959 0.161298 0.135779 0.785702 0 0 8 3.73079 0.0631724  0 0 7 3.58042 0.0636774  0 1 7 2.42471 1.07221  0 1 8 2.42028 0.16027  0 0 6 2.39998 1.76189 
14500 7 0 1 0 0 8 3.77432 0.0476905 1.01295 0.00111454 0.0110895 3.63801 0.401917 0.772959 0.161298 0.135779 0.785702 0 0 8 3.73079 0.0631724  0 0 7 3.58042 0.0636774  0 1 7 2.42471 1.07221  0 1 8 2.42028 0.16027  0 0 6 2.39998 1.76189 
15000 6 0 2 0 0 8 3.77436 0.0506695 1.01719 0.00160026 0.0159224 3.63801 0.401917 0.695229 0.236944 0.135779 0.785702 0 0 8 3.73079 0.0631724  0 0 7 3.58042 0.0636774  0 1 7 2.42471 1.07221  0 1 8 2.42028 0.16027  0 0 6 2.39998 1.76189 
15500 6 0 2 0 0 7 3.77436 0.0506695 1.02069 0.00160026 0.0159224 3.63244 0.375301 0.695229 0.236944 0.221424 0.701914 0 0 8 3.73168 0.0623819  0 0 7 3.58042 0.0636774  0 0 9 2.87982 0.385864  0 1 7 2.42471 1.07221  0 1 8 2.42028 0.16027 
16000 6 0 2 0 0 7 3.77436 0.0506695 1.02493 0.00160026 0.0159224 3.63244 0.375301 0.695229 0.236944 0.221424 0.701914 0 0 8 3.73168 0.0623819  0 0 7 3.58042 0.0636774  0 0 9 2.87982 0.385864  0 1 7 2.42471 1.07221  0 1 8 2.42028 0.16027 
16500 6 0 2 0 0 7 3.77436 0.0506695 1.02808 0.00160026 0.0159224 3.63244 0.375301 0.695229 0.236944 0.221424 0.701914 0 0 8 3.73168 0.0623819  0 0 7 3.58042 0.0636774  0 0 9 2.87982 0.385864  0 0 6 2.67505 1.29214  0 0 5 2.65893 1.6365 
17000 6 0 2 0 0 7 3.77436 0.0506695 1.03081 0.00160026 0.0159224 3.63244 0.375301 0.695229 0.236944 0.221424 0.701914 0 0 8 3.73168 0.0623819  0 0 7 3.58042 0.0636774  0 0 9 2.95806 0.411869  0 0 6 2.67505 1.29214  0 0 5 2.65893 1.6365 
17500 6 0 2 0 0 7 3.77436 0.0506695 1.03346 0.00160026 0.0159224 3.63244 0.375301 0.695229 0.236944 0.221424 0.701914 0 0 8 3.73168 0.0623819  0 0 7 3.58042 0.0636774  0 0 9 2.95806 0.411869  0 1 8 2.68484 0.0659501  0 0 6 2.67505 1.29214 
18000 6 0 2 0 0 7 3.77436 0.0506695 1.03512 0.00160026 0.0159224 3.63244 0.375301 0.695229 0.236944 0.221424 0.701914 0 0 8 3.73168 0.0623819  0 0 7 3.58042 0.0636774  0 0 9 2.95806 0.411869  0 1 8 2.68484 0.0659501  0 0 6 2.67505 1.29214 
18500 6 0 2 0 0 7 3.77436 0.0506695 1.03891 0.00160026 0.0159224 3.63244 0.375301 0.695229 0.236944 0.221424 0.701914 0 0 8 3.73168 0.0623819  0 0 7 3.58042 0.0636774  0 0 9 2.95806 0.411869  0 1 8 2.68484 0.0659501  0 0 6 2.67505 1.29214 
19000 6 0 2 0 0 7 3.77436 0.0506695 1.0458 0.00160026 0.0159224 3.63244 0.375301 0.695229 0.236944 0.221424 0.701914 0 0 8 3.73168 0.0623819  0 0 7 3.58042 0.0636774  0 0 9 2.95806 0.411869  0 1 8 2.68484 0.0659501  0 0 6 2.67505 1.29214 
19500 6 0 2 0 0 7 3.77436 0.0506695 1.04855 0.00160026 0.0159224 3.63244 0.375301 0.695229 0.236944 0.221424 0.701914 0 0 8 3.73168 0.0623819  0 0 7 3.58042 0.0636774  0 0 9 2.95806 0.411869  0 1 8 2.68484 0.0659501  0 0 6 2.67505 1.29214 
20000 6 0 2 0 0 7 3.77436 0.0506695 1.05141 0.00160026 0.0159224 3.63244 0.375301 0.695229 0.236944 0.221424 0.701914 0 0 8 3.73168 0.0623819  0 0 7 3.58042 0.0636774  0 1 7 2.9835 1.00762  0 0 9 2.95806 0.411869  0 1 8 2.68484 0.0659501 
