500 1 2 3 0 4 4 0.0600043 0.239616 0.0223276 0.00135601 0.0215071 0.00160492 0.0159688 0.317509 0.626185 0.984818 0.751793 0 4 4 0.0336557 0.164065  0 1 3 0.0312332 0.221654  0 1 4 0.0303369 0.202129  0 2 4 0.0291216 0.14177  0 3 4 0.0252992 0.133075 
1000 3 0 1 0 1 3 3.7512 0.049712 0.886119 0.0019549 0.0184484 2.51517 1.14256 0.665214 0.260736 0.31414 0.534899 0 0 3 3.46747 0.0489958  0 0 2 2.06014 1.72158  0 1 3 1.98896 1.49635  0 1 2 1.38571 1.53784  0 0 1 1.26939 1.62679 
1500 3 0 1 0 1 4 3.76023 0.0601082 1.24578 0.156347 0.710566 2.38276 1.08446 0.667328 0.259177 0.232711 0.644731 0 0 3 3.55865 0.0582869  0 0 2 2.7541 1.38508  0 1 3 2.41613 1.25063  0 1 4 2.12953 1.43228  0 0 1 1.71632 1.7752 
2000 3 0 1 0 0 4 3.76023 0.0601082 1.36665 0.156347 0.710566 3.30429 0.928314 0.667328 0.259177 0.0823148 0.813919 0 0 3 3.67907 0.366446  0 0 4 3.51453 0.382827  0 0 2 2.7541 1.38508  0 1 3 2.63542 1.32785  0 1 4 2.49292 1.32572 
2500 4 0 0 0 1 3 3.76997 0.0523748 1.4284 0.00181183 0.0154985 1.70576 1.82019 0.862796 0.0614822 0.666676 0.724466 0 0 3 3.67907 0.366446  0 0 4 3.54241 0.36761  0 0 2 2.7541 1.38508  0 1 3 2.63542 1.32785  0 1 4 2.49292 1.32572 
3000 4 0 0 0 1 3 3.76997 0.0523748 1.47128 0.00181183 0.0154985 1.70576 1.82019 0.862796 0.0614822 0.666676 0.724466 0 0 4 3.73259 0.0521897  0 0 3 3.69851 0.0582122  0 0 2 2.7541 1.38508  0 1 3 2.63542 1.32785  0 1 4 2.49292 1.32572 
3500 4 0 0 0 1 3 3.76997 0.0523748 1.49568 0.00181183 0.0154985 1.70576 1.82019 0.862796 0.0614822 0.666676 0.724466 0 0 3 3.7449 0.0554601  0 0 4 3.73259 0.0521897  0 0 2 2.7541 1.38508  0 1 3 2.63542 1.32785  0 1 4 2.49292 1.32572 
4000 3 0 1 0 1 3 3.77214 0.0503037 1.51033 0.00435071 0.0365701 1.70576 1.82019 0.725719 0.203524 0.666676 0.724466 0 0 3 3.7449 0.0554601  0 0 4 3.73259 0.0521897  0 0 2 2.7541 1.38508  0 1 4 2.65499 1.48381  0 1 3 2.63542 1.32785 
4500 3 0 1 0 1 3 3.77214 0.0503037 1.53383 0.00435071 0.0365701 1.70576 1.82019 0.725719 0.203524 0.666676 0.724466 0 0 3 3.75782 0.0588466  0 0 4 3.73596 0.0559521  0 0 2 2.7541 1.38508  0 1 4 2.65499 1.48381  0 1 3 2.63542 1.32785 
5000 3 0 1 0 1 3 3.77214 0.0503037 1.54374 0.00435071 0.0365701 1.70576 1.82019 0.725719 0.203524 0.666676 0.724466 0 0 3 3.75983 0.0587271  0 0 4 3.73596 0.0559521  0 0 2 2.77656 1.56977  0 1 4 2.65499 1.48381  0 1 3 2.63542 1.32785 
5500 1 0 3 0 1 3 3.77361 0.050637 1.59807 0.113564 0.617248 1.70576 1.82019 0.31716 0.608441 0.666676 0.724466 0 0 3 3.75983 0.0587271  0 0 4 3.73988 0.0553172  0 0 2 2.77656 1.56977  0 1 4 2.65538 1.38143  0 1 3 2.63542 1.32785 
6000 1 0 3 0 1 4 3.77361 0.050637 1.60614 0.113564 0.617248 0.822364 1.51864 0.31716 0.608441 0.111074 0.589096 0 0 3 3.75983 0.0587271  0 0 4 3.73988 0.0553172  0 0 2 2.77656 1.56977  0 1 3 2.70012 1.40227  0 1 4 2.65538 1.38143 
6500 2 0 2 0 1 4 3.77394 0.0548226 1.62719 0.322218 1.00983 0.822364 1.51864 0.406645 0.511367 0.111074 0.589096 0 0 3 3.75983 0.0587271  0 0 4 3.73988 0.0553172  0 0 2 2.77656 1.56977  0 1 3 2.70012 1.40227  0 1 4 2.65538 1.38143 
7000 2 0 2 0 1 4 3.77394 0.0548226 1.63912 0.322218 1.00983 0.822364 1.51864 0.406645 0.511367 0.111074 0.589096 0 0 3 3.75983 0.0587271  0 0 4 3.73988 0.0553172  0 0 2 2.77656 1.56977  0 1 3 2.70012 1.40227  0 1 4 2.65538 1.38143 
7500 2 0 2 0 1 4 3.77394 0.0548226 1.6463 0.322218 1.00983 0.822364 1.51864 0.406645 0.511367 0.111074 0.589096 0 0 3 3.75983 0.0587271  0 0 4 3.73988 0.0553172  0 0 2 2.82224 1.2646  0 1 3 2.70012 1.40227  0 1 4 2.65538 1.38143 
8000 2 0 2 0 1 4 3.77394 0.0548226 1.65969 0.322218 1.00983 0.822364 1.51864 0.406645 0.511367 0.111074 0.589096 0 0 3 3.75983 0.0587271  0 0 4 3.73988 0.0553172  0 0 2 2.82224 1.2646  0 1 3 2.70012 1.40227  0 1 4 2.65538 1.38143 
8500 2 0 2 0 1 4 3.77394 0.0548226 1.66804 0.322218 1.00983 0.822364 1.51864 0.406645 0.511367 0.111074 0.589096 0 0 3 3.75983 0.0587271  0 0 4 3.73988 0.0553172  0 0 2 2.82224 1.2646  0 1 3 2.70012 1.40227  0 1 4 2.65538 1.38143 
9000 2 0 2 0 1 4 3.77394 0.0548226 1.67541 0.322218 1.00983 0.822364 1.51864 0.406645 0.511367 0.111074 0.589096 0 0 3 3.75983 0.0587271  0 0 4 3.73988 0.0553172  0 0 2 3.04587 1.33861  0 1 3 2.70012 1.40227  0 1 4 2.65538 1.38143 
9500 2 0 2 0 0 3 3.77394 0.0548226 1.69028 0.322218 1.00983 0.14371 0.662046 0.406645 0.511367 0.898214 0.0737134 0 0 3 3.75983 0.0587271  0 0 4 3.73988 0.0553172  0 0 2 3.04587 1.33861  0 1 3 2.87784 1.44557  0 1 4 2.81728 1.46088 
10000 2 0 1 0 0 4 3.77978 0.0549573 1.69512 -0.00169379 0.0209337 0.190523 0.779134 0.538596 0.377799 0.923082 0.0423287 0 0 3 3.75983 0.0587271  0 0 4 3.74218 0.0535755  0 0 2 3.04587 1.33861  0 1 3 2.87784 1.44557  0 1 4 2.81728 1.46088 
10500 2 0 1 0 0 4 3.77978 0.0549573 1.70039 -0.00169379 0.0209337 0.190523 0.779134 0.538596 0.377799 0.923082 0.0423287 0 0 3 3.75983 0.0587271  0 0 4 3.74218 0.0535755  0 0 2 3.04587 1.33861  0 1 3 2.87784 1.44557  0 1 4 2.81728 1.46088 
11000 2 0 1 0 0 4 3.77978 0.0549573 1.70215 -0.00169379 0.0209337 0.190523 0.779134 0.538596 0.377799 0.923082 0.0423287 0 0 3 3.75983 0.0587271  0 0 4 3.74218 0.0535755  0 0 2 3.04587 1.33861  0 1 3 2.87784 1.44557  0 1 4 2.81728 1.46088 
11500 1 0 2 0 0 4 3.78458 0.0582331 1.70393 0.247934 0.904891 0.190523 0.779134 0.39372 0.524753 0.923082 0.0423287 0 0 3 3.75983 0.0587271  0 0 4 3.74218 0.0535755  0 0 2 3.04587 1.33861  0 1 3 2.87784 1.44557  0 1 4 2.81728 1.46088 
12000 1 0 2 0 0 3 3.78458 0.0582331 1.71448 0.247934 0.904891 0.14371 0.662046 0.39372 0.524753 0.898214 0.0737134 0 0 3 3.75983 0.0587271  0 0 4 3.75041 0.054404  0 0 2 3.04587 1.33861  0 1 3 2.87784 1.44557  0 1 4 2.81728 1.46088 
12500 1 0 2 0 0 3 3.78458 0.0582331 1.72069 0.247934 0.904891 0.14371 0.662046 0.39372 0.524753 0.898214 0.0737134 0 0 3 3.75983 0.0587271  0 0 4 3.75041 0.054404  0 0 2 3.04587 1.33861  0 1 3 2.87784 1.44557  0 1 4 2.83756 1.50985 
13000 2 0 2 0 0 3 3.78614 0.054374 1.72392 0.160071 0.734214 0.14371 0.662046 0.407372 0.51136 0.898214 0.0737134 0 0 3 3.75983 0.0587271  0 0 4 3.75041 0.054404  0 0 2 3.04587 1.33861  0 1 3 2.89609 1.48184  0 1 4 2.83756 1.50985 
13500 2 0 2 0 0 3 3.78614 0.054374 1.73141 0.160071 0.734214 0.14371 0.662046 0.407372 0.51136 0.898214 0.0737134 0 0 3 3.75983 0.0587271  0 0 4 3.75041 0.054404  0 0 2 3.04587 1.33861  0 1 3 2.89609 1.48184  0 1 4 2.87693 1.49498 
14000 2 0 2 0 1 4 3.78614 0.054374 1.73665 0.160071 0.734214 1.18811 1.73296 0.407372 0.51136 0.0862193 0.822447 0 0 3 3.75983 0.0587271  0 0 4 3.75041 0.054404  0 0 2 3.04587 1.33861  0 1 4 2.90188 1.49313  0 1 3 2.89609 1.48184 
14500 2 0 2 0 1 4 3.78614 0.054374 1.74357 0.160071 0.734214 1.18811 1.73296 0.407372 0.51136 0.0862193 0.822447 0 0 3 3.75983 0.0587271  0 0 4 3.75041 0.054404  0 0 2 3.04587 1.33861  0 1 4 2.90188 1.49313  0 1 3 2.89609 1.48184 
15000 2 0 2 0 1 4 3.78614 0.054374 1.74629 0.160071 0.734214 1.18811 1.73296 0.407372 0.51136 0.0862193 0.822447 0 0 3 3.75983 0.0587271  0 0 4 3.75041 0.054404  0 0 2 3.04587 1.33861  0 1 4 2.90188 1.49313  0 1 3 2.89609 1.48184 
15500 2 0 2 0 1 4 3.78614 0.054374 1.74939 0.160071 0.734214 1.18811 1.73296 0.407372 0.51136 0.0862193 0.822447 0 0 3 3.76495 0.0392366  0 0 4 3.75041 0.054404  0 0 2 3.04587 1.33861  0 1 4 2.90188 1.49313  0 1 3 2.89609 1.48184 
16000 2 0 2 0 1 4 3.78614 0.054374 1.75249 0.160071 0.734214 1.18811 1.73296 0.407372 0.51136 0.0862193 0.822447 0 0 3 3.77052 0.0456634  0 0 4 3.75721 0.0512651  0 0 2 3.04587 1.33861  0 1 4 2.90188 1.49313  0 1 3 2.89609 1.48184 
16500 2 0 2 0 1 4 3.78614 0.054374 1.75704 0.160071 0.734214 0.862552 1.59851 0.407372 0.51136 0.0520595 0.758478 0 0 3 3.77052 0.0456634  0 0 4 3.75741 0.0538332  0 0 2 3.04587 1.33861  0 1 4 2.92882 1.47854  0 1 3 2.89609 1.48184 
17000 2 0 2 0 1 4 3.78614 0.054374 1.75844 0.160071 0.734214 0.862552 1.59851 0.407372 0.51136 0.0520595 0.758478 0 0 3 3.77094 0.0487416  0 0 4 3.75741 0.0538332  0 0 2 3.04587 1.33861  0 1 4 2.92882 1.47854  0 1 3 2.89609 1.48184 
17500 2 0 2 0 1 4 3.78614 0.054374 1.7624 0.160071 0.734214 0.862552 1.59851 0.407372 0.51136 0.0520595 0.758478 0 0 3 3.77537 0.0480783  0 0 4 3.75741 0.0538332  0 0 2 3.04587 1.33861  0 1 4 2.92882 1.47854  0 1 3 2.89609 1.48184 
18000 2 0 2 0 1 4 3.78614 0.054374 1.76326 0.160071 0.734214 0.862552 1.59851 0.407372 0.51136 0.0520595 0.758478 0 0 3 3.77537 0.0480783  0 0 4 3.75741 0.0538332  0 0 2 3.04587 1.33861  0 1 4 2.92882 1.47854  0 1 3 2.89609 1.48184 
18500 2 0 2 0 1 4 3.78614 0.054374 1.76713 0.160071 0.734214 0.862552 1.59851 0.407372 0.51136 0.0520595 0.758478 0 0 3 3.77537 0.0480783  0 0 4 3.75741 0.0538332  0 0 2 3.04587 1.33861  0 1 4 2.92882 1.47854  0 1 3 2.89609 1.48184 
19000 2 0 2 0 1 4 3.78614 0.054374 1.77537 0.160071 0.734214 0.862552 1.59851 0.407372 0.51136 0.0520595 0.758478 0 0 3 3.77537 0.0480783  0 0 4 3.75741 0.0538332  0 0 2 3.04587 1.33861  0 1 4 2.92882 1.47854  0 1 3 2.89609 1.48184 
19500 2 0 2 0 1 4 3.78614 0.054374 1.77794 0.160071 0.734214 0.862552 1.59851 0.407372 0.51136 0.0520595 0.758478 0 0 3 3.77537 0.0480783  0 0 4 3.75741 0.0538332  0 0 2 3.04587 1.33861  0 1 4 2.92882 1.47854  0 1 3 2.89609 1.48184 
20000 2 0 2 0 1 4 3.78614 0.054374 1.78274 0.160071 0.734214 0.862552 1.59851 0.407372 0.51136 0.0520595 0.758478 0 0 3 3.77537 0.0480783  0 0 4 3.76257 0.0501974  0 0 2 3.04587 1.33861  0 1 4 2.92882 1.47854  0 1 3 2.89609 1.48184 
