500 16 0 11 0 25 29 1.28264 0.0340523 0.00367083 -0.000226527 0.017687 0.00160492 0.0159688 0.544273 0.385097 0.984818 0.751793 0 25 29 0.0441819 0.17137  0 12 17 0.0393628 0.191523  0 26 29 0.033031 0.179727  0 20 29 0.0277915 0.171498  0 16 29 0.0222229 0.123249 
1000 5 6 22 0 0 19 2.35446 1.34156 0.00557205 0.142678 0.654529 1.20698 1.61398 0.190398 0.755962 0.124651 0.701702 0 0 19 0.145296 0.658057  0 13 29 0.0441943 0.274487  0 25 29 0.0441819 0.17137  0 12 17 0.0393628 0.191523  0 0 2 0.0370191 0.313301 
1500 13 0 15 0 0 19 3.38783 0.0962961 0.00806725 -0.00796081 0.0175545 1.20698 1.61398 0.433975 0.524953 0.124651 0.701702 0 0 25 0.300661 0.931751  0 0 19 0.145296 0.658057  0 0 28 0.0853738 0.360687  0 6 9 0.0686796 0.415445  0 13 29 0.0441943 0.274487 
2000 13 0 15 0 0 19 3.38783 0.0962961 0.0101786 -0.00796081 0.0175545 1.20698 1.61398 0.433975 0.524953 0.124651 0.701702 0 0 25 0.300661 0.931751  0 0 19 0.145296 0.658057  0 0 28 0.0853738 0.360687  0 3 8 0.0809247 0.471654  0 6 9 0.0686796 0.415445 
2500 13 0 15 0 0 19 3.38783 0.0962961 0.0111934 -0.00796081 0.0175545 1.20698 1.61398 0.433975 0.524953 0.124651 0.701702 0 0 25 0.300661 0.931751  0 0 19 0.145296 0.658057  0 0 28 0.0853738 0.360687  0 3 8 0.0809247 0.471654  0 6 9 0.0686796 0.415445 
3000 13 0 15 0 0 19 3.38783 0.0962961 0.0127568 -0.00796081 0.0175545 1.20698 1.61398 0.433975 0.524953 0.124651 0.701702 0 0 25 0.300661 0.931751  0 0 19 0.145296 0.658057  0 0 28 0.0853738 0.360687  0 3 8 0.0809247 0.471654  0 6 9 0.0686796 0.415445 
3500 4 0 22 0 0 19 3.50717 0.0394209 0.0159027 0.798025 1.46363 1.20698 1.61398 0.156054 0.75885 0.124651 0.701702 0 0 12 0.367835 1.04468  0 0 25 0.300661 0.931751  0 3 9 0.205595 0.770852  0 0 19 0.145296 0.658057  0 0 26 0.0859513 0.170852 
4000 4 0 22 0 0 19 3.50717 0.0394209 0.0179148 0.798025 1.46363 1.20698 1.61398 0.156054 0.75885 0.124651 0.701702 0 0 12 0.367835 1.04468  0 0 25 0.300661 0.931751  0 3 9 0.205595 0.770852  0 0 19 0.145296 0.658057  0 0 23 0.139755 0.192263 
4500 4 0 22 0 0 19 3.50717 0.0394209 0.0196211 0.798025 1.46363 1.20698 1.61398 0.156054 0.75885 0.124651 0.701702 0 0 12 0.367835 1.04468  0 0 25 0.300661 0.931751  0 0 16 0.255692 0.518115  0 3 9 0.205595 0.770852  0 0 19 0.145296 0.658057 
5000 4 0 22 0 0 25 3.50717 0.0394209 0.0213877 0.798025 1.46363 0.134429 0.645794 0.156054 0.75885 0.00602498 0.837563 0 0 12 0.367835 1.04468  0 0 25 0.300661 0.931751  0 0 16 0.255692 0.518115  0 3 9 0.205595 0.770852  0 0 27 0.154694 0.197083 
5500 4 0 22 0 0 25 3.50717 0.0394209 0.0237923 0.798025 1.46363 0.134429 0.645794 0.156054 0.75885 0.00602498 0.837563 0 3 14 0.39662 1.03521  0 0 12 0.367835 1.04468  0 0 25 0.300661 0.931751  0 0 16 0.255692 0.518115  0 3 9 0.205595 0.770852 
6000 4 0 22 0 0 25 3.50717 0.0394209 0.026435 0.798025 1.46363 0.134429 0.645794 0.156054 0.75885 0.00602498 0.837563 0 3 7 0.405503 1.04901  0 3 14 0.39662 1.03521  0 0 12 0.367835 1.04468  0 0 25 0.300661 0.931751  0 0 16 0.255692 0.518115 
6500 4 0 22 0 0 25 3.50717 0.0394209 0.0289239 0.798025 1.46363 0.134429 0.645794 0.156054 0.75885 0.00602498 0.837563 0 3 7 0.405503 1.04901  0 3 14 0.39662 1.03521  0 0 12 0.367835 1.04468  0 0 25 0.300661 0.931751  0 0 16 0.255692 0.518115 
7000 4 0 22 0 0 25 3.50717 0.0394209 0.033732 0.798025 1.46363 0.134429 0.645794 0.156054 0.75885 0.00602498 0.837563 0 0 26 0.422088 1.13934  0 3 7 0.405503 1.04901  0 3 14 0.39662 1.03521  0 0 12 0.367835 1.04468  0 0 25 0.300661 0.931751 
7500 15 0 13 0 0 25 3.53232 0.0445213 0.0372599 -0.00421104 0.015312 0.134429 0.645794 0.508002 0.453233 0.00602498 0.837563 0 0 26 0.422088 1.13934  0 3 7 0.405503 1.04901  0 3 14 0.39662 1.03521  0 0 12 0.367835 1.04468  0 0 25 0.300661 0.931751 
8000 4 0 22 0 0 24 3.63661 0.0587538 0.0402991 -0.00102513 0.0174683 2.73302 1.28057 0.161271 0.750876 0.0270956 0.837098 0 0 22 0.87298 1.50985  0 1 23 0.568959 1.24736  0 0 24 0.560398 1.15786  0 5 18 0.42681 1.02193  0 0 26 0.422088 1.13934 
8500 4 0 22 0 0 24 3.63661 0.0587538 0.0449555 -0.00102513 0.0174683 2.73302 1.28057 0.161271 0.750876 0.0270956 0.837098 0 0 22 0.87298 1.50985  0 1 23 0.568959 1.24736  0 0 24 0.560398 1.15786  0 5 18 0.42681 1.02193  0 0 26 0.422088 1.13934 
9000 3 0 23 0 0 24 3.65035 0.363153 0.0486997 0.00129192 0.0151205 2.73302 1.28057 0.12211 0.79157 0.0270956 0.837098 0 0 26 2.31449 0.763973  0 0 22 0.87298 1.50985  0 0 23 0.705197 1.34891  0 1 23 0.568959 1.24736  0 0 24 0.560398 1.15786 
9500 3 0 23 0 0 24 3.65035 0.363153 0.0524537 0.00129192 0.0151205 2.73302 1.28057 0.12211 0.79157 0.0270956 0.837098 0 0 26 2.31449 0.763973  0 0 22 0.87298 1.50985  0 0 23 0.705197 1.34891  0 1 23 0.568959 1.24736  0 0 24 0.560398 1.15786 
10000 3 0 23 0 0 24 3.65035 0.363153 0.0575743 0.00129192 0.0151205 2.73302 1.28057 0.12211 0.79157 0.0270956 0.837098 0 0 26 2.31449 0.763973  0 0 22 0.87298 1.50985  0 0 23 0.705197 1.34891  0 1 23 0.568959 1.24736  0 0 24 0.560398 1.15786 
10500 3 0 23 0 0 24 3.65035 0.363153 0.0625005 0.00129192 0.0151205 2.73302 1.28057 0.12211 0.79157 0.0270956 0.837098 0 0 26 2.31449 0.763973  0 0 22 0.87298 1.50985  0 0 23 0.705197 1.34891  0 1 23 0.568959 1.24736  0 0 24 0.560398 1.15786 
11000 3 0 23 0 0 24 3.65035 0.363153 0.0682288 0.00129192 0.0151205 2.73302 1.28057 0.12211 0.79157 0.0270956 0.837098 0 0 26 2.31449 0.763973  0 0 22 0.87298 1.50985  0 0 23 0.705197 1.34891  0 1 23 0.568959 1.24736  0 0 24 0.560398 1.15786 
11500 3 0 23 0 1 23 3.65035 0.363153 0.0729623 0.00129192 0.0151205 1.72096 1.70155 0.12211 0.79157 0.161923 0.845977 0 0 26 2.31449 0.763973  0 1 25 1.39266 1.43069  0 0 22 0.87298 1.50985  0 0 23 0.705197 1.34891  0 1 23 0.568959 1.24736 
12000 3 0 23 0 0 27 3.65035 0.363153 0.0795426 0.00129192 0.0151205 1.79805 0.338924 0.12211 0.79157 0.00570403 0.916481 0 0 26 2.31449 0.763973  0 0 27 1.81907 0.036732  0 0 24 1.72949 1.4286  0 1 25 1.39266 1.43069  0 0 22 0.87298 1.50985 
12500 3 0 23 0 0 27 3.65035 0.363153 0.0847792 0.00129192 0.0151205 1.79805 0.338924 0.12211 0.79157 0.00570403 0.916481 0 0 26 2.31449 0.763973  0 0 27 1.81907 0.036732  0 0 24 1.72949 1.4286  0 1 25 1.39266 1.43069  0 0 22 0.87298 1.50985 
13000 1 0 25 0 1 25 3.66512 0.0535397 0.0919319 3.28999 1.14702 2.14062 1.14247 0.0637856 0.843581 0.0528689 0.835122 0 0 26 2.31449 0.763973  0 0 27 1.81907 0.036732  0 0 24 1.72949 1.4286  0 1 25 1.51089 1.31253  0 0 22 0.87298 1.50985 
13500 1 0 25 0 1 25 3.66512 0.0535397 0.0995002 3.28999 1.14702 2.14062 1.14247 0.0637856 0.843581 0.0528689 0.835122 0 0 26 2.49827 0.0890324  0 0 27 1.81907 0.036732  0 0 24 1.72949 1.4286  0 1 25 1.51089 1.31253  0 0 25 1.36539 1.67019 
14000 1 0 25 0 1 25 3.66512 0.0535397 0.10685 3.28999 1.14702 2.14062 1.14247 0.0637856 0.843581 0.0528689 0.835122 0 0 26 2.49827 0.0890324  0 0 27 1.81907 0.036732  0 0 24 1.72949 1.4286  0 1 25 1.51089 1.31253  0 0 25 1.36539 1.67019 
14500 1 0 25 0 1 25 3.66512 0.0535397 0.113703 3.28999 1.14702 2.14062 1.14247 0.0637856 0.843581 0.0528689 0.835122 0 0 26 2.49827 0.0890324  0 0 27 1.81907 0.036732  0 0 24 1.72949 1.4286  0 3 23 1.52819 0.783057  0 1 25 1.51089 1.31253 
15000 1 0 25 0 1 25 3.66512 0.0535397 0.122013 3.28999 1.14702 2.14062 1.14247 0.0637856 0.843581 0.0528689 0.835122 0 0 26 2.49827 0.0890324  0 0 27 1.81907 0.036732  0 0 24 1.72949 1.4286  0 3 23 1.52819 0.783057  0 1 25 1.51089 1.31253 
15500 1 0 25 0 2 24 3.66512 0.0535397 0.129717 3.28999 1.14702 2.97677 0.934374 0.0637856 0.843581 0.0128996 0.867104 0 2 24 2.63969 0.606327  0 0 26 2.49827 0.0890324  0 0 27 1.81907 0.036732  0 0 24 1.72949 1.4286  0 3 23 1.52819 0.783057 
16000 1 0 25 0 2 24 3.66512 0.0535397 0.137606 3.28999 1.14702 2.97677 0.934374 0.0637856 0.843581 0.0128996 0.867104 0 2 24 2.63969 0.606327  0 0 26 2.49827 0.0890324  0 0 27 1.81907 0.036732  0 0 24 1.72949 1.4286  0 1 25 1.66899 0.302649 
16500 1 0 25 0 2 24 3.66512 0.0535397 0.145789 3.28999 1.14702 2.97677 0.934374 0.0637856 0.843581 0.0128996 0.867104 0 2 24 2.63969 0.606327  0 0 26 2.49827 0.0890324  0 0 27 1.81907 0.036732  0 4 23 1.74574 0.820571  0 0 24 1.72949 1.4286 
17000 1 0 25 0 2 24 3.66512 0.0535397 0.152278 3.28999 1.14702 2.97677 0.934374 0.0637856 0.843581 0.0128996 0.867104 0 2 24 2.63969 0.606327  0 0 26 2.49827 0.0890324  0 0 27 1.81907 0.036732  0 4 23 1.74574 0.820571  0 0 24 1.72949 1.4286 
17500 6 0 20 0 2 24 3.67403 0.0524938 0.161045 0.00129192 0.0151205 2.97677 0.934374 0.229961 0.691067 0.0128996 0.867104 0 2 24 2.63969 0.606327  0 0 26 2.49827 0.0890324  0 0 27 1.81907 0.036732  0 4 23 1.74574 0.820571  0 0 24 1.72949 1.4286 
18000 3 0 23 0 2 24 3.70398 0.0548116 0.170174 -0.000818465 0.0099234 2.97677 0.934374 0.12807 0.790564 0.0128996 0.867104 0 2 24 2.63969 0.606327  0 0 26 2.49827 0.0890324  0 0 27 1.81907 0.036732  0 4 23 1.74574 0.820571  0 0 24 1.72949 1.4286 
18500 3 0 23 0 2 24 3.70398 0.0548116 0.179156 -0.000818465 0.0099234 2.97677 0.934374 0.12807 0.790564 0.0128996 0.867104 0 1 24 2.76999 0.909136  0 2 24 2.63969 0.606327  0 0 26 2.49827 0.0890324  0 0 27 1.81907 0.036732  0 4 23 1.74574 0.820571 
19000 3 0 23 0 2 24 3.70398 0.0548116 0.189077 -0.000818465 0.0099234 2.97677 0.934374 0.12807 0.790564 0.0128996 0.867104 0 1 25 2.90561 0.296359  0 1 24 2.76999 0.909136  0 2 24 2.63969 0.606327  0 0 26 2.49827 0.0890324  0 0 27 1.81907 0.036732 
19500 2 0 24 0 2 24 3.70788 0.0562848 0.199081 3.66936 0.386177 2.97677 0.934374 0.0977906 0.81935 0.0128996 0.867104 0 1 25 2.90561 0.296359  0 1 24 2.76999 0.909136  0 2 24 2.63969 0.606327  0 0 26 2.49827 0.0890324  0 0 27 1.81907 0.036732 
20000 2 0 24 0 2 24 3.70788 0.0562848 0.20822 3.66936 0.386177 2.97677 0.934374 0.0977906 0.81935 0.0128996 0.867104 0 1 25 2.90561 0.296359  0 1 24 2.76999 0.909136  0 2 24 2.63969 0.606327  0 0 26 2.49827 0.0890324  0 0 27 1.81907 0.036732 
