500 1 0 3 0 0 4 3.65497 0.0473686 0.878487 -0.000591163 0.0124898 1.70099 1.8492 0.319138 0.617749 0.107386 0.735014 0 0 3 3.58212 0.374092  0 0 4 3.48027 0.655635  0 0 1 2.00206 1.80716  0 0 2 1.52763 1.8175  0 1 2 1.08404 1.51658 
1000 0 0 3 0 1 3 3.75767 0.0489462 1.10805 0.00129728 0.0161456 0.718875 1.30754 0.156795 0.772372 0.125328 0.873298 0 0 3 3.75767 0.0489462  0 0 4 3.70113 0.0545427  0 0 2 2.27903 1.75092  0 0 1 2.00206 1.80716  0 1 3 1.76301 1.42385 
1500 0 0 3 0 1 3 3.75767 0.0489462 1.19703 0.00129728 0.0161456 0.819398 1.50332 0.156795 0.772372 0.120491 0.858112 0 0 3 3.75767 0.0489462  0 0 4 3.74499 0.046628  0 0 2 2.47551 1.68888  0 1 3 2.22672 1.51821  0 0 1 2.00206 1.80716 
2000 0 0 3 0 1 3 3.75767 0.0489462 1.29962 0.00129728 0.0161456 0.791788 1.4547 0.156795 0.772372 0.115411 0.858632 0 0 3 3.75767 0.0489462  0 0 4 3.74499 0.046628  0 0 2 2.57506 1.6492  0 1 3 2.23169 1.4314  0 1 4 2.16923 1.53464 
2500 0 0 3 0 1 4 3.75767 0.0489462 1.3611 0.00129728 0.0161456 2.29242 1.69839 0.156795 0.772372 0.0210584 0.876726 0 0 3 3.75767 0.0489462  0 0 4 3.74499 0.046628  0 0 2 2.57506 1.6492  0 1 4 2.42586 1.49494  0 1 3 2.23169 1.4314 
3000 0 0 3 0 1 4 3.75767 0.0489462 1.39631 0.00129728 0.0161456 2.29242 1.69839 0.156795 0.772372 0.0210584 0.876726 0 0 3 3.75767 0.0489462  0 0 4 3.74499 0.046628  0 0 2 2.57506 1.6492  0 1 3 2.44963 1.34515  0 1 4 2.42586 1.49494 
3500 0 0 3 0 1 4 3.75767 0.0489462 1.41142 0.00129728 0.0161456 2.29242 1.69839 0.156795 0.772372 0.0210584 0.876726 0 0 3 3.75767 0.0489462  0 0 4 3.74499 0.046628  0 0 2 2.63554 1.62411  0 1 3 2.44963 1.34515  0 1 4 2.42586 1.49494 
4000 0 0 3 0 1 4 3.75767 0.0489462 1.45012 0.00129728 0.0161456 2.29242 1.69839 0.156795 0.772372 0.0210584 0.876726 0 0 3 3.75767 0.0489462  0 0 4 3.74499 0.046628  0 0 2 2.63554 1.62411  0 1 3 2.44963 1.34515  0 1 4 2.42586 1.49494 
4500 0 0 3 0 1 4 3.75767 0.0489462 1.47521 0.00129728 0.0161456 2.29242 1.69839 0.156795 0.772372 0.0210584 0.876726 0 0 3 3.75767 0.0489462  0 0 4 3.75412 0.0458659  0 0 2 2.63554 1.62411  0 1 3 2.44963 1.34515  0 1 4 2.42586 1.49494 
5000 0 0 3 0 1 4 3.75767 0.0489462 1.47708 0.00129728 0.0161456 2.29242 1.69839 0.156795 0.772372 0.0210584 0.876726 0 0 3 3.75767 0.0489462  0 0 4 3.75412 0.0458659  0 0 2 2.63554 1.62411  0 1 3 2.44963 1.34515  0 1 4 2.42586 1.49494 
5500 0 0 3 0 1 4 3.75767 0.0489462 1.48921 0.00129728 0.0161456 2.29242 1.69839 0.156795 0.772372 0.0210584 0.876726 0 0 3 3.75767 0.0489462  0 0 4 3.75412 0.0458659  0 0 2 2.63554 1.62411  0 1 3 2.44963 1.34515  0 1 4 2.42586 1.49494 
6000 0 0 3 0 1 4 3.75767 0.0489462 1.50075 0.00129728 0.0161456 2.29242 1.69839 0.156795 0.772372 0.0210584 0.876726 0 0 3 3.75767 0.0489462  0 0 4 3.75412 0.0458659  0 0 2 2.76105 1.64023  0 1 3 2.44963 1.34515  0 1 4 2.42586 1.49494 
6500 0 0 3 0 1 4 3.75767 0.0489462 1.54087 0.00129728 0.0161456 2.29242 1.69839 0.156795 0.772372 0.0210584 0.876726 0 0 3 3.75767 0.0489462  0 0 4 3.75412 0.0458659  0 0 2 2.76105 1.64023  0 1 3 2.44963 1.34515  0 1 4 2.42586 1.49494 
7000 0 0 3 0 1 4 3.75767 0.0489462 1.54849 0.00129728 0.0161456 2.29242 1.69839 0.156795 0.772372 0.0210584 0.876726 0 0 3 3.75767 0.0489462  0 0 4 3.75412 0.0458659  0 0 2 2.76105 1.64023  0 1 3 2.52205 1.31329  0 1 4 2.42586 1.49494 
7500 0 0 3 0 1 4 3.75767 0.0489462 1.55419 0.00129728 0.0161456 2.29242 1.69839 0.156795 0.772372 0.0210584 0.876726 0 0 3 3.75767 0.0489462  0 0 4 3.75412 0.0458659  0 0 2 2.76105 1.64023  0 1 3 2.52205 1.31329  0 1 4 2.42586 1.49494 
8000 0 0 3 0 0 4 3.75767 0.0489462 1.56261 0.00129728 0.0161456 0.871558 1.59907 0.156795 0.772372 0.0580355 0.693787 0 0 3 3.75767 0.0489462  0 0 4 3.75412 0.0458659  0 0 2 2.76105 1.64023  0 1 4 2.74372 1.63518  0 1 3 2.65187 1.67779 
8500 0 0 3 0 0 4 3.75767 0.0489462 1.56391 0.00129728 0.0161456 0.871558 1.59907 0.156795 0.772372 0.0580355 0.693787 0 0 3 3.75767 0.0489462  0 0 4 3.75412 0.0458659  0 0 2 2.78422 1.61111  0 1 4 2.74372 1.63518  0 1 3 2.65187 1.67779 
9000 0 0 3 0 0 4 3.75835 0.0479866 1.57429 0.00150756 0.0160079 0.871558 1.59907 0.170435 0.756835 0.0580355 0.693787 0 0 3 3.75835 0.0479866  0 0 4 3.75412 0.0458659  0 0 2 2.78422 1.61111  0 1 4 2.74372 1.63518  0 1 3 2.65187 1.67779 
9500 0 0 3 0 0 4 3.75835 0.0479866 1.58748 0.00150756 0.0160079 0.871558 1.59907 0.170435 0.756835 0.0580355 0.693787 0 0 3 3.75835 0.0479866  0 0 4 3.75412 0.0458659  0 0 2 2.78422 1.61111  0 1 4 2.74372 1.63518  0 1 3 2.65187 1.67779 
10000 0 0 3 0 0 4 3.75835 0.0479866 1.59253 0.00150756 0.0160079 0.871558 1.59907 0.170435 0.756835 0.0580355 0.693787 0 0 3 3.75835 0.0479866  0 0 4 3.75412 0.0458659  0 0 2 2.78422 1.61111  0 1 4 2.74372 1.63518  0 1 3 2.65187 1.67779 
10500 0 0 3 0 0 4 3.75835 0.0479866 1.59911 0.00150756 0.0160079 0.871558 1.59907 0.170435 0.756835 0.0580355 0.693787 0 0 3 3.75835 0.0479866  0 0 4 3.75412 0.0458659  0 0 2 2.80792 1.38353  0 1 4 2.74372 1.63518  0 1 3 2.65187 1.67779 
11000 0 0 3 0 0 4 3.75835 0.0479866 1.59949 0.00150756 0.0160079 0.871558 1.59907 0.170435 0.756835 0.0580355 0.693787 0 0 3 3.75835 0.0479866  0 0 4 3.75412 0.0458659  0 0 2 2.80792 1.38353  0 1 4 2.74372 1.63518  0 1 3 2.65187 1.67779 
11500 0 0 3 0 0 4 3.75835 0.0479866 1.60324 0.00150756 0.0160079 0.871558 1.59907 0.170435 0.756835 0.0580355 0.693787 0 0 3 3.75835 0.0479866  0 0 4 3.75412 0.0458659  0 0 2 2.80792 1.38353  0 1 4 2.74372 1.63518  0 1 3 2.65187 1.67779 
12000 0 0 3 0 0 4 3.75835 0.0479866 1.6055 0.00150756 0.0160079 0.871558 1.59907 0.170435 0.756835 0.0580355 0.693787 0 0 3 3.75835 0.0479866  0 0 4 3.75412 0.0458659  0 0 2 2.80792 1.38353  0 1 4 2.74372 1.63518  0 1 3 2.65187 1.67779 
12500 0 0 3 0 0 4 3.75835 0.0479866 1.60989 0.00150756 0.0160079 0.871558 1.59907 0.170435 0.756835 0.0580355 0.693787 0 0 3 3.75835 0.0479866  0 0 4 3.75412 0.0458659  0 0 2 2.80792 1.38353  0 1 4 2.74372 1.63518  0 1 3 2.65187 1.67779 
13000 0 0 3 0 0 4 3.75835 0.0479866 1.61406 0.00150756 0.0160079 0.871558 1.59907 0.170435 0.756835 0.0580355 0.693787 0 0 3 3.75835 0.0479866  0 0 4 3.75412 0.0458659  0 0 2 2.80792 1.38353  0 1 4 2.74372 1.63518  0 1 3 2.65187 1.67779 
13500 0 0 3 0 0 4 3.75835 0.0479866 1.6153 0.00150756 0.0160079 0.871558 1.59907 0.170435 0.756835 0.0580355 0.693787 0 0 3 3.75835 0.0479866  0 0 4 3.75412 0.0458659  0 0 2 2.80792 1.38353  0 1 4 2.74372 1.63518  0 1 3 2.65187 1.67779 
14000 0 0 3 0 0 4 3.75835 0.0479866 1.60496 0.00150756 0.0160079 0.871558 1.59907 0.170435 0.756835 0.0580355 0.693787 0 0 3 3.75835 0.0479866  0 0 4 3.75412 0.0458659  0 0 2 2.80792 1.38353  0 1 4 2.74372 1.63518  0 1 3 2.65187 1.67779 
14500 0 0 3 0 0 4 3.75835 0.0479866 1.61415 0.00150756 0.0160079 0.871558 1.59907 0.170435 0.756835 0.0580355 0.693787 0 0 3 3.75835 0.0479866  0 0 4 3.75412 0.0458659  0 0 2 2.80792 1.38353  0 1 4 2.74372 1.63518  0 1 3 2.65187 1.67779 
15000 0 0 3 0 0 4 3.75835 0.0479866 1.61544 0.00150756 0.0160079 0.871558 1.59907 0.170435 0.756835 0.0580355 0.693787 0 0 3 3.75835 0.0479866  0 0 4 3.75412 0.0458659  0 0 2 2.80792 1.38353  0 1 4 2.74372 1.63518  0 1 3 2.65187 1.67779 
15500 0 0 3 0 0 4 3.75835 0.0479866 1.61912 0.00150756 0.0160079 0.871558 1.59907 0.170435 0.756835 0.0580355 0.693787 0 0 3 3.75835 0.0479866  0 0 4 3.75412 0.0458659  0 0 2 2.80792 1.38353  0 1 4 2.74372 1.63518  0 1 3 2.65187 1.67779 
16000 0 0 3 0 0 4 3.75835 0.0479866 1.61979 0.00150756 0.0160079 0.871558 1.59907 0.170435 0.756835 0.0580355 0.693787 0 0 3 3.75835 0.0479866  0 0 4 3.75412 0.0458659  0 0 2 2.80792 1.38353  0 1 4 2.74372 1.63518  0 1 3 2.65187 1.67779 
16500 0 0 3 0 0 4 3.75835 0.0479866 1.62033 0.00150756 0.0160079 0.871558 1.59907 0.170435 0.756835 0.0580355 0.693787 0 0 3 3.75835 0.0479866  0 0 4 3.75412 0.0458659  0 0 2 2.80792 1.38353  0 1 4 2.74372 1.63518  0 1 3 2.65187 1.67779 
17000 0 0 3 0 0 4 3.75835 0.0479866 1.60625 0.00150756 0.0160079 0.871558 1.59907 0.170435 0.756835 0.0580355 0.693787 0 0 3 3.75835 0.0479866  0 0 4 3.75412 0.0458659  0 0 2 2.80792 1.38353  0 1 4 2.74372 1.63518  0 1 3 2.65187 1.67779 
17500 0 0 3 0 0 4 3.75835 0.0479866 1.63889 0.00150756 0.0160079 0.871558 1.59907 0.170435 0.756835 0.0580355 0.693787 0 0 3 3.75835 0.0479866  0 0 4 3.75412 0.0458659  0 0 2 2.80792 1.38353  0 1 4 2.74372 1.63518  0 1 3 2.65187 1.67779 
18000 1 0 3 0 0 4 3.76075 0.0465151 1.63978 0.00234051 0.0215149 0.872823 1.59895 0.202295 0.728637 0.0595979 0.681184 0 0 3 3.75835 0.0479866  0 0 4 3.7578 0.0472648  0 0 2 2.80792 1.38353  0 1 4 2.74372 1.63518  0 1 3 2.65187 1.67779 
18500 1 0 3 0 0 4 3.76075 0.0465151 1.6262 0.00234051 0.0215149 0.872823 1.59895 0.202295 0.728637 0.0595979 0.681184 0 0 3 3.75835 0.0479866  0 0 4 3.7578 0.0472648  0 0 2 2.80792 1.38353  0 1 4 2.74372 1.63518  0 1 3 2.65187 1.67779 
19000 1 0 3 0 0 4 3.76075 0.0465151 1.62725 0.00234051 0.0215149 0.872823 1.59895 0.202295 0.728637 0.0595979 0.681184 0 0 3 3.75904 0.0510891  0 0 4 3.7578 0.0472648  0 0 2 2.80792 1.38353  0 1 4 2.74372 1.63518  0 1 3 2.65187 1.67779 
19500 1 0 3 0 0 4 3.76075 0.0465151 1.6284 0.00234051 0.0215149 0.872823 1.59895 0.202295 0.728637 0.0595979 0.681184 0 0 3 3.75904 0.0510891  0 0 4 3.7578 0.0472648  0 0 2 2.80792 1.38353  0 1 4 2.74372 1.63518  0 1 3 2.65187 1.67779 
20000 0 0 3 0 0 4 3.76599 0.0472001 1.63289 -0.000805373 0.0173069 0.872823 1.59895 0.149885 0.785779 0.0595979 0.681184 0 0 3 3.76599 0.0472001  0 0 4 3.7578 0.0472648  0 0 2 2.80792 1.38353  0 1 4 2.74372 1.63518  0 1 3 2.65187 1.67779 
