500 6 0 7 0 11 14 1.60902 0.0416929 0.00928537 0.0145618 0.118244 0.00160492 0.0159688 0.427897 0.513918 0.984818 0.751793 0 11 14 0.0284077 0.194716  0 8 14 0.0266323 0.126882  0 13 14 0.0246369 0.11514  0 9 14 0.0231095 0.10168  0 4 13 0.0198513 0.115069 
1000 8 0 5 0 1 14 3.22309 0.131777 0.0283699 0.250806 0.792458 0.222969 0.736138 0.591942 0.340255 0.000811808 0.947463 0 1 14 0.278691 0.699832  0 0 10 0.224958 0.82951  0 0 13 0.182155 0.218283  0 0 8 0.130741 0.561789  0 0 4 0.129052 0.629179 
1500 7 0 6 0 0 14 3.59198 0.0413219 0.0574746 0.00260086 0.0187527 0.899785 1.27538 0.528826 0.421598 0.00245097 0.93346 0 0 4 0.345495 1.01224  0 0 12 0.301602 0.954181  0 1 14 0.278691 0.699832  0 0 14 0.239603 0.630243  0 0 10 0.224958 0.82951 
2000 6 0 7 0 0 12 3.63561 0.0444268 0.0961208 0.0030398 0.0197382 2.04265 0.597058 0.432381 0.518401 0.07779 0.795937 0 0 13 2.30595 0.0325922  0 0 12 2.19996 0.0321838  0 0 14 0.613883 0.910242  0 0 4 0.345495 1.01224  0 0 10 0.2917 0.253191 
2500 7 0 7 0 0 12 3.6842 0.0500086 0.150979 0.00147903 0.0159124 1.41896 1.70134 0.472724 0.469416 0.0485565 0.805595 0 0 12 2.55421 1.58875  0 0 13 2.30595 0.0325922  0 0 4 0.82755 1.22765  0 0 10 0.778485 1.05971  0 0 6 0.68124 1.13347 
3000 7 0 7 0 1 12 3.6842 0.0500086 0.219428 0.00147903 0.0159124 1.59408 0.81618 0.472724 0.469416 9.00732e-05 0.870568 0 0 12 2.55421 1.58875  0 0 13 2.30595 0.0325922  0 1 12 1.1128 0.877114  0 0 4 0.82755 1.22765  0 0 10 0.778485 1.05971 
3500 12 0 1 0 0 12 3.74864 0.0431356 0.283323 0.000675379 0.00849999 2.59786 1.1688 0.82857 0.0971847 0.0968981 0.793876 0 0 12 2.94126 0.0444676  0 0 13 2.30595 0.0325922  0 0 11 1.44791 0.0447177  0 0 9 1.19668 1.56155  0 1 12 1.1128 0.877114 
4000 10 0 3 0 0 12 3.77 0.0518618 0.354377 0.00134442 0.0160985 2.59786 1.1688 0.678792 0.252252 0.0968981 0.793876 0 0 12 2.94126 0.0444676  0 0 13 2.30595 0.0325922  0 0 11 1.44791 0.0447177  0 0 9 1.19668 1.56155  0 1 12 1.1128 0.877114 
4500 10 0 3 0 0 12 3.77 0.0518618 0.41324 0.00134442 0.0160985 2.59786 1.1688 0.678792 0.252252 0.0968981 0.793876 0 0 12 2.94126 0.0444676  0 0 13 2.30595 0.0325922  0 6 13 1.50014 1.34828  0 0 11 1.44791 0.0447177  0 0 7 1.23821 1.64642 
5000 10 0 3 0 0 12 3.77 0.0518618 0.468717 0.00134442 0.0160985 3.08405 0.443249 0.678792 0.252252 0.119579 0.78145 0 0 12 2.96656 0.042299  0 0 13 2.30595 0.0325922  0 0 10 1.61812 1.75096  0 6 13 1.50014 1.34828  0 0 11 1.44791 0.0447177 
5500 10 0 3 0 0 11 3.77 0.0518618 0.514612 0.00134442 0.0160985 3.42494 0.362138 0.678792 0.252252 0.137179 0.7858 0 0 12 3.00182 0.0402466  0 0 11 2.86821 0.0823905  0 0 13 2.30595 0.0325922  0 0 10 1.61812 1.75096  0 6 13 1.50014 1.34828 
6000 10 0 3 0 0 11 3.77 0.0518618 0.554878 0.00134442 0.0160985 3.42494 0.362138 0.678792 0.252252 0.137179 0.7858 0 0 12 3.00182 0.0402466  0 0 11 2.86821 0.0823905  0 0 10 2.61136 1.65458  0 0 13 2.30595 0.0325922  0 6 13 1.50014 1.34828 
6500 10 0 3 0 0 11 3.77 0.0518618 0.586786 0.00134442 0.0160985 3.42494 0.362138 0.678792 0.252252 0.137179 0.7858 0 0 12 3.30977 0.649757  0 0 11 2.86821 0.0823905  0 0 10 2.61136 1.65458  0 0 13 2.30595 0.0325922  0 6 13 1.50014 1.34828 
7000 11 0 2 0 0 11 3.77145 0.0452826 0.614596 0.00040461 0.014733 3.42494 0.362138 0.752189 0.182569 0.137179 0.7858 0 0 12 3.63597 0.220838  0 0 11 2.86821 0.0823905  0 0 10 2.61136 1.65458  0 0 9 2.34754 1.7226  0 0 13 2.30595 0.0325922 
7500 11 0 2 0 0 11 3.77145 0.0452826 0.637469 0.00040461 0.014733 3.42494 0.362138 0.752189 0.182569 0.137179 0.7858 0 0 12 3.63597 0.220838  0 0 11 2.86821 0.0823905  0 0 10 2.61136 1.65458  0 0 9 2.34754 1.7226  0 0 13 2.30595 0.0325922 
8000 11 0 2 0 0 11 3.77145 0.0452826 0.659396 0.00040461 0.014733 3.42494 0.362138 0.752189 0.182569 0.137179 0.7858 0 0 12 3.67234 0.0643604  0 0 13 3.13503 0.344967  0 0 11 2.86821 0.0823905  0 0 10 2.61136 1.65458  0 0 9 2.34754 1.7226 
8500 11 0 2 0 0 11 3.77145 0.0452826 0.679218 0.00040461 0.014733 3.42494 0.362138 0.752189 0.182569 0.137179 0.7858 0 0 12 3.69217 0.0475531  0 0 13 3.14099 0.471041  0 0 11 2.86821 0.0823905  0 0 10 2.61136 1.65458  0 0 9 2.34754 1.7226 
9000 11 0 2 0 0 11 3.77145 0.0452826 0.698977 0.00040461 0.014733 3.42494 0.362138 0.752189 0.182569 0.137179 0.7858 0 0 12 3.69217 0.0475531  0 0 13 3.14099 0.471041  0 0 11 2.86821 0.0823905  0 0 10 2.61136 1.65458  0 0 9 2.34754 1.7226 
9500 11 0 2 0 0 11 3.77145 0.0452826 0.713716 0.00040461 0.014733 3.42494 0.362138 0.752189 0.182569 0.137179 0.7858 0 0 12 3.69217 0.0475531  0 0 13 3.14099 0.471041  0 0 11 2.86821 0.0823905  0 0 10 2.61136 1.65458  0 0 9 2.34754 1.7226 
10000 11 0 2 0 0 11 3.77145 0.0452826 0.728311 0.00040461 0.014733 3.42494 0.362138 0.752189 0.182569 0.137179 0.7858 0 0 12 3.69217 0.0475531  0 0 13 3.14099 0.471041  0 0 11 2.86821 0.0823905  0 0 10 2.61136 1.65458  0 0 9 2.34754 1.7226 
10500 11 0 2 0 0 11 3.77145 0.0452826 0.741131 0.00040461 0.014733 3.42494 0.362138 0.752189 0.182569 0.137179 0.7858 0 0 12 3.69925 0.0557012  0 0 13 3.14099 0.471041  0 0 11 2.86821 0.0823905  0 0 10 2.61136 1.65458  0 0 9 2.34754 1.7226 
11000 11 0 2 0 0 11 3.77145 0.0452826 0.756943 0.00040461 0.014733 3.56169 0.353633 0.752189 0.182569 0.135489 0.786411 0 0 12 3.69925 0.0557012  0 0 13 3.14099 0.471041  0 0 11 3.13364 0.506421  0 0 10 2.61136 1.65458  0 0 9 2.4469 1.7169 
11500 11 0 2 0 0 11 3.77145 0.0452826 0.769089 0.00040461 0.014733 3.56169 0.353633 0.752189 0.182569 0.135489 0.786411 0 0 12 3.69925 0.0557012  0 0 13 3.14099 0.471041  0 0 11 3.13364 0.506421  0 0 10 2.61136 1.65458  0 0 9 2.4469 1.7169 
12000 11 0 2 0 0 11 3.77145 0.0452826 0.781488 0.00040461 0.014733 3.56169 0.353633 0.752189 0.182569 0.135489 0.786411 0 0 12 3.69925 0.0557012  0 0 13 3.14099 0.471041  0 0 11 3.13364 0.506421  0 0 10 2.61136 1.65458  0 0 9 2.4469 1.7169 
12500 11 0 2 0 0 13 3.77145 0.0452826 0.79032 0.00040461 0.014733 3.11831 0.666542 0.752189 0.182569 0.0102441 0.909538 0 0 12 3.69925 0.0557012  0 0 11 3.27692 1.06933  0 0 13 3.14099 0.471041  0 0 10 2.61136 1.65458  0 0 9 2.4469 1.7169 
13000 11 0 2 0 0 13 3.77145 0.0452826 0.798893 0.00040461 0.014733 3.11831 0.666542 0.752189 0.182569 0.0102441 0.909538 0 0 12 3.70619 0.0717318  0 0 11 3.27692 1.06933  0 0 13 3.14099 0.471041  0 0 10 2.61136 1.65458  0 0 9 2.4469 1.7169 
13500 11 0 2 0 0 13 3.77145 0.0452826 0.80735 0.00040461 0.014733 3.11831 0.666542 0.752189 0.182569 0.0102441 0.909538 0 0 12 3.70619 0.0717318  0 0 11 3.27692 1.06933  0 0 13 3.14099 0.471041  0 0 10 2.61136 1.65458  0 0 9 2.4469 1.7169 
14000 11 0 2 0 0 13 3.77145 0.0452826 0.812977 0.00040461 0.014733 3.11831 0.666542 0.752189 0.182569 0.0102441 0.909538 0 0 12 3.70619 0.0717318  0 0 11 3.27692 1.06933  0 0 13 3.14099 0.471041  0 0 10 2.61136 1.65458  0 0 9 2.4469 1.7169 
14500 11 0 2 0 0 13 3.77145 0.0452826 0.819546 0.00040461 0.014733 3.11831 0.666542 0.752189 0.182569 0.0102441 0.909538 0 0 12 3.70619 0.0717318  0 0 11 3.27692 1.06933  0 0 13 3.14099 0.471041  0 0 10 2.61136 1.65458  0 0 9 2.4469 1.7169 
15000 11 0 2 0 0 13 3.77145 0.0452826 0.827148 0.00040461 0.014733 3.11831 0.666542 0.752189 0.182569 0.0102441 0.909538 0 0 12 3.70619 0.0717318  0 0 11 3.27692 1.06933  0 0 13 3.14099 0.471041  0 0 10 2.61136 1.65458  0 0 9 2.4469 1.7169 
15500 11 0 2 0 0 13 3.77145 0.0452826 0.833259 0.00040461 0.014733 3.11831 0.666542 0.752189 0.182569 0.0102441 0.909538 0 0 12 3.70619 0.0717318  0 0 11 3.27692 1.06933  0 1 12 3.16489 0.873414  0 0 13 3.14099 0.471041  0 0 10 2.61136 1.65458 
16000 11 0 2 0 0 13 3.77145 0.0452826 0.841479 0.00040461 0.014733 3.10178 0.706301 0.752189 0.182569 0.00640421 0.905283 0 0 12 3.70619 0.0717318  0 0 11 3.27692 1.06933  0 0 13 3.21097 0.111862  0 1 12 3.16489 0.873414  0 0 10 2.61136 1.65458 
16500 10 0 3 0 0 13 3.77358 0.0398683 0.845124 0.00160492 0.0159688 3.10178 0.706301 0.718152 0.216145 0.00640421 0.905283 0 0 12 3.70619 0.0717318  0 0 11 3.27692 1.06933  0 0 13 3.21097 0.111862  0 1 12 3.16489 0.873414  0 0 10 2.61136 1.65458 
17000 10 0 3 0 0 13 3.77464 0.0447226 0.851049 0.00133168 0.0161102 3.10178 0.706301 0.690118 0.244195 0.00640421 0.905283 0 0 12 3.70619 0.0717318  0 0 11 3.27692 1.06933  0 0 13 3.21097 0.111862  0 1 12 3.16489 0.873414  0 0 10 2.61136 1.65458 
17500 10 0 3 0 0 13 3.77464 0.0447226 0.855115 0.00133168 0.0161102 3.10178 0.706301 0.690118 0.244195 0.00640421 0.905283 0 0 12 3.70619 0.0717318  0 0 11 3.27692 1.06933  0 0 13 3.21097 0.111862  0 1 12 3.16489 0.873414  0 0 10 2.61136 1.65458 
18000 10 0 3 0 0 13 3.77464 0.0447226 0.861242 0.00133168 0.0161102 3.10178 0.706301 0.690118 0.244195 0.00640421 0.905283 0 0 12 3.70619 0.0717318  0 0 11 3.27692 1.06933  0 0 13 3.21097 0.111862  0 1 12 3.16489 0.873414  0 0 10 2.61136 1.65458 
18500 10 0 3 0 0 13 3.77464 0.0447226 0.866604 0.00133168 0.0161102 3.10178 0.706301 0.690118 0.244195 0.00640421 0.905283 0 0 12 3.70619 0.0717318  0 0 11 3.27692 1.06933  0 0 13 3.21097 0.111862  0 1 12 3.16489 0.873414  0 0 10 2.61136 1.65458 
19000 10 0 3 0 0 13 3.77464 0.0447226 0.871412 0.00133168 0.0161102 3.10178 0.706301 0.690118 0.244195 0.00640421 0.905283 0 0 12 3.70619 0.0717318  0 0 11 3.27692 1.06933  0 0 13 3.21097 0.111862  0 1 12 3.16489 0.873414  0 0 10 2.61136 1.65458 
19500 10 0 3 0 0 13 3.77464 0.0447226 0.875022 0.00133168 0.0161102 3.10178 0.706301 0.690118 0.244195 0.00640421 0.905283 0 0 12 3.7156 0.065041  0 0 11 3.27692 1.06933  0 0 13 3.21097 0.111862  0 1 12 3.16489 0.873414  0 0 10 2.61136 1.65458 
20000 10 0 3 0 0 13 3.77464 0.0447226 0.88035 0.00133168 0.0161102 3.10178 0.706301 0.690118 0.244195 0.00640421 0.905283 0 0 12 3.7156 0.065041  0 0 11 3.27692 1.06933  0 0 13 3.21097 0.111862  0 1 12 3.16489 0.873414  0 0 10 2.61136 1.65458 
