500 17 0 10 0 25 29 3.25915 0.044906 0.00451045 0.00189147 0.0267142 0.00160492 0.0159688 0.581601 0.359167 0.984818 0.751793 0 0 8 0.0406406 0.23206  0 25 29 0.0332948 0.274109  0 19 29 0.0218363 0.105077  0 22 29 0.02174 0.114012  0 21 29 0.0202337 0.106048 
1000 17 0 10 0 18 25 3.25915 0.044906 0.00561623 0.00189147 0.0267142 0.00160492 0.0159688 0.581601 0.359167 0.984818 0.751793 0 0 16 0.0426263 0.32431  0 0 8 0.0406406 0.23206  0 18 25 0.0362406 0.189571  0 25 29 0.0332948 0.274109  0 23 29 0.0252463 0.113417 
1500 17 0 10 0 2 26 3.25915 0.044906 0.00733083 0.00189147 0.0267142 0.119298 0.653039 0.581601 0.359167 0.0138072 0.890645 0 0 11 0.37118 1.09088  0 0 10 0.201612 0.725155  0 26 28 0.0682188 0.312637  0 2 26 0.0481803 0.261172  0 0 16 0.0426263 0.32431 
2000 17 0 10 0 2 26 3.25915 0.044906 0.0097971 0.00189147 0.0267142 0.119298 0.653039 0.581601 0.359167 0.0138072 0.890645 0 0 11 0.37118 1.09088  0 0 10 0.201612 0.725155  0 26 28 0.0682188 0.312637  0 2 26 0.0481803 0.261172  0 0 16 0.0426263 0.32431 
2500 17 0 10 0 0 18 3.25915 0.044906 0.0121962 0.00189147 0.0267142 0.156808 0.739141 0.581601 0.359167 0.0175173 0.694021 0 0 11 0.37118 1.09088  0 0 18 0.266553 0.940574  0 0 10 0.201612 0.725155  0 1 24 0.186357 0.662162  0 26 28 0.0682188 0.312637 
3000 17 0 10 0 1 22 3.25915 0.044906 0.0142209 0.00189147 0.0267142 0.373819 0.962798 0.581601 0.359167 0.125458 0.687297 0 0 11 0.37118 1.09088  0 0 18 0.266553 0.940574  0 1 22 0.259221 0.823291  0 0 24 0.241527 0.800711  0 0 10 0.201612 0.725155 
3500 11 0 17 0 1 22 3.46734 0.0405469 0.015291 0.0343785 0.334639 0.373819 0.962798 0.36803 0.57763 0.125458 0.687297 0 0 11 0.37118 1.09088  0 0 18 0.266553 0.940574  0 1 22 0.259221 0.823291  0 0 24 0.241527 0.800711  0 0 10 0.201612 0.725155 
4000 11 0 17 0 1 22 3.46734 0.0405469 0.0181424 0.0343785 0.334639 0.373819 0.962798 0.36803 0.57763 0.125458 0.687297 0 0 11 0.37118 1.09088  0 2 12 0.301539 0.925541  0 0 18 0.266553 0.940574  0 1 22 0.259221 0.823291  0 0 24 0.241527 0.800711 
4500 1 0 25 0 2 12 3.68931 0.0481189 0.0196688 -0.000945024 0.0152407 0.2787 0.916305 0.0623879 0.848441 0.166636 0.514944 0 0 25 0.389443 0.295991  0 0 11 0.37118 1.09088  0 0 16 0.355693 0.928117  0 2 12 0.301539 0.925541  0 0 18 0.266553 0.940574 
5000 1 0 25 0 2 12 3.68931 0.0481189 0.0218115 -0.000945024 0.0152407 0.2787 0.916305 0.0623879 0.848441 0.166636 0.514944 0 0 25 0.389443 0.295991  0 0 11 0.37118 1.09088  0 0 16 0.355693 0.928117  0 2 12 0.301539 0.925541  0 0 18 0.266553 0.940574 
5500 1 0 25 0 2 12 3.68931 0.0481189 0.0235801 -0.000945024 0.0152407 0.2787 0.916305 0.0623879 0.848441 0.166636 0.514944 0 0 25 0.389443 0.295991  0 0 11 0.37118 1.09088  0 0 16 0.355693 0.928117  0 0 20 0.334286 1.02023  0 2 12 0.301539 0.925541 
6000 1 0 25 0 0 20 3.68931 0.0481189 0.0249314 -0.000945024 0.0152407 0.155704 0.738619 0.0623879 0.848441 0.017797 0.695473 0 0 25 0.389443 0.295991  0 0 11 0.37118 1.09088  0 0 16 0.355693 0.928117  0 0 20 0.334286 1.02023  0 2 7 0.318259 0.934221 
6500 1 0 25 0 0 20 3.68931 0.0481189 0.0277323 -0.000945024 0.0152407 0.155704 0.738619 0.0623879 0.848441 0.017797 0.695473 0 0 25 0.389443 0.295991  0 0 11 0.37118 1.09088  0 0 16 0.355693 0.928117  0 0 20 0.334286 1.02023  0 2 7 0.318259 0.934221 
7000 26 0 1 0 0 26 3.70757 0.0505684 0.0309982 6.9038e-05 0.00483809 0.423976 0.434836 0.874052 0.0439362 0.00970276 0.873209 0 0 25 0.389443 0.295991  0 0 26 0.376297 0.317193  0 0 11 0.37118 1.09088  0 0 16 0.355693 0.928117  0 0 20 0.334286 1.02023 
7500 26 0 1 0 0 26 3.70757 0.0505684 0.0349372 6.9038e-05 0.00483809 0.423976 0.434836 0.874052 0.0439362 0.00970276 0.873209 0 0 25 0.389443 0.295991  0 0 26 0.376297 0.317193  0 0 11 0.37118 1.09088  0 0 16 0.355693 0.928117  0 0 20 0.334286 1.02023 
8000 17 0 10 0 0 26 3.71309 0.0473134 0.0383632 0.163102 0.735516 0.423976 0.434836 0.589242 0.359629 0.00970276 0.873209 0 0 25 0.389443 0.295991  0 0 26 0.376297 0.317193  0 0 11 0.37118 1.09088  0 0 16 0.355693 0.928117  0 0 20 0.334286 1.02023 
8500 21 0 6 0 0 26 3.72065 0.0454549 0.0417028 0.000816902 0.00812807 0.423976 0.434836 0.721375 0.215734 0.00970276 0.873209 0 0 25 0.389443 0.295991  0 0 26 0.376297 0.317193  0 0 11 0.37118 1.09088  0 0 18 0.364642 0.976384  0 0 16 0.355693 0.928117 
9000 21 0 6 0 0 26 3.72065 0.0454549 0.0457681 0.000816902 0.00812807 0.423976 0.434836 0.721375 0.215734 0.00970276 0.873209 0 0 25 0.389443 0.295991  0 0 26 0.376297 0.317193  0 0 11 0.37118 1.09088  0 0 18 0.364642 0.976384  0 0 16 0.355693 0.928117 
9500 21 0 6 0 0 19 3.72065 0.0454549 0.05008 0.000816902 0.00812807 1.72238 1.81515 0.721375 0.215734 0.173796 0.677453 0 0 24 1.86861 1.8612  0 0 19 0.955139 1.52993  0 0 25 0.754731 0.262992  0 1 23 0.418067 0.999708  0 0 27 0.383202 1.0007 
10000 21 0 6 0 0 19 3.72065 0.0454549 0.0542268 0.000816902 0.00812807 1.72238 1.81515 0.721375 0.215734 0.173796 0.677453 0 0 24 1.86861 1.8612  0 0 19 0.955139 1.52993  0 0 25 0.754731 0.262992  0 3 25 0.651157 0.854016  0 1 23 0.418067 0.999708 
10500 21 0 6 0 0 19 3.72065 0.0454549 0.0602328 0.000816902 0.00812807 1.72238 1.81515 0.721375 0.215734 0.173796 0.677453 0 0 24 1.86861 1.8612  0 0 19 0.955139 1.52993  0 0 7 0.829597 1.53691  0 0 25 0.754731 0.262992  0 3 25 0.651157 0.854016 
11000 21 0 6 0 0 19 3.72065 0.0454549 0.067227 0.000816902 0.00812807 1.72238 1.81515 0.721375 0.215734 0.173796 0.677453 0 0 24 1.86861 1.8612  0 3 26 0.988325 0.479322  0 0 19 0.955139 1.52993  0 0 7 0.829597 1.53691  0 0 25 0.754731 0.262992 
11500 24 0 3 0 0 19 3.73817 0.0718552 0.0755954 0.000528704 0.00526054 1.72238 1.81515 0.826083 0.103406 0.173796 0.677453 0 0 24 1.86861 1.8612  0 3 26 0.988325 0.479322  0 0 19 0.955139 1.52993  0 0 7 0.829597 1.53691  0 0 25 0.754731 0.262992 
12000 24 0 3 0 0 19 3.73817 0.0718552 0.0838298 0.000528704 0.00526054 1.72238 1.81515 0.826083 0.103406 0.173796 0.677453 0 0 24 1.86861 1.8612  0 3 26 0.988325 0.479322  0 0 19 0.955139 1.52993  0 0 7 0.829597 1.53691  0 3 27 0.762904 0.653885 
12500 24 0 3 0 0 19 3.73817 0.0718552 0.0911148 0.000528704 0.00526054 1.72238 1.81515 0.826083 0.103406 0.173796 0.677453 0 0 24 1.86861 1.8612  0 3 26 0.988325 0.479322  0 0 19 0.955139 1.52993  0 0 7 0.829597 1.53691  0 3 27 0.762904 0.653885 
13000 24 0 3 0 0 19 3.73817 0.0718552 0.100616 0.000528704 0.00526054 1.72238 1.81515 0.826083 0.103406 0.173796 0.677453 0 0 24 1.86861 1.8612  0 3 26 0.988325 0.479322  0 0 19 0.955139 1.52993  0 0 7 0.829597 1.53691  0 3 27 0.762904 0.653885 
13500 24 0 3 0 0 26 3.73817 0.0718552 0.110613 0.000528704 0.00526054 1.73931 0.412313 0.826083 0.103406 0.00253712 0.929953 0 0 24 1.86861 1.8612  0 0 26 1.702 0.335359  0 3 26 0.988325 0.479322  0 0 19 0.955139 1.52993  0 0 7 0.829597 1.53691 
14000 24 0 3 0 0 26 3.73817 0.0718552 0.121501 0.000528704 0.00526054 1.73931 0.412313 0.826083 0.103406 0.00253712 0.929953 0 0 24 1.86861 1.8612  0 0 26 1.702 0.335359  0 0 23 1.2767 1.73453  0 3 26 0.988325 0.479322  0 0 19 0.955139 1.52993 
14500 24 0 3 0 0 26 3.73817 0.0718552 0.134179 0.000528704 0.00526054 1.73931 0.412313 0.826083 0.103406 0.00253712 0.929953 0 0 24 1.86861 1.8612  0 0 26 1.702 0.335359  0 0 23 1.2767 1.73453  0 0 25 1.0356 0.0470346  0 3 26 0.988325 0.479322 
15000 24 0 3 0 0 26 3.73817 0.0718552 0.144847 0.000528704 0.00526054 1.73931 0.412313 0.826083 0.103406 0.00253712 0.929953 0 0 24 1.86861 1.8612  0 0 26 1.702 0.335359  0 0 23 1.2767 1.73453  0 0 25 1.0356 0.0470346  0 3 26 0.988325 0.479322 
15500 24 0 3 0 0 26 3.73817 0.0718552 0.156526 0.000528704 0.00526054 1.73931 0.412313 0.826083 0.103406 0.00253712 0.929953 0 0 24 1.86861 1.8612  0 0 26 1.702 0.335359  0 0 23 1.2767 1.73453  0 0 25 1.0356 0.0470346  0 3 26 0.988325 0.479322 
16000 2 0 25 0 0 26 3.74089 0.0496884 0.168309 0.0014666 0.0160681 1.73931 0.412313 0.067596 0.852512 0.00253712 0.929953 0 0 24 1.86861 1.8612  0 0 26 1.702 0.335359  0 0 23 1.2767 1.73453  0 0 21 1.12268 1.58348  0 0 25 1.0356 0.0470346 
16500 2 0 25 0 0 26 3.74089 0.0496884 0.180443 0.0014666 0.0160681 1.73931 0.412313 0.067596 0.852512 0.00253712 0.929953 0 0 24 1.86861 1.8612  0 0 26 1.702 0.335359  0 0 23 1.2767 1.73453  0 0 21 1.12268 1.58348  0 0 25 1.0356 0.0470346 
17000 24 0 3 0 0 26 3.76131 0.0414459 0.193037 0.00092086 0.0108711 1.8809 0.707741 0.822306 0.102905 0.0289024 0.861245 0 0 26 2.05446 0.0512761  0 0 24 1.86861 1.8612  0 0 23 1.2767 1.73453  0 0 21 1.12268 1.58348  0 1 24 1.0795 0.285287 
17500 24 0 3 0 2 24 3.76131 0.0414459 0.204893 0.00092086 0.0108711 2.05912 0.327877 0.822306 0.102905 0.0147992 0.86125 0 4 23 2.07655 0.243735  0 0 26 2.05446 0.0512761  0 2 24 2.01773 0.0410729  0 0 24 1.86861 1.8612  0 0 23 1.2767 1.73453 
18000 24 0 3 0 2 24 3.76131 0.0414459 0.216516 0.00092086 0.0108711 2.05912 0.327877 0.822306 0.102905 0.0147992 0.86125 0 4 23 2.07655 0.243735  0 0 26 2.05446 0.0512761  0 2 24 2.01773 0.0410729  0 0 24 1.86861 1.8612  0 0 23 1.2767 1.73453 
18500 5 0 22 0 2 24 3.76604 0.0525884 0.230153 0.00150342 0.0160108 2.05912 0.327877 0.188574 0.74965 0.0147992 0.86125 0 4 23 2.07655 0.243735  0 0 26 2.05446 0.0512761  0 2 24 2.01773 0.0410729  0 0 24 1.86861 1.8612  0 0 28 1.62247 0.0603192 
19000 5 0 22 0 2 24 3.76604 0.0525884 0.24178 0.00150342 0.0160108 2.05912 0.327877 0.188574 0.74965 0.0147992 0.86125 0 4 23 2.07655 0.243735  0 0 26 2.05446 0.0512761  0 2 24 2.01773 0.0410729  0 0 24 1.86861 1.8612  0 0 28 1.62247 0.0603192 
19500 5 0 22 0 1 25 3.76604 0.0525884 0.255033 0.00150342 0.0160108 3.31533 0.509036 0.188574 0.74965 0.0239242 0.872838 0 1 25 3.06572 0.195345  0 4 23 2.07655 0.243735  0 0 26 2.05446 0.0512761  0 2 24 2.01773 0.0410729  0 0 24 1.86861 1.8612 
20000 5 0 22 0 1 25 3.76604 0.0525884 0.266929 0.00150342 0.0160108 3.31533 0.509036 0.188574 0.74965 0.0239242 0.872838 0 0 26 3.47715 0.13442  0 1 25 3.06572 0.195345  0 2 23 2.56158 0.680718  0 4 23 2.07655 0.243735  0 2 24 2.01773 0.0410729 
