500 16 0 12 0 15 29 2.92824 0.0475693 0.00524234 2.8814 0.47153 0.00160492 0.0159688 0.541023 0.400248 0.984818 0.751793 0 15 29 0.0269218 0.189602  0 9 28 0.0257905 0.242465  0 24 29 0.023578 0.170821  0 25 29 0.0228195 0.143392  0 18 29 0.0219864 0.104072 
1000 5 0 21 0 15 29 3.07499 0.0305008 0.00626592 1.39275 1.53836 0.00160492 0.0159688 0.195589 0.715241 0.984818 0.751793 0 15 29 0.0269218 0.189602  0 18 29 0.0266205 0.119097  0 9 28 0.0257905 0.242465  0 27 29 0.023681 0.158993  0 24 29 0.023578 0.170821 
1500 23 0 3 0 0 20 3.51469 0.319763 0.0095871 0.000550668 0.00526199 0.151411 0.727086 0.788296 0.119982 0.0193574 0.652265 0 0 18 0.185802 0.704322  0 0 20 0.180241 0.701763  0 25 29 0.0308837 0.13173  0 26 29 0.028939 0.121741  0 15 29 0.0269218 0.189602 
2000 19 0 8 0 0 20 3.52116 0.0513523 0.0117976 0.000643797 0.0064057 0.151411 0.727086 0.650112 0.275377 0.0193574 0.652265 0 0 18 0.185802 0.704322  0 0 20 0.180241 0.701763  0 0 16 0.0423038 0.383865  0 24 28 0.0382937 0.151463  0 25 29 0.0308837 0.13173 
2500 19 0 8 0 0 20 3.52116 0.0513523 0.0126484 0.000643797 0.0064057 0.151411 0.727086 0.650112 0.275377 0.0193574 0.652265 0 0 18 0.185802 0.704322  0 0 20 0.180241 0.701763  0 0 16 0.0423038 0.383865  0 24 28 0.0382937 0.151463  0 4 28 0.0331905 0.184298 
3000 24 0 3 0 0 20 3.55173 0.0386676 0.0144948 0.00176023 0.0167708 0.151411 0.727086 0.805222 0.10228 0.0193574 0.652265 0 0 18 0.185802 0.704322  0 0 20 0.180241 0.701763  0 6 28 0.0460827 0.199836  0 0 16 0.0423038 0.383865  0 24 28 0.0382937 0.151463 
3500 24 0 3 0 0 20 3.55173 0.0386676 0.0163615 0.00176023 0.0167708 0.151411 0.727086 0.805222 0.10228 0.0193574 0.652265 0 6 8 0.195848 0.773129  0 0 18 0.185802 0.704322  0 0 20 0.180241 0.701763  0 0 28 0.0635048 0.379265  0 0 27 0.0579866 0.341522 
4000 23 0 4 0 0 20 3.56684 0.0527197 0.018548 0.000353365 0.00388812 0.151411 0.727086 0.775803 0.135848 0.0193574 0.652265 0 6 8 0.195848 0.773129  0 0 18 0.185802 0.704322  0 0 20 0.180241 0.701763  0 0 28 0.0635048 0.379265  0 0 27 0.0579866 0.341522 
4500 23 0 4 0 0 20 3.56684 0.0527197 0.0205726 0.000353365 0.00388812 0.151411 0.727086 0.775803 0.135848 0.0193574 0.652265 0 6 8 0.195848 0.773129  0 0 18 0.185802 0.704322  0 0 19 0.181226 0.338873  0 0 20 0.180241 0.701763  0 2 26 0.149183 0.145182 
5000 23 0 4 0 0 18 3.57294 0.0500207 0.0234505 0.000295627 0.00563895 0.511481 1.28755 0.773501 0.137783 0.12816 0.558806 0 0 18 0.717957 1.35231  0 0 9 0.260347 0.872947  0 0 21 0.23874 0.809738  0 6 8 0.195848 0.773129  0 0 19 0.181226 0.338873 
5500 23 0 4 0 0 18 3.57294 0.0500207 0.026769 0.000295627 0.00563895 0.511481 1.28755 0.773501 0.137783 0.12816 0.558806 0 0 18 0.717957 1.35231  0 0 9 0.260347 0.872947  0 0 21 0.23874 0.809738  0 6 8 0.195848 0.773129  0 0 19 0.181226 0.338873 
6000 23 0 4 0 0 18 3.57294 0.0500207 0.0302055 0.000295627 0.00563895 0.511481 1.28755 0.773501 0.137783 0.12816 0.558806 0 0 18 0.717957 1.35231  0 2 19 0.642808 0.502865  0 0 9 0.260347 0.872947  0 0 21 0.23874 0.809738  0 6 8 0.195848 0.773129 
6500 23 0 4 0 0 23 3.57294 0.0500207 0.0351413 0.000295627 0.00563895 1.20204 1.75068 0.773501 0.137783 0.0351174 0.838963 0 0 18 0.717957 1.35231  0 2 19 0.642808 0.502865  0 0 22 0.53552 1.2281  0 0 23 0.419442 1.15001  0 0 9 0.260347 0.872947 
7000 23 0 4 0 0 22 3.57294 0.0500207 0.0412413 0.000295627 0.00563895 1.08838 1.62317 0.773501 0.137783 0.0826559 0.723449 0 0 9 0.817356 1.51852  0 0 18 0.717957 1.35231  0 2 19 0.642808 0.502865  0 0 22 0.53552 1.2281  0 0 5 0.487782 1.16403 
7500 4 0 23 0 0 22 3.65902 0.0368814 0.0471851 0.855209 1.56838 1.08838 1.62317 0.137249 0.787306 0.0826559 0.723449 0 0 9 0.817356 1.51852  0 2 20 0.787018 0.458872  0 0 18 0.717957 1.35231  0 2 19 0.642808 0.502865  0 0 22 0.53552 1.2281 
8000 4 0 23 0 0 22 3.65902 0.0368814 0.0549167 0.855209 1.56838 1.08838 1.62317 0.137249 0.787306 0.0826559 0.723449 0 0 9 0.817356 1.51852  0 2 20 0.787018 0.458872  0 0 18 0.717957 1.35231  0 2 19 0.642808 0.502865  0 0 22 0.53552 1.2281 
8500 4 0 23 0 0 18 3.65902 0.0368814 0.0630539 0.855209 1.56838 0.511481 1.28755 0.137249 0.787306 0.12816 0.558806 0 0 9 0.817356 1.51852  0 2 20 0.787018 0.458872  0 0 18 0.717957 1.35231  0 0 24 0.685781 1.39378  0 2 19 0.642808 0.502865 
9000 4 0 23 0 3 22 3.65902 0.0368814 0.0701022 0.855209 1.56838 1.18171 0.665448 0.137249 0.787306 0.00939349 0.801765 0 0 9 0.817356 1.51852  0 2 20 0.787018 0.458872  0 3 22 0.734112 0.705243  0 0 18 0.717957 1.35231  0 0 24 0.685781 1.39378 
9500 4 0 23 0 0 21 3.65902 0.0368814 0.0790559 0.855209 1.56838 1.44721 1.70385 0.137249 0.787306 0.105335 0.735612 0 0 9 0.817356 1.51852  0 2 20 0.787018 0.458872  0 3 22 0.734112 0.705243  0 0 18 0.717957 1.35231  0 0 21 0.704811 1.36419 
10000 4 0 23 0 0 21 3.67353 0.0525075 0.0877356 0.00152656 0.0159956 1.44721 1.70385 0.145658 0.76674 0.105335 0.735612 0 0 9 0.817356 1.51852  0 2 20 0.787018 0.458872  0 3 22 0.734112 0.705243  0 0 18 0.717957 1.35231  0 0 21 0.704811 1.36419 
10500 6 0 21 0 0 21 3.6883 0.0494765 0.0981971 0.00150532 0.0157831 1.44721 1.70385 0.20404 0.732793 0.105335 0.735612 0 0 9 0.817356 1.51852  0 2 20 0.787018 0.458872  0 3 22 0.734112 0.705243  0 0 18 0.717957 1.35231  0 0 21 0.704811 1.36419 
11000 6 0 21 0 0 21 3.6883 0.0494765 0.108433 0.00150532 0.0157831 1.44721 1.70385 0.20404 0.732793 0.105335 0.735612 0 0 9 0.817356 1.51852  0 2 20 0.787018 0.458872  0 3 22 0.734112 0.705243  0 0 18 0.717957 1.35231  0 0 21 0.704811 1.36419 
11500 4 0 23 0 3 22 3.78067 0.0526528 0.119993 0.00141431 0.0153142 1.18171 0.665448 0.143694 0.791341 0.00939349 0.801765 0 0 21 0.931184 1.50519  0 0 9 0.817356 1.51852  0 2 20 0.787018 0.458872  0 1 21 0.771345 0.253226  0 3 22 0.734112 0.705243 
12000 4 0 23 0 3 22 3.78067 0.0526528 0.128783 0.00141431 0.0153142 1.18171 0.665448 0.143694 0.791341 0.00939349 0.801765 0 0 21 0.931184 1.50519  0 0 9 0.817356 1.51852  0 2 20 0.787018 0.458872  0 1 21 0.771345 0.253226  0 3 22 0.734112 0.705243 
12500 4 0 23 0 2 23 3.78067 0.0526528 0.138617 0.00141431 0.0153142 2.72928 0.781146 0.143694 0.791341 0.0137747 0.842989 0 3 23 1.07101 0.82135  0 0 21 0.931184 1.50519  0 2 23 0.861519 1.17763  0 0 9 0.817356 1.51852  0 2 20 0.787018 0.458872 
13000 4 0 23 0 1 24 3.78067 0.0526528 0.149775 0.00141431 0.0153142 2.71723 1.41845 0.143694 0.791341 0.0231459 0.859877 0 1 24 2.90316 0.937136  0 3 23 1.07101 0.82135  0 0 21 0.931184 1.50519  0 3 15 0.887233 0.766586  0 1 23 0.866674 0.261316 
13500 4 0 23 0 1 24 3.78067 0.0526528 0.16485 0.00141431 0.0153142 2.71723 1.41845 0.143694 0.791341 0.0231459 0.859877 0 1 24 2.90316 0.937136  0 3 23 1.07101 0.82135  0 4 18 1.06207 0.707834  0 0 21 0.931184 1.50519  0 4 17 0.920178 0.734792 
14000 4 0 23 0 1 25 3.78067 0.0526528 0.176925 0.00141431 0.0153142 3.33368 0.483049 0.143694 0.791341 0.0347394 0.858028 0 1 25 3.03804 0.477458  0 1 24 2.90316 0.937136  0 0 25 2.88886 0.27479  0 3 23 1.07101 0.82135  0 4 18 1.06207 0.707834 
14500 4 0 23 0 1 25 3.78067 0.0526528 0.189627 0.00141431 0.0153142 3.33368 0.483049 0.143694 0.791341 0.0347394 0.858028 0 1 25 3.03804 0.477458  0 1 24 2.90316 0.937136  0 0 25 2.88886 0.27479  0 2 20 1.13748 0.411965  0 3 23 1.07101 0.82135 
15000 4 0 23 0 1 25 3.78067 0.0526528 0.201117 0.00141431 0.0153142 3.33368 0.483049 0.143694 0.791341 0.0347394 0.858028 0 1 25 3.03804 0.477458  0 1 24 2.90316 0.937136  0 0 25 2.88886 0.27479  0 2 22 1.45481 0.901739  0 2 20 1.13748 0.411965 
15500 4 0 23 0 1 25 3.78067 0.0526528 0.215021 0.00141431 0.0153142 3.33368 0.483049 0.143694 0.791341 0.0347394 0.858028 0 1 25 3.03804 0.477458  0 1 24 2.90316 0.937136  0 0 25 2.88886 0.27479  0 2 22 1.45481 0.901739  0 2 20 1.13748 0.411965 
16000 4 0 23 0 1 25 3.78067 0.0526528 0.228186 0.00141431 0.0153142 3.33368 0.483049 0.143694 0.791341 0.0347394 0.858028 0 1 25 3.03804 0.477458  0 1 24 2.90316 0.937136  0 0 25 2.88886 0.27479  0 2 23 1.63974 0.0514232  0 2 22 1.45481 0.901739 
16500 4 0 23 0 1 25 3.78067 0.0526528 0.239274 0.00141431 0.0153142 3.33368 0.483049 0.143694 0.791341 0.0347394 0.858028 0 1 25 3.03804 0.477458  0 1 24 2.97408 0.727076  0 0 25 2.88886 0.27479  0 3 22 1.99175 0.552577  0 1 22 1.94499 1.13876 
17000 4 0 23 0 1 25 3.78067 0.0526528 0.249937 0.00141431 0.0153142 3.33368 0.483049 0.143694 0.791341 0.0347394 0.858028 0 1 25 3.03804 0.477458  0 1 24 2.97408 0.727076  0 0 25 2.88886 0.27479  0 3 22 1.99175 0.552577  0 1 22 1.94499 1.13876 
17500 4 0 23 0 0 23 3.78067 0.0526528 0.260041 0.00141431 0.0153142 3.6299 0.3995 0.143694 0.791341 0.1042 0.816288 0 1 25 3.03804 0.477458  0 1 24 2.97408 0.727076  0 0 25 2.88886 0.27479  0 0 23 2.42635 1.46356  0 1 23 2.40393 0.616347 
18000 4 0 23 0 0 23 3.78067 0.0526528 0.269473 0.00141431 0.0153142 3.6299 0.3995 0.143694 0.791341 0.1042 0.816288 0 1 25 3.28051 0.624894  0 1 24 2.97408 0.727076  0 0 25 2.88886 0.27479  0 0 23 2.42635 1.46356  0 1 23 2.40393 0.616347 
18500 4 0 23 0 0 23 3.78067 0.0526528 0.279367 0.00141431 0.0153142 3.6299 0.3995 0.143694 0.791341 0.1042 0.816288 0 1 25 3.28051 0.624894  0 1 24 2.97408 0.727076  0 0 25 2.88886 0.27479  0 0 23 2.42635 1.46356  0 1 23 2.40393 0.616347 
19000 4 0 23 0 0 23 3.78067 0.0526528 0.288415 0.00141431 0.0153142 3.6299 0.3995 0.143694 0.791341 0.1042 0.816288 0 1 25 3.28051 0.624894  0 1 24 2.97408 0.727076  0 0 25 2.88886 0.27479  0 0 23 2.42635 1.46356  0 2 24 2.41357 0.430389 
19500 4 0 23 0 0 23 3.78067 0.0526528 0.297406 0.00141431 0.0153142 3.6299 0.3995 0.143694 0.791341 0.1042 0.816288 0 1 25 3.28051 0.624894  0 1 24 2.97408 0.727076  0 0 25 2.88886 0.27479  0 0 23 2.42635 1.46356  0 2 24 2.41357 0.430389 
20000 4 0 23 0 0 23 3.78067 0.0526528 0.30649 0.00141431 0.0153142 3.6299 0.3995 0.143694 0.791341 0.1042 0.816288 0 1 25 3.28051 0.624894  0 1 24 2.97408 0.727076  0 0 25 2.88886 0.27479  0 0 23 2.42635 1.46356  0 2 24 2.41357 0.430389 
