500 7 0 1 0 0 8 3.30218 0.0792366 0.0351836 0.00176023 0.0167708 0.00236609 0.0190895 0.761647 0.161816 0.225154 0.423148 0 0 8 0.0360224 0.089764  0 8 9 0.0340978 0.159982  0 9 9 0.028624 0.166217  0 7 9 0.0263996 0.107692  0 5 9 0.0253817 0.114127 
1000 7 0 1 0 0 8 3.64033 0.0582581 0.164426 0.000927846 0.0137589 0.320027 0.606087 0.759807 0.160367 0.0397882 0.778568 0 0 8 1.19955 0.0486855  0 0 2 0.801703 1.47633  0 0 5 0.111466 0.502259  0 0 4 0.101583 0.530714  0 0 9 0.0510071 0.231321 
1500 7 0 1 0 0 8 3.72291 0.0501207 0.374763 0.00148248 0.012345 0.49782 0.84093 0.755591 0.175391 0.0146347 0.867905 0 0 5 2.08055 1.69907  0 0 8 1.73826 0.43031  0 0 3 1.41455 1.68653  0 0 2 0.835739 1.4594  0 0 9 0.563622 0.786315 
2000 8 0 1 0 0 8 3.76606 0.0486397 0.507714 0.000555737 0.00739786 0.138091 0.65813 0.801069 0.129136 0.00891823 0.793043 0 0 8 2.97001 0.481263  0 0 5 2.08055 1.69907  0 0 3 1.41455 1.68653  0 0 2 0.96272 1.51853  0 1 4 0.898054 1.4383 
2500 8 0 1 0 0 8 3.76606 0.0486397 0.577836 0.000555737 0.00739786 2.72964 1.22635 0.801069 0.129136 0.113315 0.782483 0 0 8 3.12047 0.0458304  0 0 7 3.01459 0.0379552  0 0 5 2.08055 1.69907  0 0 3 1.41455 1.68653  0 0 6 1.34384 0.760155 
3000 8 0 1 0 0 8 3.76606 0.0486397 0.654796 0.000555737 0.00739786 2.72964 1.22635 0.801069 0.129136 0.113315 0.782483 0 0 7 3.32639 0.0521588  0 0 8 3.12047 0.0458304  0 0 6 2.6034 1.44717  0 0 9 2.42124 0.837484  0 0 5 2.08055 1.69907 
3500 8 0 1 0 0 9 3.76606 0.0486397 0.69535 0.000555737 0.00739786 2.29555 1.06588 0.801069 0.129136 0.00627248 0.903856 0 0 8 3.64585 0.0503654  0 0 7 3.32639 0.0521588  0 0 6 2.6034 1.44717  0 0 9 2.42124 0.837484  0 0 5 2.08055 1.69907 
4000 8 0 1 0 0 9 3.76606 0.0486397 0.732625 0.000555737 0.00739786 2.29555 1.06588 0.801069 0.129136 0.00627248 0.903856 0 0 8 3.6607 0.0486359  0 0 7 3.32639 0.0521588  0 0 6 2.6034 1.44717  0 0 9 2.42124 0.837484  0 0 5 2.08055 1.69907 
4500 7 0 1 0 0 9 3.77199 0.0513366 0.76855 0.00137414 0.0156466 2.29555 1.06588 0.764423 0.172985 0.00627248 0.903856 0 0 8 3.69814 0.047389  0 0 7 3.32639 0.0521588  0 0 6 2.6034 1.44717  0 0 9 2.42124 0.837484  0 0 5 2.08055 1.69907 
5000 7 0 1 0 0 9 3.77199 0.0513366 0.8052 0.00137414 0.0156466 2.29555 1.06588 0.764423 0.172985 0.00627248 0.903856 0 0 8 3.69814 0.047389  0 0 7 3.32639 0.0521588  0 0 6 2.6034 1.44717  0 0 9 2.42124 0.837484  0 0 5 2.24832 1.60666 
5500 7 0 1 0 0 9 3.77199 0.0513366 0.832591 0.00137414 0.0156466 2.29555 1.06588 0.764423 0.172985 0.00627248 0.903856 0 0 8 3.69814 0.047389  0 0 7 3.38933 0.048477  0 0 6 2.6034 1.44717  0 0 9 2.42124 0.837484  0 0 5 2.24832 1.60666 
6000 7 0 1 0 0 9 3.77199 0.0513366 0.860435 0.00137414 0.0156466 2.29555 1.06588 0.764423 0.172985 0.00627248 0.903856 0 0 8 3.69814 0.047389  0 0 7 3.38933 0.048477  0 0 6 2.6034 1.44717  0 0 9 2.42124 0.837484  0 0 5 2.24832 1.60666 
6500 7 0 1 0 0 9 3.77199 0.0513366 0.877927 0.00137414 0.0156466 2.29555 1.06588 0.764423 0.172985 0.00627248 0.903856 0 0 8 3.69814 0.047389  0 0 7 3.38933 0.048477  0 0 6 2.6034 1.44717  0 0 9 2.42124 0.837484  0 0 5 2.24832 1.60666 
7000 7 0 1 0 0 9 3.77199 0.0513366 0.889714 0.00137414 0.0156466 2.29555 1.06588 0.764423 0.172985 0.00627248 0.903856 0 0 8 3.72707 0.0502421  0 0 7 3.38933 0.048477  0 0 6 2.6034 1.44717  0 0 9 2.42124 0.837484  0 0 5 2.24832 1.60666 
7500 6 0 2 0 0 9 3.77225 0.0470238 0.909753 0.00160492 0.0159688 2.29555 1.06588 0.673289 0.257021 0.00627248 0.903856 0 0 8 3.72707 0.0502421  0 0 7 3.38933 0.048477  0 0 6 2.6034 1.44717  0 0 5 2.44107 1.5276  0 0 9 2.42124 0.837484 
8000 6 0 2 0 0 9 3.77225 0.0470238 0.924059 0.00160492 0.0159688 2.29555 1.06588 0.673289 0.257021 0.00627248 0.903856 0 0 8 3.72707 0.0502421  0 0 7 3.43953 1.01866  0 0 6 2.6034 1.44717  0 0 5 2.44107 1.5276  0 0 9 2.42124 0.837484 
8500 6 0 2 0 0 9 3.77225 0.0470238 0.936212 0.00160492 0.0159688 2.29555 1.06588 0.673289 0.257021 0.00627248 0.903856 0 0 8 3.72707 0.0502421  0 0 7 3.43953 1.01866  0 0 6 2.6034 1.44717  0 0 5 2.44107 1.5276  0 0 9 2.42124 0.837484 
9000 7 0 1 0 0 9 3.7741 0.046505 0.947036 0.00160492 0.0159688 2.29555 1.06588 0.734241 0.197049 0.00627248 0.903856 0 0 8 3.74423 0.0441052  0 0 7 3.43953 1.01866  0 0 6 2.60617 1.43356  0 0 5 2.44107 1.5276  0 0 9 2.42124 0.837484 
9500 8 0 0 0 0 9 3.77522 0.0433623 0.956166 0.00176023 0.0167708 2.29555 1.06588 0.863287 0.0660113 0.00627248 0.903856 0 0 8 3.74989 0.0567354  0 0 7 3.43953 1.01866  0 0 6 2.60617 1.43356  0 0 5 2.44107 1.5276  0 0 9 2.42124 0.837484 
10000 8 0 0 0 0 9 3.77522 0.0433623 0.970676 0.00176023 0.0167708 2.29555 1.06588 0.863287 0.0660113 0.00627248 0.903856 0 0 8 3.74989 0.0567354  0 0 7 3.43953 1.01866  0 0 6 2.67692 1.34673  0 0 5 2.44107 1.5276  0 0 9 2.42124 0.837484 
10500 8 0 0 0 0 9 3.77522 0.0433623 0.980778 0.00176023 0.0167708 2.29555 1.06588 0.863287 0.0660113 0.00627248 0.903856 0 0 8 3.74989 0.0567354  0 0 7 3.43953 1.01866  0 0 6 2.67692 1.34673  0 0 5 2.44107 1.5276  0 0 9 2.42124 0.837484 
11000 8 0 0 0 0 9 3.77522 0.0433623 0.990419 0.00176023 0.0167708 2.89799 0.768909 0.863287 0.0660113 0.0140261 0.91066 0 0 8 3.74989 0.0567354  0 0 7 3.43953 1.01866  0 0 9 3.0232 0.0647513  0 0 6 2.67692 1.34673  0 1 8 2.50005 1.24151 
11500 8 0 0 0 0 9 3.77522 0.0433623 1.00136 0.00176023 0.0167708 2.89799 0.768909 0.863287 0.0660113 0.0140261 0.91066 0 0 8 3.74989 0.0567354  0 0 7 3.43953 1.01866  0 0 9 3.0232 0.0647513  0 0 6 2.67692 1.34673  0 1 8 2.50005 1.24151 
12000 8 0 0 0 0 9 3.77522 0.0433623 1.00591 0.00176023 0.0167708 2.89799 0.768909 0.863287 0.0660113 0.0140261 0.91066 0 0 8 3.74989 0.0567354  0 0 7 3.43953 1.01866  0 0 9 3.0232 0.0647513  0 0 6 2.67692 1.34673  0 1 8 2.50005 1.24151 
12500 8 0 0 0 0 9 3.77522 0.0433623 1.01524 0.00176023 0.0167708 2.89799 0.768909 0.863287 0.0660113 0.0140261 0.91066 0 0 8 3.74989 0.0567354  0 0 7 3.43953 1.01866  0 0 9 3.0232 0.0647513  0 0 6 2.67692 1.34673  0 1 8 2.50005 1.24151 
13000 8 0 0 0 0 9 3.77522 0.0433623 1.02408 0.00176023 0.0167708 2.89799 0.768909 0.863287 0.0660113 0.0140261 0.91066 0 0 8 3.74989 0.0567354  0 0 7 3.43953 1.01866  0 0 9 3.0232 0.0647513  0 0 6 2.9357 1.41208  0 0 5 2.65208 1.68076 
13500 1 0 7 0 0 9 3.77582 0.0590507 1.03032 0.00151812 0.015891 2.46717 1.2665 0.142961 0.788883 0.00685955 0.92408 0 0 8 3.74989 0.0567354  0 0 7 3.43953 1.01866  0 0 9 3.05849 0.0570477  0 0 6 2.9357 1.41208  0 0 5 2.65208 1.68076 
14000 1 0 7 0 0 9 3.77582 0.0590507 1.03441 0.00151812 0.015891 3.07209 0.409041 0.142961 0.788883 0.00726431 0.932982 0 0 8 3.74989 0.0567354  0 0 7 3.43953 1.01866  0 0 9 3.06663 0.0608971  0 0 6 2.9357 1.41208  0 0 5 2.65208 1.68076 
14500 8 0 0 0 0 9 3.77765 0.0393622 1.03871 0.00176023 0.0167708 3.07209 0.409041 0.875769 0.0500936 0.00726431 0.932982 0 0 8 3.74989 0.0567354  0 0 7 3.43953 1.01866  0 0 9 3.06663 0.0608971  0 0 6 2.9357 1.41208  0 0 5 2.65208 1.68076 
15000 8 0 0 0 0 9 3.77765 0.0393622 1.04413 0.00176023 0.0167708 1.59963 1.73156 0.875769 0.0500936 0.023361 0.911768 0 0 8 3.74989 0.0567354  0 0 7 3.43953 1.01866  0 0 9 3.15684 0.905357  0 0 6 2.9357 1.41208  0 0 5 2.65208 1.68076 
15500 8 0 0 0 0 9 3.77765 0.0393622 1.04593 0.00176023 0.0167708 1.59963 1.73156 0.875769 0.0500936 0.023361 0.911768 0 0 8 3.74989 0.0567354  0 0 7 3.43953 1.01866  0 0 9 3.15684 0.905357  0 0 6 2.9357 1.41208  0 0 5 2.65208 1.68076 
16000 8 0 0 0 0 9 3.77765 0.0393622 1.04871 0.00176023 0.0167708 1.59963 1.73156 0.875769 0.0500936 0.023361 0.911768 0 0 8 3.74989 0.0567354  0 0 7 3.43953 1.01866  0 0 9 3.15684 0.905357  0 0 6 2.9357 1.41208  0 0 5 2.65208 1.68076 
16500 8 0 0 0 0 9 3.78365 0.0491723 1.05133 0.00176023 0.0167708 1.59963 1.73156 0.878608 0.0490111 0.023361 0.911768 0 0 8 3.74989 0.0567354  0 0 7 3.43953 1.01866  0 0 9 3.15684 0.905357  0 0 6 2.9357 1.41208  0 0 5 2.65208 1.68076 
17000 8 0 0 0 0 9 3.78365 0.0491723 1.05931 0.00176023 0.0167708 1.59963 1.73156 0.878608 0.0490111 0.023361 0.911768 0 0 8 3.74989 0.0567354  0 0 7 3.43953 1.01866  0 0 9 3.15684 0.905357  0 0 6 2.9357 1.41208  0 1 8 2.89823 1.46126 
17500 8 0 0 0 0 9 3.78365 0.0491723 1.06636 0.00176023 0.0167708 1.59963 1.73156 0.878608 0.0490111 0.023361 0.911768 0 0 8 3.74989 0.0567354  0 0 7 3.43953 1.01866  0 0 9 3.15684 0.905357  0 0 6 2.9357 1.41208  0 1 8 2.89823 1.46126 
18000 8 0 0 0 0 9 3.78365 0.0491723 1.07262 0.00176023 0.0167708 1.59963 1.73156 0.878608 0.0490111 0.023361 0.911768 0 0 8 3.7518 0.0429916  0 0 7 3.43953 1.01866  0 0 9 3.15684 0.905357  0 0 6 2.9357 1.41208  0 1 8 2.89823 1.46126 
18500 8 0 0 0 0 9 3.78365 0.0491723 1.07631 0.00176023 0.0167708 1.59963 1.73156 0.878608 0.0490111 0.023361 0.911768 0 0 8 3.7518 0.0429916  0 0 7 3.43953 1.01866  0 0 9 3.15684 0.905357  0 0 6 2.9357 1.41208  0 1 8 2.89823 1.46126 
19000 8 0 0 0 0 9 3.78365 0.0491723 1.08084 0.00176023 0.0167708 1.59963 1.73156 0.878608 0.0490111 0.023361 0.911768 0 0 8 3.7518 0.0429916  0 0 7 3.43953 1.01866  0 0 9 3.15684 0.905357  0 0 6 2.9357 1.41208  0 1 8 2.89823 1.46126 
19500 8 0 0 0 0 9 3.78365 0.0491723 1.08317 0.00176023 0.0167708 1.59963 1.73156 0.878608 0.0490111 0.023361 0.911768 0 0 8 3.7518 0.0429916  0 0 7 3.43953 1.01866  0 1 8 3.16622 1.32429  0 0 9 3.15684 0.905357  0 0 6 2.9357 1.41208 
20000 8 0 0 0 0 9 3.78365 0.0491723 1.09041 0.00176023 0.0167708 1.88456 1.74593 0.878608 0.0490111 0.0266581 0.892712 0 0 8 3.7518 0.0429916  0 0 7 3.43953 1.01866  0 0 9 3.42763 0.0583413  0 1 8 3.16622 1.32429  0 0 6 2.9357 1.41208 
