500 4 0 9 0 0 13 3.18055 0.0723331 0.0183572 0.0643253 0.420482 0.00332697 0.0217109 0.310405 0.603469 0.0866688 0.868377 0 0 5 0.179455 0.699235  0 2 5 0.099827 0.567352  0 0 13 0.0401037 0.0774406  0 13 14 0.0291376 0.140804  0 8 13 0.0280658 0.202292 
1000 8 0 6 0 0 11 3.51066 0.0651974 0.0543787 0.00174296 0.0137941 1.17251 1.57188 0.548379 0.403733 0.0879431 0.765803 0 0 11 1.20722 1.53247  0 0 5 1.12296 1.59899  0 0 12 0.871351 0.206914  0 0 10 0.698019 1.37636  0 0 4 0.22478 0.835806 
1500 9 0 4 0 0 8 3.63612 0.0417019 0.117954 0.00144715 0.0160339 2.06308 0.964256 0.619317 0.321532 0.357637 0.5594 0 0 12 1.93904 0.200768  0 0 5 1.34959 1.68322  0 0 10 1.26256 1.57258  0 0 11 1.20722 1.53247  0 0 8 0.538083 1.07551 
2000 9 0 4 0 0 12 3.63612 0.0417019 0.234544 0.00144715 0.0160339 3.52817 0.672857 0.619317 0.321532 0.132735 0.773497 0 0 12 3.53658 0.105673  0 0 11 1.99118 0.204751  0 1 11 1.91263 0.453485  0 0 8 1.57866 1.79727  0 0 5 1.54263 1.70628 
2500 10 0 3 0 0 11 3.64978 0.312767 0.325225 0.00135679 0.0160906 3.59181 0.382554 0.724866 0.207938 0.158013 0.76254 0 0 12 3.53658 0.105673  0 0 11 3.37467 0.690233  0 2 10 1.92912 0.359264  0 1 11 1.91263 0.453485  0 2 11 1.61672 0.635894 
3000 10 0 3 0 0 11 3.64978 0.312767 0.39687 0.00135679 0.0160906 3.59181 0.382554 0.724866 0.207938 0.158013 0.76254 0 0 12 3.53658 0.105673  0 0 11 3.37467 0.690233  0 0 9 2.42125 1.71235  0 0 10 1.9861 1.43792  0 2 10 1.92912 0.359264 
3500 10 0 3 0 0 11 3.64978 0.312767 0.44216 0.00135679 0.0160906 3.59181 0.382554 0.724866 0.207938 0.158013 0.76254 0 0 12 3.53658 0.105673  0 0 11 3.37467 0.690233  0 0 9 2.42125 1.71235  0 2 11 2.08645 0.721049  0 0 7 2.00417 1.79288 
4000 7 0 6 0 0 11 3.66969 0.0468796 0.488649 0.00145716 0.0160511 3.59181 0.382554 0.51871 0.422698 0.158013 0.76254 0 0 12 3.53658 0.105673  0 0 11 3.37467 0.690233  0 0 9 2.42125 1.71235  0 0 7 2.12094 1.70113  0 2 11 2.09811 0.416536 
4500 8 0 5 0 0 11 3.69082 0.0483102 0.530159 0.00160492 0.0159688 3.59181 0.382554 0.578222 0.361354 0.158013 0.76254 0 0 12 3.59674 0.195767  0 0 11 3.37467 0.690233  0 0 10 2.705 1.4394  0 0 9 2.42125 1.71235  0 1 11 2.17075 0.1928 
5000 8 0 5 0 0 11 3.69082 0.0483102 0.565746 0.00160492 0.0159688 3.59181 0.382554 0.578222 0.361354 0.158013 0.76254 0 0 12 3.59674 0.195767  0 0 11 3.37467 0.690233  0 0 10 2.705 1.4394  0 0 9 2.42125 1.71235  0 1 10 2.26526 1.12122 
5500 8 0 5 0 0 11 3.69082 0.0483102 0.599906 0.00160492 0.0159688 3.59181 0.382554 0.578222 0.361354 0.158013 0.76254 0 0 12 3.59674 0.195767  0 0 11 3.37467 0.690233  0 0 10 2.705 1.4394  0 0 9 2.70336 1.61847  0 1 10 2.26526 1.12122 
6000 12 0 1 0 0 12 3.75351 0.0389471 0.636908 0.00470147 0.0290228 3.68712 0.396931 0.838169 0.0847943 0.203896 0.751505 0 0 12 3.64992 0.3236  0 0 11 3.37467 0.690233  0 0 10 2.705 1.4394  0 0 9 2.70336 1.61847  0 1 10 2.26526 1.12122 
6500 12 0 1 0 0 11 3.75351 0.0389471 0.663208 0.00470147 0.0290228 3.59181 0.382554 0.838169 0.0847943 0.158013 0.76254 0 0 12 3.67808 0.0797978  0 0 11 3.37467 0.690233  0 0 10 2.705 1.4394  0 0 9 2.70336 1.61847  0 1 10 2.26526 1.12122 
7000 12 0 1 0 0 11 3.75351 0.0389471 0.688941 0.00470147 0.0290228 3.59181 0.382554 0.838169 0.0847943 0.158013 0.76254 0 0 12 3.67808 0.0797978  0 0 11 3.37467 0.690233  0 0 10 2.705 1.4394  0 0 9 2.70336 1.61847  0 1 11 2.3195 0.0719572 
7500 12 0 1 0 0 11 3.75351 0.0389471 0.710359 0.00470147 0.0290228 3.59181 0.382554 0.838169 0.0847943 0.158013 0.76254 0 0 12 3.67808 0.0797978  0 0 11 3.37467 0.690233  0 0 13 2.95823 0.274413  0 0 10 2.705 1.4394  0 0 9 2.70336 1.61847 
8000 12 0 1 0 0 11 3.75351 0.0389471 0.735964 0.00470147 0.0290228 3.59181 0.382554 0.838169 0.0847943 0.158013 0.76254 0 0 12 3.67808 0.0797978  0 0 11 3.37467 0.690233  0 0 13 2.95823 0.274413  0 0 9 2.84019 1.53078  0 0 10 2.74683 1.52337 
8500 12 0 1 0 0 11 3.75351 0.0389471 0.75225 0.00470147 0.0290228 3.59181 0.382554 0.838169 0.0847943 0.158013 0.76254 0 0 12 3.68286 0.0766596  0 0 11 3.37467 0.690233  0 0 13 2.95823 0.274413  0 0 9 2.84019 1.53078  0 0 10 2.74683 1.52337 
9000 12 0 1 0 0 11 3.75351 0.0389471 0.771859 0.00470147 0.0290228 3.59181 0.382554 0.838169 0.0847943 0.158013 0.76254 0 0 12 3.68286 0.0766596  0 0 11 3.37467 0.690233  0 0 13 2.95823 0.274413  0 0 9 2.84019 1.53078  0 0 10 2.74683 1.52337 
9500 12 0 1 0 0 11 3.75351 0.0389471 0.786726 0.00470147 0.0290228 3.59181 0.382554 0.838169 0.0847943 0.158013 0.76254 0 0 12 3.68286 0.0766596  0 0 11 3.37467 0.690233  0 0 13 2.95823 0.274413  0 0 9 2.84019 1.53078  0 0 10 2.74683 1.52337 
10000 12 0 1 0 0 11 3.75351 0.0389471 0.802344 0.00470147 0.0290228 3.59181 0.382554 0.838169 0.0847943 0.158013 0.76254 0 0 12 3.68286 0.0766596  0 0 11 3.37467 0.690233  0 0 13 2.95823 0.274413  0 0 9 2.84019 1.53078  0 0 10 2.74683 1.52337 
10500 12 0 1 0 0 11 3.75351 0.0389471 0.818715 0.00470147 0.0290228 3.59181 0.382554 0.838169 0.0847943 0.158013 0.76254 0 0 12 3.68286 0.0766596  0 0 11 3.37467 0.690233  0 0 13 2.95823 0.274413  0 0 10 2.936 1.43254  0 0 9 2.84019 1.53078 
11000 12 0 1 0 0 11 3.75351 0.0389471 0.835254 0.00470147 0.0290228 3.59181 0.382554 0.838169 0.0847943 0.158013 0.76254 0 0 12 3.69222 0.0794131  0 0 11 3.37467 0.690233  0 0 13 2.95823 0.274413  0 0 10 2.936 1.43254  0 0 9 2.84019 1.53078 
11500 12 0 1 0 0 11 3.75351 0.0389471 0.844092 0.00470147 0.0290228 3.59181 0.382554 0.838169 0.0847943 0.158013 0.76254 0 0 12 3.69222 0.0794131  0 0 11 3.37467 0.690233  0 0 13 2.95823 0.274413  0 0 10 2.936 1.43254  0 0 9 2.84019 1.53078 
12000 12 0 1 0 0 11 3.75351 0.0389471 0.857104 0.00470147 0.0290228 3.59181 0.382554 0.838169 0.0847943 0.158013 0.76254 0 0 12 3.69222 0.0794131  0 0 11 3.37467 0.690233  0 0 13 2.95823 0.274413  0 0 10 2.936 1.43254  0 0 9 2.84019 1.53078 
12500 9 0 4 0 0 11 3.75982 0.0496796 0.868995 0.00160492 0.0159688 3.59181 0.382554 0.653882 0.274626 0.158013 0.76254 0 0 12 3.69222 0.0794131  0 0 11 3.37467 0.690233  0 0 13 2.95823 0.274413  0 0 10 2.936 1.43254  0 0 9 2.84019 1.53078 
13000 9 0 4 0 0 11 3.75982 0.0496796 0.877096 0.00160492 0.0159688 3.59181 0.382554 0.653882 0.274626 0.158013 0.76254 0 0 12 3.69222 0.0794131  0 0 11 3.37467 0.690233  0 0 13 2.95823 0.274413  0 0 10 2.936 1.43254  0 0 9 2.84019 1.53078 
13500 9 0 4 0 0 11 3.75982 0.0496796 0.88864 0.00160492 0.0159688 3.59181 0.382554 0.653882 0.274626 0.158013 0.76254 0 0 12 3.69222 0.0794131  0 0 11 3.37467 0.690233  0 0 13 2.95823 0.274413  0 0 10 2.936 1.43254  0 0 9 2.84019 1.53078 
14000 10 0 3 0 0 11 3.76781 0.0522797 0.899876 -0.000532382 0.0171109 3.59181 0.382554 0.675626 0.260313 0.158013 0.76254 0 0 12 3.69222 0.0794131  0 0 11 3.37467 0.690233  0 0 13 3.2868 0.059353  0 0 10 2.936 1.43254  0 0 9 2.84019 1.53078 
14500 10 0 3 0 0 13 3.76781 0.0522797 0.907324 -0.000532382 0.0171109 2.77433 1.22306 0.675626 0.260313 0.0238326 0.874221 0 0 12 3.69222 0.0794131  0 0 11 3.44013 0.815679  0 0 13 3.2868 0.059353  0 0 10 2.936 1.43254  0 0 9 2.84019 1.53078 
15000 10 0 3 0 0 13 3.76781 0.0522797 0.916209 -0.000532382 0.0171109 3.33491 1.09018 0.675626 0.260313 0.0702396 0.838034 0 0 12 3.69222 0.0794131  0 0 13 3.50847 0.112211  0 0 11 3.44013 0.815679  0 0 10 2.936 1.43254  0 0 9 2.91708 1.41629 
15500 10 0 3 0 0 13 3.76781 0.0522797 0.928428 -0.000532382 0.0171109 1.00192 1.65131 0.675626 0.260313 0.0224538 0.8523 0 0 12 3.70297 0.0566333  0 0 13 3.57744 0.053734  0 0 11 3.44013 0.815679  0 0 10 2.936 1.43254  0 0 9 2.91708 1.41629 
16000 10 0 3 0 0 13 3.76781 0.0522797 0.937 -0.000532382 0.0171109 1.00192 1.65131 0.675626 0.260313 0.0224538 0.8523 0 0 12 3.70297 0.0566333  0 0 13 3.57744 0.053734  0 0 11 3.44013 0.815679  0 0 10 2.936 1.43254  0 0 9 2.91708 1.41629 
16500 10 0 3 0 0 13 3.76781 0.0522797 0.94419 -0.000532382 0.0171109 0.865394 1.58715 0.675626 0.260313 0.023684 0.849955 0 0 12 3.70297 0.0566333  0 0 13 3.70099 0.0541008  0 0 11 3.44013 0.815679  0 0 10 2.936 1.43254  0 0 9 2.91708 1.41629 
17000 10 0 3 0 0 13 3.76781 0.0522797 0.952577 -0.000532382 0.0171109 0.865394 1.58715 0.675626 0.260313 0.023684 0.849955 0 0 12 3.71263 0.047295  0 0 13 3.70099 0.0541008  0 0 11 3.44013 0.815679  0 0 10 2.936 1.43254  0 0 9 2.91708 1.41629 
17500 10 0 3 0 0 12 3.76781 0.0522797 0.962188 -0.000532382 0.0171109 0.88188 1.58723 0.675626 0.260313 0.0370653 0.776165 0 0 12 3.71284 0.0607537  0 0 13 3.70099 0.0541008  0 0 11 3.44013 0.815679  0 0 10 2.936 1.43254  0 0 9 2.91708 1.41629 
18000 10 0 3 0 0 12 3.76781 0.0522797 0.970757 -0.000532382 0.0171109 0.88188 1.58723 0.675626 0.260313 0.0370653 0.776165 0 0 12 3.71284 0.0607537  0 0 13 3.70099 0.0541008  0 0 11 3.44013 0.815679  0 0 10 2.936 1.43254  0 0 9 2.91708 1.41629 
18500 10 0 3 0 0 12 3.76781 0.0522797 0.979748 -0.000532382 0.0171109 0.88188 1.58723 0.675626 0.260313 0.0370653 0.776165 0 0 12 3.71284 0.0607537  0 0 13 3.70099 0.0541008  0 0 11 3.44013 0.815679  0 0 10 2.936 1.43254  0 0 9 2.91708 1.41629 
19000 10 0 3 0 0 12 3.76781 0.0522797 0.988611 -0.000532382 0.0171109 0.88188 1.58723 0.675626 0.260313 0.0370653 0.776165 0 0 12 3.71284 0.0607537  0 0 13 3.70099 0.0541008  0 0 11 3.44013 0.815679  0 0 10 2.936 1.43254  0 0 9 2.91708 1.41629 
19500 10 0 3 0 0 12 3.76781 0.0522797 0.99721 -0.000532382 0.0171109 0.88188 1.58723 0.675626 0.260313 0.0370653 0.776165 0 0 12 3.71284 0.0607537  0 0 13 3.70099 0.0541008  0 0 11 3.44013 0.815679  0 0 10 2.936 1.43254  0 0 9 2.91708 1.41629 
20000 10 0 3 0 0 12 3.76781 0.0522797 1.00263 -0.000532382 0.0171109 0.88188 1.58723 0.675626 0.260313 0.0370653 0.776165 0 0 12 3.71284 0.0607537  0 0 13 3.70099 0.0541008  0 0 11 3.44013 0.815679  0 0 10 2.936 1.43254  0 0 9 2.91708 1.41629 
