500 4 0 9 0 11 14 2.81464 0.0325334 0.0135704 2.65613 0.974782 0.00160492 0.0159688 0.325221 0.605341 0.984818 0.751793 0 11 14 0.0322372 0.180241  0 7 12 0.0265671 0.120659  0 10 14 0.0252996 0.165884  0 6 14 0.0238984 0.1339  0 12 14 0.0234049 0.115841 
1000 4 0 9 0 0 12 3.09009 0.0450439 0.0220202 0.000780463 0.0215127 0.056884 0.377854 0.327028 0.601434 0.0121401 0.832772 0 11 14 0.0322372 0.180241  0 0 12 0.031209 0.224127  0 5 6 0.0297217 0.218334  0 7 12 0.0265671 0.120659  0 10 14 0.0252996 0.165884 
1500 6 0 7 0 0 10 3.3986 0.044532 0.0425409 -3.58647e-05 0.0233262 1.65573 1.34453 0.452116 0.494836 0.186217 0.798186 0 0 10 0.727421 1.19621  0 9 12 0.601279 1.14241  0 0 12 0.179992 0.188124  0 8 11 0.168185 0.640211  0 0 8 0.0864054 0.365784 
2000 11 0 2 0 0 10 3.63295 0.0551915 0.0935536 0.00102436 0.0125041 1.65573 1.34453 0.766813 0.138621 0.186217 0.798186 0 0 10 0.727421 1.19621  0 3 11 0.672732 1.16466  0 9 12 0.601279 1.14241  0 0 4 0.464673 1.08189  0 2 10 0.440362 1.06771 
2500 12 0 1 0 0 10 3.70349 0.277094 0.150918 0.000681992 0.00753322 1.65573 1.34453 0.827202 0.0936195 0.186217 0.798186 0 2 10 1.39651 1.06419  0 0 10 0.727421 1.19621  0 3 11 0.672732 1.16466  0 1 8 0.665539 1.25712  0 2 6 0.660466 0.685166 
3000 11 0 2 0 0 10 3.72145 0.0663746 0.213267 0.00106516 0.0105982 2.22146 0.32907 0.779655 0.143269 0.0706269 0.787687 0 1 11 1.90053 0.409323  0 2 10 1.39651 1.06419  0 0 10 1.36671 0.97299  0 3 11 1.07812 0.905199  0 1 8 0.985885 1.10816 
3500 11 0 2 0 0 10 3.72145 0.0663746 0.281705 0.00106516 0.0105982 2.22146 0.32907 0.779655 0.143269 0.0706269 0.787687 0 1 11 1.90053 0.409323  0 2 11 1.65283 0.687518  0 2 10 1.39651 1.06419  0 0 10 1.36671 0.97299  0 2 12 1.24067 0.843688 
4000 12 0 1 0 1 11 3.72618 0.0499519 0.34354 0.000302309 0.00539385 2.1131 0.344177 0.826317 0.0947051 0.0456914 0.799697 0 1 11 2.01097 0.188149  0 2 10 1.78103 0.634241  0 1 10 1.70898 0.703643  0 2 11 1.69348 0.673281  0 2 9 1.50577 0.597004 
4500 12 0 1 0 1 10 3.74003 0.0481997 0.39341 0.00113812 0.0128283 2.82559 0.756202 0.847142 0.0729559 0.0350311 0.818158 0 1 11 2.01097 0.188149  0 2 10 1.78103 0.634241  0 1 10 1.71028 1.25951  0 2 11 1.69348 0.673281  0 2 9 1.50577 0.597004 
5000 12 0 0 0 1 11 3.75647 0.0467953 0.449407 0.00113812 0.0128283 2.29757 1.22067 0.863082 0.0656366 0.0335115 0.781987 0 1 11 2.38401 0.77237  0 2 10 1.78103 0.634241  0 1 10 1.74875 0.655951  0 0 12 1.70019 0.908568  0 2 11 1.69348 0.673281 
5500 12 0 0 0 1 10 3.75647 0.0467953 0.494318 0.00113812 0.0128283 2.93929 0.794998 0.863082 0.0656366 0.107353 0.751791 0 1 11 2.38401 0.77237  0 1 10 1.89518 1.14078  0 2 10 1.78103 0.634241  0 0 5 1.70553 1.75397  0 1 9 1.70303 1.13401 
6000 12 0 0 0 1 10 3.75647 0.0467953 0.53137 0.00113812 0.0128283 2.93929 0.794998 0.863082 0.0656366 0.107353 0.751791 0 1 11 2.38401 0.77237  0 1 10 1.89518 1.14078  0 0 9 1.81926 1.03624  0 2 10 1.78103 0.634241  0 0 5 1.70553 1.75397 
6500 12 0 0 0 1 10 3.75647 0.0467953 0.567577 0.00113812 0.0128283 2.93929 0.794998 0.863082 0.0656366 0.107353 0.751791 0 0 12 3.69655 0.0675817  0 0 10 2.93219 1.41134  0 1 11 2.38401 0.77237  0 1 10 1.89518 1.14078  0 2 10 1.86169 0.536893 
7000 12 0 0 0 1 10 3.75647 0.0467953 0.598358 0.00113812 0.0128283 2.93929 0.794998 0.863082 0.0656366 0.107353 0.751791 0 0 12 3.69655 0.0675817  0 0 10 2.93219 1.41134  0 1 11 2.38401 0.77237  0 1 10 1.89518 1.14078  0 2 11 1.8675 0.510906 
7500 12 0 1 0 1 11 3.75882 0.127673 0.626404 0.00342061 0.0394535 3.0895 0.359 0.803476 0.125866 0.0659203 0.808246 0 0 12 3.69655 0.0675817  0 0 10 2.93219 1.41134  0 0 11 2.71919 0.908478  0 1 11 2.49541 0.503917  0 1 10 1.89518 1.14078 
8000 12 0 1 0 1 11 3.75882 0.127673 0.652133 0.00342061 0.0394535 3.0895 0.359 0.803476 0.125866 0.0659203 0.808246 0 0 12 3.69655 0.0675817  0 0 10 2.93219 1.41134  0 0 11 2.71919 0.908478  0 1 11 2.49541 0.503917  0 0 7 2.12326 1.82422 
8500 12 0 1 0 1 10 3.75882 0.127673 0.677612 0.00342061 0.0394535 3.26608 0.824732 0.803476 0.125866 0.0647852 0.807542 0 0 12 3.69655 0.0675817  0 0 10 2.93219 1.41134  0 0 11 2.71919 0.908478  0 1 11 2.49541 0.503917  0 1 10 2.30849 0.831604 
9000 12 0 1 0 1 10 3.75882 0.127673 0.703512 0.00342061 0.0394535 3.26608 0.824732 0.803476 0.125866 0.0647852 0.807542 0 0 12 3.69655 0.0675817  0 0 10 2.93219 1.41134  0 0 11 2.71919 0.908478  0 1 11 2.49541 0.503917  0 1 10 2.30849 0.831604 
9500 12 0 1 0 1 11 3.75882 0.127673 0.72727 0.00342061 0.0394535 3.0895 0.359 0.803476 0.125866 0.0659203 0.808246 0 0 12 3.69655 0.0675817  0 0 11 3.41413 0.925108  0 0 10 2.93219 1.41134  0 1 11 2.49541 0.503917  0 0 8 2.38468 1.72539 
10000 12 0 1 0 1 11 3.75882 0.127673 0.749842 0.00342061 0.0394535 3.0895 0.359 0.803476 0.125866 0.0659203 0.808246 0 0 12 3.69655 0.0675817  0 0 11 3.41413 0.925108  0 0 10 2.93219 1.41134  0 1 11 2.49541 0.503917  0 0 9 2.46383 1.61809 
10500 12 0 1 0 1 11 3.75882 0.127673 0.772301 0.00342061 0.0394535 3.0895 0.359 0.803476 0.125866 0.0659203 0.808246 0 0 12 3.69655 0.0675817  0 0 11 3.41413 0.925108  0 0 10 2.93219 1.41134  0 1 12 2.84184 0.339855  0 1 11 2.49541 0.503917 
11000 12 0 1 0 1 11 3.75882 0.127673 0.792086 0.00342061 0.0394535 3.19345 0.453216 0.803476 0.125866 0.0416753 0.842526 0 0 12 3.70693 0.0586854  0 0 11 3.41413 0.925108  0 0 10 2.93219 1.41134  0 1 12 2.84184 0.339855  0 1 11 2.6616 0.147734 
11500 12 0 1 0 1 11 3.75882 0.127673 0.812732 0.00342061 0.0394535 3.19345 0.453216 0.803476 0.125866 0.0416753 0.842526 0 0 12 3.70693 0.0586854  0 0 11 3.41413 0.925108  0 0 10 2.93219 1.41134  0 1 12 2.84184 0.339855  0 1 11 2.6616 0.147734 
12000 12 0 1 0 1 11 3.75882 0.127673 0.831394 0.00342061 0.0394535 3.01108 1.31995 0.803476 0.125866 0.0586117 0.80634 0 0 12 3.70693 0.0586854  0 0 11 3.41413 0.925108  0 0 10 2.93219 1.41134  0 1 12 2.84184 0.339855  0 1 11 2.76876 0.760164 
12500 12 0 1 0 1 11 3.75882 0.127673 0.851162 0.00342061 0.0394535 3.01108 1.31995 0.803476 0.125866 0.0586117 0.80634 0 0 12 3.70693 0.0586854  0 0 11 3.41413 0.925108  0 0 10 2.93219 1.41134  0 1 12 2.84184 0.339855  0 1 11 2.76876 0.760164 
13000 12 0 1 0 1 11 3.76323 0.0445292 0.867873 0.00147806 0.0158862 3.01108 1.31995 0.8036 0.124947 0.0586117 0.80634 0 0 12 3.70693 0.0586854  0 0 11 3.41413 0.925108  0 0 10 2.93219 1.41134  0 1 12 2.84184 0.339855  0 1 11 2.76876 0.760164 
13500 12 0 1 0 1 11 3.76323 0.0445292 0.881342 0.00147806 0.0158862 3.01108 1.31995 0.8036 0.124947 0.0586117 0.80634 0 0 12 3.71017 0.0593558  0 0 11 3.41413 0.925108  0 0 10 2.93219 1.41134  0 1 12 2.84184 0.339855  0 1 11 2.76876 0.760164 
14000 12 0 1 0 1 11 3.76323 0.0445292 0.899627 0.00147806 0.0158862 3.01108 1.31995 0.8036 0.124947 0.0586117 0.80634 0 0 12 3.71065 0.0654007  0 0 11 3.41413 0.925108  0 0 10 2.93219 1.41134  0 1 12 2.84184 0.339855  0 1 11 2.76876 0.760164 
14500 12 0 1 0 1 12 3.76323 0.0445292 0.909691 0.00147806 0.0158862 3.24168 0.827177 0.8036 0.124947 0.0389967 0.860505 0 0 12 3.71065 0.0654007  0 0 11 3.41413 0.925108  0 0 10 2.93219 1.41134  0 1 12 2.91991 0.190931  0 1 11 2.76876 0.760164 
15000 12 0 1 0 1 12 3.76323 0.0445292 0.919275 0.00147806 0.0158862 3.475 0.679703 0.8036 0.124947 0.0682364 0.830863 0 0 12 3.71065 0.0654007  0 0 11 3.41413 0.925108  0 1 12 2.98676 0.203108  0 0 10 2.93219 1.41134  0 1 11 2.76876 0.760164 
15500 12 0 1 0 1 12 3.76323 0.0445292 0.929149 0.00147806 0.0158862 3.475 0.679703 0.8036 0.124947 0.0682364 0.830863 0 0 12 3.71065 0.0654007  0 0 11 3.41413 0.925108  0 1 12 2.98676 0.203108  0 0 10 2.93219 1.41134  0 1 11 2.76876 0.760164 
16000 12 0 1 0 1 12 3.76323 0.0445292 0.940064 0.00147806 0.0158862 3.475 0.679703 0.8036 0.124947 0.0682364 0.830863 0 0 12 3.71065 0.0654007  0 0 11 3.41413 0.925108  0 1 12 2.98676 0.203108  0 0 10 2.93219 1.41134  0 1 11 2.76876 0.760164 
16500 12 0 1 0 1 12 3.76323 0.0445292 0.947914 0.00147806 0.0158862 3.475 0.679703 0.8036 0.124947 0.0682364 0.830863 0 0 12 3.71065 0.0654007  0 0 11 3.41413 0.925108  0 1 12 2.98676 0.203108  0 0 10 2.93219 1.41134  0 1 11 2.76876 0.760164 
17000 12 0 1 0 1 12 3.76323 0.0445292 0.959801 0.00147806 0.0158862 3.475 0.679703 0.8036 0.124947 0.0682364 0.830863 0 0 12 3.71065 0.0654007  0 0 11 3.41413 0.925108  0 0 10 3.12053 1.22704  0 1 12 2.98676 0.203108  0 1 11 2.76876 0.760164 
17500 12 0 1 0 1 12 3.76323 0.0445292 0.967065 0.00147806 0.0158862 3.475 0.679703 0.8036 0.124947 0.0682364 0.830863 0 0 12 3.71065 0.0654007  0 0 11 3.41413 0.925108  0 0 10 3.12053 1.22704  0 1 12 2.98676 0.203108  0 1 11 2.76876 0.760164 
18000 10 0 3 0 1 12 3.76418 0.0460305 0.974502 0.00160492 0.0159688 3.475 0.679703 0.710345 0.223202 0.0682364 0.830863 0 0 12 3.71065 0.0654007  0 0 11 3.41413 0.925108  0 0 10 3.12053 1.22704  0 1 12 2.98676 0.203108  0 1 11 2.76876 0.760164 
18500 12 0 1 0 1 12 3.76596 0.0528947 0.982859 0.00150921 0.013523 3.475 0.679703 0.839946 0.0843875 0.0682364 0.830863 0 0 12 3.71065 0.0654007  0 0 11 3.41413 0.925108  0 0 10 3.12053 1.22704  0 1 12 2.98676 0.203108  0 1 11 2.76876 0.760164 
19000 10 0 3 0 1 12 3.76611 0.0514407 0.990899 0.00160492 0.0159688 3.475 0.679703 0.705632 0.229432 0.0682364 0.830863 0 0 12 3.71065 0.0654007  0 0 11 3.41413 0.925108  0 0 10 3.12053 1.22704  0 1 12 2.98676 0.203108  0 0 13 2.94997 0.680627 
19500 10 0 3 0 1 12 3.76611 0.0514407 0.995668 0.00160492 0.0159688 3.1369 1.25716 0.705632 0.229432 0.131373 0.74346 0 0 12 3.71065 0.0654007  0 0 11 3.41413 0.925108  0 0 10 3.12053 1.22704  0 1 12 3.07416 0.877126  0 0 13 2.94997 0.680627 
20000 11 0 2 0 1 12 3.77575 0.0502113 1.00224 0.00160492 0.0159688 3.1369 1.25716 0.748762 0.190129 0.131373 0.74346 0 0 12 3.71065 0.0654007  0 0 11 3.41413 0.925108  0 0 10 3.12053 1.22704  0 1 12 3.07416 0.877126  0 0 13 2.94997 0.680627 
