500 8 0 5 0 0 12 2.91409 0.0451224 0.0148532 0.0309481 0.292516 0.494957 0.489191 0.56398 0.376593 0.0579709 0.811545 0 0 12 0.702384 0.168636  0 9 14 0.034564 0.192893  0 13 14 0.0316088 0.146861  0 12 14 0.0259714 0.125623  0 10 14 0.0225267 0.10276 
1000 7 0 7 0 0 12 3.41473 0.0443608 0.0364612 0.314518 1.0319 0.494957 0.489191 0.474586 0.475397 0.0579709 0.811545 0 0 12 0.702384 0.168636  0 0 13 0.692581 0.274826  0 0 8 0.0887975 0.502162  0 0 2 0.0409309 0.347401  0 9 14 0.034564 0.192893 
1500 7 0 6 0 1 12 3.50105 0.0491743 0.0607306 0.00258054 0.0183788 1.16842 1.26092 0.502375 0.445147 0.0395817 0.793552 0 1 12 2.0582 0.991157  0 0 9 0.907775 1.44579  0 0 12 0.702384 0.168636  0 0 13 0.692581 0.274826  0 0 11 0.0990454 0.544946 
2000 3 0 10 0 0 10 3.64026 0.0443675 0.0932429 1.64253 1.8201 1.50035 1.69533 0.215345 0.718298 0.148885 0.673552 0 1 12 2.0582 0.991157  0 0 10 1.46248 1.64357  0 0 9 0.907775 1.44579  0 0 12 0.82107 0.0945073  0 0 13 0.793979 0.0911132 
2500 3 0 10 0 0 10 3.64026 0.0443675 0.120944 1.64253 1.8201 1.50035 1.69533 0.215345 0.718298 0.148885 0.673552 0 1 12 2.0582 0.991157  0 0 12 1.47599 0.0377803  0 0 10 1.46248 1.64357  0 0 9 0.907775 1.44579  0 0 13 0.796164 0.0903243 
3000 7 0 6 0 0 12 3.65506 0.0456888 0.166219 -0.000348383 0.0170166 1.72348 0.334913 0.484485 0.465956 0.0580063 0.835732 0 1 12 2.0582 0.991157  0 0 12 1.72963 0.0336994  0 0 10 1.46248 1.64357  0 0 11 1.09754 1.58173  0 0 9 0.907775 1.44579 
3500 4 0 9 0 0 12 3.68103 0.040815 0.207112 -0.000550487 0.0171262 1.72348 0.334913 0.297504 0.649916 0.0580063 0.835732 0 1 12 2.0582 0.991157  0 0 12 1.72963 0.0336994  0 0 10 1.46248 1.64357  0 0 11 1.09754 1.58173  0 5 12 0.948056 1.47589 
4000 4 0 9 0 0 12 3.68103 0.040815 0.250437 -0.000550487 0.0171262 1.72348 0.334913 0.297504 0.649916 0.0580063 0.835732 0 1 12 2.0582 0.991157  0 0 12 1.72963 0.0336994  0 0 11 1.56164 1.65752  0 0 10 1.46248 1.64357  0 0 5 1.14038 1.64848 
4500 4 0 9 0 0 12 3.68103 0.040815 0.298571 -0.000550487 0.0171262 1.72348 0.334913 0.297504 0.649916 0.0580063 0.835732 0 1 12 2.0582 0.991157  0 0 12 1.72963 0.0336994  0 0 11 1.56164 1.65752  0 0 10 1.46248 1.64357  0 3 11 1.29286 1.57726 
5000 4 0 9 0 0 12 3.68103 0.040815 0.347077 -0.000550487 0.0171262 1.72348 0.334913 0.297504 0.649916 0.0580063 0.835732 0 1 12 2.0582 0.991157  0 0 12 1.72963 0.0336994  0 0 7 1.59902 1.67159  0 0 11 1.56164 1.65752  0 1 10 1.55276 1.59251 
5500 4 0 9 0 0 12 3.68276 0.0443283 0.397921 0.00160492 0.0159688 1.72348 0.334913 0.284584 0.653078 0.0580063 0.835732 0 1 12 2.0582 0.991157  0 0 12 1.72963 0.0336994  0 0 8 1.64032 1.77802  0 0 7 1.59902 1.67159  0 0 11 1.56164 1.65752 
6000 2 0 11 0 0 12 3.72216 0.0684005 0.436967 0.00129519 0.0161466 1.18948 0.952751 0.197164 0.735846 0.0514194 0.81363 0 0 10 2.50556 1.64114  0 0 11 2.30471 1.61468  0 1 12 2.0582 0.991157  0 0 12 1.90921 0.0389656  0 0 8 1.64032 1.77802 
6500 2 0 11 0 0 12 3.72216 0.0684005 0.47071 0.00129519 0.0161466 1.90006 0.62622 0.197164 0.735846 0.0618208 0.815018 0 0 10 2.50556 1.64114  0 0 11 2.30471 1.61468  0 1 12 2.0582 0.991157  0 0 12 2.02723 0.0479466  0 0 8 1.64032 1.77802 
7000 2 0 11 0 0 12 3.72216 0.0684005 0.506954 0.00129519 0.0161466 1.90006 0.62622 0.197164 0.735846 0.0618208 0.815018 0 0 10 2.50556 1.64114  0 0 11 2.30471 1.61468  0 1 12 2.0582 0.991157  0 0 12 2.02723 0.0479466  0 0 8 1.64032 1.77802 
7500 9 0 4 0 0 12 3.74523 0.0450081 0.542562 -0.00198927 0.0178562 2.21214 1.01362 0.622025 0.313659 0.066146 0.822728 0 0 13 3.1969 0.17296  0 0 12 2.61925 0.0323952  0 0 9 2.55596 1.63741  0 0 10 2.50556 1.64114  0 0 11 2.30471 1.61468 
8000 9 0 4 0 0 12 3.74523 0.0450081 0.573019 -0.00198927 0.0178562 2.21214 1.01362 0.622025 0.313659 0.066146 0.822728 0 0 13 3.1969 0.17296  0 0 12 2.61925 0.0323952  0 0 9 2.55596 1.63741  0 0 10 2.50556 1.64114  0 0 11 2.30471 1.61468 
8500 9 0 4 0 0 12 3.74523 0.0450081 0.607732 -0.00198927 0.0178562 2.21214 1.01362 0.622025 0.313659 0.066146 0.822728 0 0 13 3.1969 0.17296  0 0 12 2.61925 0.0323952  0 0 9 2.55596 1.63741  0 0 10 2.50556 1.64114  0 0 11 2.30471 1.61468 
9000 9 0 4 0 0 12 3.74523 0.0450081 0.636412 -0.00198927 0.0178562 2.21214 1.01362 0.622025 0.313659 0.066146 0.822728 0 0 13 3.1969 0.17296  0 0 12 2.61925 0.0323952  0 0 9 2.55596 1.63741  0 0 10 2.50556 1.64114  0 0 11 2.30471 1.61468 
9500 1 0 12 0 0 12 3.75115 0.060727 0.661125 0.873337 1.59694 2.21214 1.01362 0.0799766 0.848393 0.066146 0.822728 0 0 13 3.1969 0.17296  0 0 12 2.61925 0.0323952  0 0 9 2.55596 1.63741  0 0 10 2.50556 1.64114  0 0 11 2.30471 1.61468 
10000 1 0 12 0 0 12 3.75115 0.060727 0.680977 0.873337 1.59694 2.21214 1.01362 0.0799766 0.848393 0.066146 0.822728 0 0 13 3.1969 0.17296  0 0 12 2.61925 0.0323952  0 0 9 2.55596 1.63741  0 0 10 2.50556 1.64114  0 0 11 2.30471 1.61468 
10500 1 0 12 0 0 12 3.75115 0.060727 0.696188 0.873337 1.59694 2.21214 1.01362 0.0799766 0.848393 0.066146 0.822728 0 0 13 3.1969 0.17296  0 0 12 2.61925 0.0323952  0 0 9 2.55596 1.63741  0 0 10 2.50556 1.64114  0 0 11 2.30471 1.61468 
11000 1 0 12 0 0 12 3.75115 0.060727 0.71134 0.873337 1.59694 2.21214 1.01362 0.0799766 0.848393 0.066146 0.822728 0 0 13 3.1969 0.17296  0 0 12 2.61925 0.0323952  0 0 9 2.55596 1.63741  0 0 10 2.50556 1.64114  0 0 11 2.30471 1.61468 
11500 1 0 12 0 0 12 3.75115 0.060727 0.729331 0.873337 1.59694 3.34177 0.83606 0.0799766 0.848393 0.0645036 0.841246 0 0 12 3.56076 0.0710678  0 0 13 3.1969 0.17296  0 0 9 2.55596 1.63741  0 0 10 2.50556 1.64114  0 0 11 2.30471 1.61468 
12000 1 0 12 0 0 12 3.75115 0.060727 0.743412 0.873337 1.59694 3.66563 0.494713 0.0799766 0.848393 0.139341 0.80049 0 0 12 3.71083 0.0541975  0 0 13 3.1969 0.17296  0 0 9 2.55596 1.63741  0 0 10 2.50556 1.64114  0 0 14 2.46008 0.564108 
12500 1 0 12 0 0 12 3.75115 0.060727 0.757814 0.873337 1.59694 3.66563 0.494713 0.0799766 0.848393 0.139341 0.80049 0 0 12 3.71083 0.0541975  0 0 13 3.1969 0.17296  0 0 9 2.55596 1.63741  0 0 10 2.50556 1.64114  0 0 14 2.46008 0.564108 
13000 1 0 12 0 0 12 3.75115 0.060727 0.771713 0.873337 1.59694 3.66563 0.494713 0.0799766 0.848393 0.139341 0.80049 0 0 13 3.73709 0.0419099  0 0 12 3.71083 0.0541975  0 0 9 2.55596 1.63741  0 0 10 2.50556 1.64114  0 0 14 2.46008 0.564108 
13500 9 0 4 0 0 12 3.76024 0.0413969 0.782778 0.00116028 0.0162127 3.66563 0.494713 0.628735 0.304223 0.139341 0.80049 0 0 13 3.73709 0.0419099  0 0 12 3.71083 0.0541975  0 0 11 2.69972 0.0700997  0 0 9 2.55596 1.63741  0 0 10 2.50556 1.64114 
14000 9 0 4 0 0 12 3.76024 0.0413969 0.797002 0.00116028 0.0162127 3.66563 0.494713 0.628735 0.304223 0.139341 0.80049 0 0 13 3.73709 0.0419099  0 0 12 3.71083 0.0541975  0 0 11 2.69972 0.0700997  0 0 9 2.55596 1.63741  0 0 10 2.50556 1.64114 
14500 9 0 4 0 0 12 3.76024 0.0413969 0.809558 0.00116028 0.0162127 3.66563 0.494713 0.628735 0.304223 0.139341 0.80049 0 0 13 3.73709 0.0419099  0 0 12 3.71083 0.0541975  0 0 11 2.69972 0.0700997  0 0 9 2.55596 1.63741  0 0 10 2.50556 1.64114 
15000 9 0 4 0 0 12 3.76024 0.0413969 0.817888 0.00116028 0.0162127 3.66563 0.494713 0.628735 0.304223 0.139341 0.80049 0 0 13 3.73709 0.0419099  0 0 12 3.71083 0.0541975  0 0 11 2.8189 1.34982  0 0 9 2.55596 1.63741  0 0 10 2.50556 1.64114 
15500 9 0 4 0 0 13 3.76024 0.0413969 0.829103 0.00116028 0.0162127 3.12694 1.39807 0.628735 0.304223 0.10403 0.830256 0 0 13 3.73709 0.0419099  0 0 12 3.71138 0.0528846  0 0 11 2.8189 1.34982  0 0 9 2.55596 1.63741  0 0 10 2.50556 1.64114 
16000 9 0 4 0 0 13 3.76024 0.0413969 0.83684 0.00116028 0.0162127 3.12694 1.39807 0.628735 0.304223 0.10403 0.830256 0 0 13 3.73709 0.0419099  0 0 12 3.71138 0.0528846  0 0 11 3.1046 1.26573  0 0 14 2.59774 0.0709392  0 0 9 2.55596 1.63741 
16500 9 0 4 0 0 13 3.76024 0.0413969 0.846638 0.00116028 0.0162127 3.12694 1.39807 0.628735 0.304223 0.10403 0.830256 0 0 13 3.73709 0.0419099  0 0 12 3.71138 0.0528846  0 0 11 3.1046 1.26573  0 0 14 3.03316 0.0855671  0 2 12 2.82856 1.13697 
17000 9 0 4 0 0 13 3.76024 0.0413969 0.854921 0.00116028 0.0162127 3.12694 1.39807 0.628735 0.304223 0.10403 0.830256 0 0 13 3.73709 0.0419099  0 0 12 3.71138 0.0528846  0 0 11 3.1046 1.26573  0 0 14 3.03316 0.0855671  0 2 12 2.82856 1.13697 
17500 9 0 4 0 0 13 3.76024 0.0413969 0.863787 0.00116028 0.0162127 3.12694 1.39807 0.628735 0.304223 0.10403 0.830256 0 0 13 3.73709 0.0419099  0 0 12 3.71138 0.0528846  0 0 11 3.1046 1.26573  0 0 14 3.03316 0.0855671  0 2 12 2.82856 1.13697 
18000 9 0 4 0 0 13 3.76024 0.0413969 0.87048 0.00116028 0.0162127 3.12694 1.39807 0.628735 0.304223 0.10403 0.830256 0 0 13 3.73709 0.0419099  0 0 12 3.71138 0.0528846  0 0 11 3.1046 1.26573  0 0 14 3.03316 0.0855671  0 2 12 2.82856 1.13697 
18500 9 0 4 0 0 13 3.76024 0.0413969 0.880584 0.00116028 0.0162127 3.12694 1.39807 0.628735 0.304223 0.10403 0.830256 0 0 13 3.73709 0.0419099  0 0 12 3.71138 0.0528846  0 0 11 3.1046 1.26573  0 0 14 3.03316 0.0855671  0 2 12 2.82856 1.13697 
19000 10 0 3 0 0 13 3.76169 0.0497515 0.888306 0.00160492 0.0159688 3.12694 1.39807 0.686831 0.240573 0.10403 0.830256 0 0 13 3.73709 0.0419099  0 0 12 3.71138 0.0528846  0 1 13 3.34998 1.06103  0 0 11 3.1046 1.26573  0 0 14 3.03316 0.0855671 
19500 10 0 3 0 0 13 3.76169 0.0497515 0.894333 0.00160492 0.0159688 3.12694 1.39807 0.686831 0.240573 0.10403 0.830256 0 0 13 3.73709 0.0419099  0 0 12 3.72957 0.0558716  0 1 13 3.34998 1.06103  0 0 11 3.1046 1.26573  0 0 14 3.03316 0.0855671 
20000 10 0 3 0 0 13 3.76169 0.0497515 0.900307 0.00160492 0.0159688 3.12694 1.39807 0.686831 0.240573 0.10403 0.830256 0 0 13 3.73709 0.0419099  0 0 12 3.72957 0.0558716  0 1 13 3.34998 1.06103  0 0 11 3.1046 1.26573  0 0 14 3.03316 0.0855671 
