500 18 0 8 0 0 15 2.71851 0.0636312 0.00517027 0.0212802 0.220052 0.314096 0.869973 0.63306 0.291655 0.347281 0.608587 0 0 15 0.13315 0.533259  0 25 29 0.0268288 0.130156  0 19 29 0.026244 0.171312  0 26 29 0.0222016 0.131658  0 14 29 0.0217079 0.122093 
1000 20 0 7 0 0 15 2.92078 0.064564 0.00913513 -0.00171357 0.0123726 0.314096 0.869973 0.675716 0.245799 0.347281 0.608587 0 0 15 0.13315 0.533259  0 4 8 0.0635955 0.444542  0 25 29 0.0268288 0.130156  0 19 29 0.026244 0.171312  0 13 29 0.0246025 0.119363 
1500 17 0 10 0 0 15 3.07343 0.0496211 0.0109267 0.000412439 0.00336052 0.314096 0.869973 0.574089 0.357074 0.347281 0.608587 0 0 15 0.13315 0.533259  0 4 8 0.0635955 0.444542  0 0 19 0.0594864 0.417473  0 25 29 0.0268288 0.130156  0 19 29 0.026244 0.171312 
2000 11 0 16 0 3 26 3.43571 0.0371175 0.0125107 1.01548 1.5516 0.591797 1.17458 0.384772 0.562541 4.50503e-05 0.871141 0 0 15 0.13315 0.533259  0 3 26 0.095875 0.27763  0 4 8 0.0635955 0.444542  0 0 19 0.0594864 0.417473  0 1 29 0.0579435 0.325718 
2500 11 0 16 0 3 26 3.43571 0.0371175 0.0136613 1.01548 1.5516 0.591797 1.17458 0.384772 0.562541 4.50503e-05 0.871141 0 0 15 0.13315 0.533259  0 0 27 0.122017 0.156712  0 3 26 0.095875 0.27763  0 0 14 0.0756385 0.305902  0 4 8 0.0635955 0.444542 
3000 11 0 16 0 0 17 3.43571 0.0371175 0.0158466 1.01548 1.5516 0.377922 0.94533 0.384772 0.562541 0.355045 0.307058 0 9 16 0.269461 0.895876  0 0 17 0.18264 0.650117  0 19 25 0.17564 0.717815  0 0 15 0.13315 0.533259  0 0 27 0.122017 0.156712 
3500 11 0 16 0 1 26 3.43571 0.0371175 0.017677 1.01548 1.5516 0.955815 1.55006 0.384772 0.562541 0.00721633 0.899574 0 0 3 0.271206 0.919472  0 9 16 0.269461 0.895876  0 1 26 0.187478 0.637072  0 0 13 0.183055 0.678042  0 0 17 0.18264 0.650117 
4000 13 0 15 0 1 22 3.54587 0.0413718 0.0201481 0.00249195 0.0234835 1.36118 1.6463 0.439566 0.522999 0.0554424 0.792639 0 1 22 0.806635 1.40316  0 0 3 0.271206 0.919472  0 9 16 0.269461 0.895876  0 1 26 0.187478 0.637072  0 0 13 0.183055 0.678042 
4500 13 0 15 0 1 25 3.54587 0.0413718 0.0220285 0.00249195 0.0234835 1.47686 1.65686 0.439566 0.522999 0.009841 0.891134 0 1 25 1.3245 1.50441  0 1 22 0.806635 1.40316  0 0 25 0.663545 1.29632  0 0 3 0.271206 0.919472  0 9 16 0.269461 0.895876 
5000 13 0 15 0 1 25 3.54587 0.0413718 0.0243065 0.00249195 0.0234835 1.47686 1.65686 0.439566 0.522999 0.009841 0.891134 0 0 25 1.34151 1.65724  0 1 25 1.3245 1.50441  0 1 22 0.806635 1.40316  0 0 13 0.688953 1.42774  0 0 3 0.271206 0.919472 
5500 13 0 15 0 1 25 3.54587 0.0413718 0.0257773 0.00249195 0.0234835 1.47686 1.65686 0.439566 0.522999 0.009841 0.891134 0 0 25 1.34151 1.65724  0 1 25 1.3245 1.50441  0 1 22 0.806635 1.40316  0 0 13 0.688953 1.42774  0 0 3 0.271206 0.919472 
6000 5 0 21 0 1 25 3.56803 0.0745316 0.0275583 0.514479 1.28905 1.47686 1.65686 0.192775 0.715651 0.009841 0.891134 0 0 25 1.34151 1.65724  0 1 25 1.3245 1.50441  0 1 22 0.806635 1.40316  0 0 13 0.688953 1.42774  0 0 3 0.271206 0.919472 
6500 5 0 21 0 1 25 3.56803 0.0745316 0.0302537 0.514479 1.28905 1.47686 1.65686 0.192775 0.715651 0.009841 0.891134 0 0 25 1.34151 1.65724  0 1 25 1.3245 1.50441  0 1 22 0.806635 1.40316  0 0 13 0.688953 1.42774  0 0 12 0.489024 1.21675 
7000 5 0 21 0 1 25 3.56803 0.0745316 0.0325945 0.514479 1.28905 1.47686 1.65686 0.192775 0.715651 0.009841 0.891134 0 0 25 1.34151 1.65724  0 1 25 1.3245 1.50441  0 1 22 0.806635 1.40316  0 0 13 0.688953 1.42774  0 0 12 0.489024 1.21675 
7500 5 0 21 0 1 25 3.56803 0.0745316 0.034886 0.514479 1.28905 1.47686 1.65686 0.192775 0.715651 0.009841 0.891134 0 0 25 1.34151 1.65724  0 1 25 1.3245 1.50441  0 0 21 0.931438 1.25265  0 1 22 0.806635 1.40316  0 0 13 0.688953 1.42774 
8000 5 0 21 0 1 25 3.56803 0.0745316 0.038299 0.514479 1.28905 1.47686 1.65686 0.192775 0.715651 0.009841 0.891134 0 0 25 1.34151 1.65724  0 1 25 1.3245 1.50441  0 0 21 1.00959 1.54056  0 1 22 0.806635 1.40316  0 0 13 0.688953 1.42774 
8500 13 0 14 0 5 22 3.58918 0.0421248 0.0414392 0.000816602 0.00812509 1.75962 0.863666 0.449926 0.490979 0.0285444 0.790867 0 0 25 1.34151 1.65724  0 1 25 1.3245 1.50441  0 5 22 1.20733 1.00891  0 0 21 1.00959 1.54056  0 1 22 0.806635 1.40316 
9000 13 0 14 0 2 22 3.58918 0.0421248 0.0452854 0.000816602 0.00812509 2.05535 1.39676 0.449926 0.490979 0.0463252 0.793086 0 2 22 1.56077 1.36886  0 0 25 1.34151 1.65724  0 1 25 1.3245 1.50441  0 5 22 1.20733 1.00891  0 0 21 1.00959 1.54056 
9500 3 0 24 0 1 24 3.72209 0.0482964 0.0497182 0.534604 1.34023 2.74369 1.16125 0.104099 0.811437 0.0658469 0.766454 0 1 24 2.39122 1.2239  0 2 22 1.56077 1.36886  0 0 25 1.34151 1.65724  0 1 25 1.3245 1.50441  0 5 22 1.20733 1.00891 
10000 3 0 24 0 1 24 3.72209 0.0482964 0.0535426 0.534604 1.34023 2.74369 1.16125 0.104099 0.811437 0.0658469 0.766454 0 1 24 2.39122 1.2239  0 2 22 1.56077 1.36886  0 0 25 1.34151 1.65724  0 1 25 1.3245 1.50441  0 5 22 1.20733 1.00891 
10500 3 0 24 0 1 24 3.72209 0.0482964 0.0587472 0.534604 1.34023 2.74369 1.16125 0.104099 0.811437 0.0658469 0.766454 0 1 24 2.39122 1.2239  0 2 22 1.56077 1.36886  0 0 25 1.34151 1.65724  0 1 25 1.3245 1.50441  0 0 24 1.30933 1.66802 
11000 3 0 24 0 1 24 3.72209 0.0482964 0.063773 0.534604 1.34023 2.74369 1.16125 0.104099 0.811437 0.0658469 0.766454 0 1 24 2.39122 1.2239  0 2 22 1.56077 1.36886  0 0 25 1.34151 1.65724  0 1 25 1.3245 1.50441  0 0 24 1.30933 1.66802 
11500 3 0 24 0 1 24 3.72209 0.0482964 0.0675894 0.534604 1.34023 2.74369 1.16125 0.104099 0.811437 0.0658469 0.766454 0 1 24 2.39122 1.2239  0 2 22 1.56077 1.36886  0 0 25 1.34151 1.65724  0 1 25 1.3245 1.50441  0 0 24 1.30933 1.66802 
12000 3 0 24 0 1 24 3.72209 0.0482964 0.0731291 0.534604 1.34023 2.74369 1.16125 0.104099 0.811437 0.0658469 0.766454 0 1 24 2.39122 1.2239  0 2 22 1.56077 1.36886  0 0 25 1.34151 1.65724  0 1 25 1.3245 1.50441  0 0 24 1.30933 1.66802 
12500 3 0 24 0 1 24 3.72209 0.0482964 0.0794369 0.534604 1.34023 2.74369 1.16125 0.104099 0.811437 0.0658469 0.766454 0 1 24 2.39122 1.2239  0 2 22 1.56077 1.36886  0 0 25 1.34151 1.65724  0 1 25 1.3245 1.50441  0 0 24 1.30933 1.66802 
13000 3 0 24 0 1 24 3.72209 0.0482964 0.0867201 0.534604 1.34023 2.74369 1.16125 0.104099 0.811437 0.0658469 0.766454 0 1 24 2.39122 1.2239  0 1 23 2.06559 1.40028  0 2 22 1.56077 1.36886  0 0 25 1.34151 1.65724  0 1 25 1.3245 1.50441 
13500 3 0 24 0 0 25 3.72209 0.0482964 0.0941565 0.534604 1.34023 2.98921 1.41202 0.104099 0.811437 0.0619459 0.839815 0 1 24 2.39122 1.2239  0 1 23 2.06559 1.40028  0 0 25 2.06248 1.79864  0 2 22 1.56077 1.36886  0 1 25 1.3245 1.50441 
14000 3 0 24 0 0 25 3.72209 0.0482964 0.101834 0.534604 1.34023 2.98921 1.41202 0.104099 0.811437 0.0619459 0.839815 0 1 24 2.39122 1.2239  0 1 23 2.06559 1.40028  0 0 25 2.06248 1.79864  0 3 21 1.65811 1.15023  0 2 22 1.56077 1.36886 
14500 3 0 24 0 0 25 3.72209 0.0482964 0.108813 0.534604 1.34023 2.98921 1.41202 0.104099 0.811437 0.0619459 0.839815 0 1 24 2.39122 1.2239  0 1 23 2.06559 1.40028  0 0 25 2.06248 1.79864  0 3 21 1.65811 1.15023  0 2 22 1.56077 1.36886 
15000 3 0 24 0 0 25 3.72209 0.0482964 0.116915 0.534604 1.34023 2.98921 1.41202 0.104099 0.811437 0.0619459 0.839815 0 1 24 2.39122 1.2239  0 1 23 2.06559 1.40028  0 0 25 2.06248 1.79864  0 3 21 1.65811 1.15023  0 2 22 1.56077 1.36886 
15500 3 0 24 0 0 25 3.72209 0.0482964 0.124631 0.534604 1.34023 2.98921 1.41202 0.104099 0.811437 0.0619459 0.839815 0 1 24 2.39122 1.2239  0 1 23 2.06559 1.40028  0 0 25 2.06248 1.79864  0 0 27 1.91468 0.0435011  0 3 21 1.65811 1.15023 
16000 3 0 24 0 0 25 3.72209 0.0482964 0.133496 0.534604 1.34023 2.98921 1.41202 0.104099 0.811437 0.0619459 0.839815 0 1 24 2.39122 1.2239  0 1 23 2.06559 1.40028  0 0 25 2.06248 1.79864  0 4 22 1.98622 0.369867  0 2 23 1.94662 1.40935 
16500 3 0 24 0 0 25 3.72209 0.0482964 0.14204 0.534604 1.34023 2.98921 1.41202 0.104099 0.811437 0.0619459 0.839815 0 2 24 2.5895 0.196716  0 1 24 2.39122 1.2239  0 1 23 2.06559 1.40028  0 0 25 2.06248 1.79864  0 4 22 1.98622 0.369867 
17000 3 0 24 0 0 25 3.72209 0.0482964 0.151068 0.534604 1.34023 2.98921 1.41202 0.104099 0.811437 0.0619459 0.839815 0 2 24 2.5895 0.196716  0 1 24 2.39122 1.2239  0 1 23 2.06559 1.40028  0 0 25 2.06248 1.79864  0 4 22 1.98622 0.369867 
17500 3 0 24 0 0 25 3.72209 0.0482964 0.159821 0.534604 1.34023 2.98921 1.41202 0.104099 0.811437 0.0619459 0.839815 0 2 24 2.5895 0.196716  0 2 23 2.42362 0.0709511  0 1 24 2.39122 1.2239  0 1 23 2.06559 1.40028  0 0 25 2.06248 1.79864 
18000 3 0 24 0 0 25 3.72209 0.0482964 0.168742 0.534604 1.34023 2.98921 1.41202 0.104099 0.811437 0.0619459 0.839815 0 2 24 2.5895 0.196716  0 2 23 2.42362 0.0709511  0 1 24 2.39122 1.2239  0 1 23 2.06559 1.40028  0 0 25 2.06248 1.79864 
18500 3 0 24 0 1 24 3.72209 0.0482964 0.177033 0.534604 1.34023 2.74369 1.16125 0.104099 0.811437 0.0658469 0.766454 0 0 25 2.83667 1.45585  0 2 24 2.5895 0.196716  0 2 23 2.42362 0.0709511  0 1 24 2.39122 1.2239  0 3 24 2.08711 0.830959 
19000 3 0 24 0 1 24 3.72209 0.0482964 0.185957 0.534604 1.34023 2.74369 1.16125 0.104099 0.811437 0.0658469 0.766454 0 0 25 2.83667 1.45585  0 2 24 2.5895 0.196716  0 2 23 2.42362 0.0709511  0 0 28 2.4228 0.0356909  0 1 24 2.39122 1.2239 
19500 3 0 24 0 1 24 3.72209 0.0482964 0.193918 0.534604 1.34023 2.74369 1.16125 0.104099 0.811437 0.0658469 0.766454 0 0 25 2.83667 1.45585  0 2 24 2.5895 0.196716  0 2 23 2.42362 0.0709511  0 0 28 2.4228 0.0356909  0 1 24 2.39122 1.2239 
20000 3 0 24 0 1 24 3.72209 0.0482964 0.201969 0.534604 1.34023 2.74369 1.16125 0.104099 0.811437 0.0658469 0.766454 0 0 25 2.83667 1.45585  0 2 24 2.5895 0.196716  0 2 23 2.42362 0.0709511  0 0 28 2.4228 0.0356909  0 1 24 2.39122 1.2239 
