500 19 0 8 0 10 27 2.08678 0.223214 0.00572512 1.73478 0.529832 0.00160492 0.0159688 0.642998 0.292287 0.984818 0.751793 0 0 20 0.0257154 0.214345  0 10 27 0.0257012 0.146401  0 27 29 0.0227298 0.128187  0 20 29 0.0219688 0.105605  0 11 21 0.0218135 0.208537 
1000 11 0 16 0 10 27 2.97374 0.0516388 0.00766398 2.73455 0.330386 0.00160492 0.0159688 0.387774 0.545486 0.984818 0.751793 0 0 20 0.0257154 0.214345  0 10 27 0.0257012 0.146401  0 17 29 0.0245922 0.1227  0 20 29 0.0228577 0.124273  0 27 29 0.0227298 0.128187 
1500 14 0 13 0 1 19 3.35618 0.0537074 0.00932566 0.0017888 0.0255373 0.380367 1.1318 0.499473 0.440128 0.0913277 0.604169 0 1 19 0.292605 0.885193  0 0 18 0.221407 0.712325  0 0 19 0.195073 0.348832  0 0 27 0.0426275 0.101173  0 21 29 0.0297695 0.142712 
2000 12 0 16 0 1 19 3.43513 0.0554497 0.0118267 -0.00563625 0.00773601 0.380367 1.1318 0.401888 0.534708 0.0913277 0.604169 0 1 19 0.292605 0.885193  0 0 18 0.221407 0.712325  0 0 19 0.195073 0.348832  0 0 27 0.0426275 0.101173  0 0 24 0.0350642 0.191549 
2500 12 0 16 0 1 19 3.43513 0.0554497 0.0135807 -0.00563625 0.00773601 0.380367 1.1318 0.401888 0.534708 0.0913277 0.604169 0 1 19 0.292605 0.885193  0 0 18 0.221407 0.712325  0 1 26 0.218002 0.232269  0 0 19 0.195073 0.348832  0 0 17 0.184005 0.766379 
3000 12 0 16 0 1 19 3.43513 0.0554497 0.0156962 -0.00563625 0.00773601 0.380367 1.1318 0.401888 0.534708 0.0913277 0.604169 0 1 19 0.292605 0.885193  0 0 18 0.221407 0.712325  0 1 26 0.218002 0.232269  0 0 19 0.195073 0.348832  0 0 17 0.184005 0.766379 
3500 24 0 2 0 1 19 3.59003 0.0813713 0.0182925 0.000599635 0.00790315 0.380367 1.1318 0.814069 0.0786544 0.0913277 0.604169 0 1 19 0.292605 0.885193  0 1 23 0.287593 0.884347  0 0 18 0.221407 0.712325  0 1 26 0.218002 0.232269  0 0 19 0.195073 0.348832 
4000 24 0 2 0 1 19 3.59003 0.0813713 0.0212995 0.000599635 0.00790315 0.380367 1.1318 0.814069 0.0786544 0.0913277 0.604169 0 4 10 0.399268 1.03256  0 1 19 0.292605 0.885193  0 1 23 0.287593 0.884347  0 0 18 0.221407 0.712325  0 1 26 0.218002 0.232269 
4500 24 0 2 0 1 19 3.59003 0.0813713 0.0241711 0.000599635 0.00790315 0.380367 1.1318 0.814069 0.0786544 0.0913277 0.604169 0 4 10 0.399268 1.03256  0 1 19 0.292605 0.885193  0 1 23 0.287593 0.884347  0 0 18 0.221407 0.712325  0 1 26 0.218002 0.232269 
5000 24 0 2 0 1 19 3.59003 0.0813713 0.0278739 0.000599635 0.00790315 0.380367 1.1318 0.814069 0.0786544 0.0913277 0.604169 0 4 10 0.399268 1.03256  0 17 22 0.35141 0.701935  0 1 19 0.292605 0.885193  0 1 23 0.287593 0.884347  0 0 18 0.221407 0.712325 
5500 24 0 2 0 0 25 3.59003 0.0813713 0.0311151 0.000599635 0.00790315 1.82335 0.880142 0.814069 0.0786544 0.0252674 0.846816 0 0 25 2.14978 0.0578899  0 4 11 0.440456 1.09391  0 4 10 0.399268 1.03256  0 17 22 0.35141 0.701935  0 1 19 0.292605 0.885193 
6000 24 0 2 0 0 25 3.59003 0.0813713 0.0348997 0.000599635 0.00790315 1.82335 0.880142 0.814069 0.0786544 0.0252674 0.846816 0 0 25 2.14978 0.0578899  0 4 11 0.440456 1.09391  0 6 10 0.412481 1.04101  0 0 26 0.4006 1.11408  0 4 10 0.399268 1.03256 
6500 24 0 2 0 0 25 3.59003 0.0813713 0.038899 0.000599635 0.00790315 1.82335 0.880142 0.814069 0.0786544 0.0252674 0.846816 0 0 25 2.14978 0.0578899  0 2 25 1.04163 1.34567  0 5 22 0.864631 0.762825  0 4 11 0.440456 1.09391  0 6 10 0.412481 1.04101 
7000 1 0 25 0 0 25 3.68176 0.0516779 0.0439968 0.0015448 0.015986 1.82335 0.880142 0.0642546 0.844037 0.0252674 0.846816 0 0 25 2.14978 0.0578899  0 2 25 1.04163 1.34567  0 5 24 0.995723 0.758081  0 5 22 0.864631 0.762825  0 0 19 0.564632 1.24736 
7500 1 0 25 0 0 25 3.68176 0.0516779 0.0493895 0.0015448 0.015986 1.82335 0.880142 0.0642546 0.844037 0.0252674 0.846816 0 0 25 2.14978 0.0578899  0 2 25 1.04163 1.34567  0 5 24 0.995723 0.758081  0 5 22 0.864631 0.762825  0 0 19 0.564632 1.24736 
8000 1 0 25 0 2 24 3.68176 0.0516779 0.056475 0.0015448 0.015986 2.31263 0.622766 0.0642546 0.844037 0.00996904 0.855957 0 0 25 2.14978 0.0578899  0 2 24 2.14722 0.673178  0 2 25 1.04163 1.34567  0 5 24 0.995723 0.758081  0 5 22 0.864631 0.762825 
8500 1 0 25 0 1 25 3.68176 0.0516779 0.0634122 0.0015448 0.015986 2.62755 0.891525 0.0642546 0.844037 0.0562361 0.780377 0 1 25 2.78675 0.0411679  0 0 25 2.14978 0.0578899  0 2 24 2.14722 0.673178  0 2 25 1.04163 1.34567  0 5 24 0.995723 0.758081 
9000 1 0 25 0 1 25 3.68176 0.0516779 0.0703515 0.0015448 0.015986 2.62755 0.891525 0.0642546 0.844037 0.0562361 0.780377 0 1 25 2.78675 0.0411679  0 0 25 2.14978 0.0578899  0 2 24 2.14722 0.673178  0 0 22 1.06375 1.55616  0 2 25 1.04163 1.34567 
9500 1 0 25 0 1 25 3.68176 0.0516779 0.0788215 0.0015448 0.015986 2.62755 0.891525 0.0642546 0.844037 0.0562361 0.780377 0 1 25 2.78675 0.0411679  0 0 25 2.14978 0.0578899  0 2 24 2.14722 0.673178  0 4 24 1.53338 1.00929  0 0 22 1.06375 1.55616 
10000 1 0 25 0 1 25 3.68176 0.0516779 0.08713 0.0015448 0.015986 2.62755 0.891525 0.0642546 0.844037 0.0562361 0.780377 0 1 25 2.78675 0.0411679  0 0 25 2.14978 0.0578899  0 2 24 2.14722 0.673178  0 4 24 1.53338 1.00929  0 0 14 1.30536 1.77618 
10500 3 0 24 0 1 25 3.68893 0.214366 0.096114 0.0010562 0.0139108 2.62755 0.891525 0.102612 0.819457 0.0562361 0.780377 0 1 25 2.78675 0.0411679  0 0 25 2.14978 0.0578899  0 2 24 2.14722 0.673178  0 4 24 1.53338 1.00929  0 5 23 1.39648 0.802621 
11000 3 0 24 0 1 25 3.68893 0.214366 0.103642 0.0010562 0.0139108 2.62755 0.891525 0.102612 0.819457 0.0562361 0.780377 0 1 25 2.78675 0.0411679  0 0 26 2.1567 0.224027  0 0 25 2.14978 0.0578899  0 2 24 2.14722 0.673178  0 4 24 1.53338 1.00929 
11500 3 0 24 0 1 25 3.68893 0.214366 0.111252 0.0010562 0.0139108 2.62755 0.891525 0.102612 0.819457 0.0562361 0.780377 0 1 25 2.78675 0.0411679  0 0 26 2.1567 0.224027  0 0 25 2.14978 0.0578899  0 2 24 2.14722 0.673178  0 4 24 1.53338 1.00929 
12000 3 0 24 0 1 25 3.68893 0.214366 0.12019 0.0010562 0.0139108 2.62755 0.891525 0.102612 0.819457 0.0562361 0.780377 0 1 25 2.78675 0.0411679  0 0 26 2.66237 1.54286  0 0 25 2.14978 0.0578899  0 2 24 2.14722 0.673178  0 4 24 1.53338 1.00929 
12500 5 0 22 0 1 25 3.7548 0.0497432 0.128852 0.00287295 0.0249313 2.62755 0.891525 0.182995 0.749449 0.0562361 0.780377 0 0 24 2.8349 0.659937  0 1 25 2.78675 0.0411679  0 0 26 2.66237 1.54286  0 0 25 2.14978 0.0578899  0 2 24 2.14722 0.673178 
13000 5 0 22 0 1 25 3.7548 0.0497432 0.138722 0.00287295 0.0249313 2.62755 0.891525 0.182995 0.749449 0.0562361 0.780377 0 0 27 2.9546 0.831137  0 0 24 2.8349 0.659937  0 1 25 2.78675 0.0411679  0 0 26 2.66237 1.54286  0 0 25 2.14978 0.0578899 
13500 5 0 22 0 1 25 3.7548 0.0497432 0.148443 0.00287295 0.0249313 2.62755 0.891525 0.182995 0.749449 0.0562361 0.780377 0 0 27 2.9546 0.831137  0 0 24 2.8349 0.659937  0 1 25 2.78675 0.0411679  0 0 26 2.66237 1.54286  0 0 25 2.14978 0.0578899 
14000 5 0 22 0 1 25 3.7548 0.0497432 0.158315 0.00287295 0.0249313 2.62755 0.891525 0.182995 0.749449 0.0562361 0.780377 0 0 27 2.9546 0.831137  0 0 24 2.8349 0.659937  0 1 25 2.78675 0.0411679  0 0 26 2.66237 1.54286  0 0 25 2.14978 0.0578899 
14500 5 0 22 0 1 25 3.7548 0.0497432 0.16639 0.00287295 0.0249313 2.62755 0.891525 0.182995 0.749449 0.0562361 0.780377 0 0 27 2.9546 0.831137  0 0 24 2.8349 0.659937  0 1 25 2.78675 0.0411679  0 0 26 2.66237 1.54286  0 0 25 2.14978 0.0578899 
15000 5 0 22 0 1 25 3.7548 0.0497432 0.175531 0.00287295 0.0249313 2.62755 0.891525 0.182995 0.749449 0.0562361 0.780377 0 0 27 2.9546 0.831137  0 0 24 2.8349 0.659937  0 1 25 2.78675 0.0411679  0 0 26 2.66237 1.54286  0 0 25 2.14978 0.0578899 
15500 5 0 22 0 1 25 3.7548 0.0497432 0.184552 0.00287295 0.0249313 2.62755 0.891525 0.182995 0.749449 0.0562361 0.780377 0 0 27 2.9546 0.831137  0 0 24 2.8349 0.659937  0 1 25 2.78675 0.0411679  0 0 26 2.66237 1.54286  0 0 25 2.14978 0.0578899 
16000 5 0 22 0 1 25 3.7548 0.0497432 0.192991 0.00287295 0.0249313 2.62755 0.891525 0.182995 0.749449 0.0562361 0.780377 0 0 27 2.9546 0.831137  0 0 24 2.8349 0.659937  0 1 25 2.78675 0.0411679  0 0 26 2.66237 1.54286  0 0 25 2.14978 0.0578899 
16500 5 0 22 0 1 25 3.7548 0.0497432 0.202266 0.00287295 0.0249313 2.62755 0.891525 0.182995 0.749449 0.0562361 0.780377 0 0 27 2.9546 0.831137  0 0 24 2.8349 0.659937  0 1 25 2.78675 0.0411679  0 0 26 2.66237 1.54286  0 0 25 2.14978 0.0578899 
17000 5 0 22 0 1 25 3.7548 0.0497432 0.212115 0.00287295 0.0249313 2.62755 0.891525 0.182995 0.749449 0.0562361 0.780377 0 0 27 2.9546 0.831137  0 0 24 2.8349 0.659937  0 1 25 2.78675 0.0411679  0 0 26 2.66237 1.54286  0 0 25 2.14978 0.0578899 
17500 5 0 22 0 1 25 3.7548 0.0497432 0.221741 0.00287295 0.0249313 2.62755 0.891525 0.182995 0.749449 0.0562361 0.780377 0 0 27 2.9546 0.831137  0 0 24 2.8349 0.659937  0 1 25 2.78675 0.0411679  0 0 26 2.66237 1.54286  0 0 25 2.14978 0.0578899 
18000 5 0 22 0 1 25 3.7548 0.0497432 0.231498 0.00287295 0.0249313 2.62755 0.891525 0.182995 0.749449 0.0562361 0.780377 0 0 27 2.9546 0.831137  0 0 24 2.8349 0.659937  0 1 25 2.78675 0.0411679  0 0 26 2.66237 1.54286  0 0 25 2.14978 0.0578899 
18500 5 0 22 0 1 25 3.7548 0.0497432 0.240735 0.00287295 0.0249313 2.62755 0.891525 0.182995 0.749449 0.0562361 0.780377 0 0 27 2.9546 0.831137  0 0 24 2.8349 0.659937  0 1 25 2.78675 0.0411679  0 0 26 2.66237 1.54286  0 0 25 2.14978 0.0578899 
19000 5 0 22 0 1 25 3.7548 0.0497432 0.250555 0.00287295 0.0249313 2.62755 0.891525 0.182995 0.749449 0.0562361 0.780377 0 0 27 2.9546 0.831137  0 0 24 2.8349 0.659937  0 1 25 2.78675 0.0411679  0 0 26 2.66237 1.54286  0 0 25 2.14978 0.0578899 
19500 5 0 22 0 0 26 3.7548 0.0497432 0.260343 0.00287295 0.0249313 2.82348 1.10433 0.182995 0.749449 0.0134566 0.879965 0 0 26 3.1011 0.0569752  0 0 27 2.9546 0.831137  0 0 24 2.8349 0.659937  0 1 25 2.78675 0.0411679  0 0 25 2.14978 0.0578899 
20000 5 0 22 0 0 26 3.7548 0.0497432 0.269335 0.00287295 0.0249313 2.82348 1.10433 0.182995 0.749449 0.0134566 0.879965 0 0 26 3.1011 0.0569752  0 0 27 2.9546 0.831137  0 0 24 2.8349 0.659937  0 1 25 2.78675 0.0411679  0 0 25 2.14978 0.0578899 
