500 10 0 2 0 1 2 3.08582 0.0524022 0.0166796 0.00150634 0.0136077 0.00319627 0.0168266 0.717483 0.192932 0.986299 0.00112626 0 1 2 0.170631 0.725039  0 8 14 0.0244105 0.117509  0 13 14 0.0224696 0.126966  0 12 14 0.0214071 0.10697  0 4 13 0.0212374 0.107708 
1000 8 0 6 0 0 11 3.39726 0.316377 0.0388819 0.318986 0.997004 0.564106 1.24963 0.546603 0.407588 0.0370651 0.819442 0 0 2 0.175766 0.760355  0 1 2 0.170631 0.725039  0 3 6 0.109482 0.558843  0 0 7 0.0859107 0.510106  0 0 11 0.0578939 0.408168 
1500 8 0 5 0 1 7 3.5406 0.331591 0.0818813 0.00179383 0.0127734 3.13559 0.325664 0.597196 0.361379 0.4895 0.437413 0 1 7 0.443197 1.03261  0 5 10 0.427661 1.01702  0 2 12 0.317289 0.952345  0 6 12 0.252173 0.823814  0 2 3 0.181188 0.730913 
2000 8 0 6 0 1 11 3.57447 0.0410007 0.147726 0.000347927 0.0172431 0.617749 1.26818 0.539151 0.422114 0.0440177 0.793275 0 1 11 1.07952 1.49694  0 0 10 1.07184 1.50033  0 1 10 0.838234 1.38934  0 2 9 0.833709 1.32242  0 1 4 0.724039 1.31862 
2500 11 0 2 0 5 12 3.67731 0.0619375 0.213626 0.0013234 0.0131677 0.775319 1.35708 0.736542 0.180351 0.681183 0.801461 0 1 11 1.19402 1.5284  0 0 10 1.07184 1.50033  0 5 12 1.01494 1.43568  0 1 10 0.923364 1.38255  0 1 5 0.900737 1.39649 
3000 11 0 2 0 5 12 3.67731 0.0619375 0.288393 0.0013234 0.0131677 0.775319 1.35708 0.736542 0.180351 0.681183 0.801461 0 2 11 1.3796 1.59483  0 1 11 1.19402 1.5284  0 0 10 1.07184 1.50033  0 5 12 1.01494 1.43568  0 1 9 0.999212 1.49694 
3500 11 0 2 0 0 12 3.67731 0.0619375 0.382288 0.0013234 0.0131677 3.05442 1.06476 0.736542 0.180351 0.09944 0.78145 0 0 12 3.26837 0.0496017  0 2 11 1.3796 1.59483  0 0 11 1.30378 1.58581  0 1 11 1.19402 1.5284  0 0 10 1.07184 1.50033 
4000 11 0 2 0 0 12 3.67731 0.0619375 0.459547 0.0013234 0.0131677 3.59385 0.364601 0.736542 0.180351 0.0860128 0.832984 0 0 12 3.56237 0.0488765  0 0 14 2.41582 0.0290381  0 2 11 1.3796 1.59483  0 0 11 1.30378 1.58581  0 1 11 1.19402 1.5284 
4500 0 0 13 0 0 12 3.73837 0.0524851 0.536784 3.42032 0.993369 3.59612 0.369472 0.0514472 0.867919 0.0865046 0.832924 0 0 13 3.73837 0.0524851  0 0 12 3.63612 0.0529566  0 0 14 2.41582 0.0290381  0 0 5 1.75422 1.85559  0 4 12 1.44784 1.60192 
5000 2 0 11 0 0 12 3.7462 0.0529676 0.585056 0.00153334 0.0159918 3.61849 0.372327 0.143705 0.780758 0.0849801 0.838518 0 0 13 3.73837 0.0524851  0 0 12 3.65999 0.0497979  0 0 14 2.41582 0.0290381  0 0 5 1.75422 1.85559  0 4 12 1.44784 1.60192 
5500 2 0 11 0 0 12 3.7462 0.0529676 0.625664 0.00153334 0.0159918 3.61849 0.372327 0.143705 0.780758 0.0849801 0.838518 0 0 13 3.73837 0.0524851  0 0 12 3.65999 0.0497979  0 0 14 2.41582 0.0290381  0 0 5 1.75422 1.85559  0 4 12 1.44784 1.60192 
6000 3 0 10 0 0 12 3.74986 0.0488091 0.657318 0.00160492 0.0159688 3.61849 0.372327 0.238991 0.691215 0.0849801 0.838518 0 0 13 3.73837 0.0524851  0 0 12 3.66942 0.0473201  0 1 11 2.53463 0.962099  0 0 14 2.41582 0.0290381  0 0 5 1.75422 1.85559 
6500 3 0 10 0 0 12 3.74986 0.0488091 0.681305 0.00160492 0.0159688 3.61849 0.372327 0.238991 0.691215 0.0849801 0.838518 0 0 13 3.73837 0.0524851  0 0 12 3.66942 0.0473201  0 0 11 2.76646 0.872121  0 1 11 2.53463 0.962099  0 0 14 2.41582 0.0290381 
7000 3 0 10 0 0 12 3.74986 0.0488091 0.701091 0.00160492 0.0159688 3.66602 0.383208 0.238991 0.691215 0.144191 0.787013 0 0 13 3.73837 0.0524851  0 0 12 3.69663 0.0516116  0 0 11 2.76646 0.872121  0 1 11 2.53463 0.962099  0 0 14 2.41582 0.0290381 
7500 3 0 10 0 0 13 3.74986 0.0488091 0.717426 0.00160492 0.0159688 3.42032 0.993369 0.238991 0.691215 0.072339 0.848387 0 0 13 3.73837 0.0524851  0 0 12 3.72514 0.0563527  0 0 11 2.76646 0.872121  0 1 11 2.53463 0.962099  0 0 14 2.41582 0.0290381 
8000 0 0 13 0 0 13 3.7673 0.0551624 0.735081 3.6452 0.517085 3.6452 0.517085 0.0479998 0.878517 0.072811 0.860684 0 0 13 3.7673 0.0551624  0 0 12 3.72514 0.0563527  0 0 14 2.81534 0.034393  0 0 11 2.76646 0.872121  0 1 11 2.53463 0.962099 
8500 0 0 13 0 0 13 3.7673 0.0551624 0.749599 3.6452 0.517085 3.6452 0.517085 0.0479998 0.878517 0.072811 0.860684 0 0 13 3.7673 0.0551624  0 0 12 3.72514 0.0563527  0 1 12 2.89862 0.72733  0 0 14 2.81534 0.034393  0 0 11 2.76646 0.872121 
9000 0 0 13 0 0 13 3.7673 0.0551624 0.762882 3.6452 0.517085 3.6452 0.517085 0.0479998 0.878517 0.072811 0.860684 0 0 13 3.7673 0.0551624  0 0 12 3.72514 0.0563527  0 0 10 2.92777 1.52146  0 1 12 2.89862 0.72733  0 0 14 2.81534 0.034393 
9500 0 0 13 0 0 13 3.7673 0.0551624 0.772654 3.6452 0.517085 3.6452 0.517085 0.0479998 0.878517 0.072811 0.860684 0 0 13 3.7673 0.0551624  0 0 12 3.72514 0.0563527  0 0 10 2.92777 1.52146  0 1 12 2.89862 0.72733  0 0 14 2.81534 0.034393 
10000 0 0 13 0 0 13 3.7673 0.0551624 0.78108 3.6452 0.517085 3.6452 0.517085 0.0479998 0.878517 0.072811 0.860684 0 0 13 3.7673 0.0551624  0 0 12 3.72514 0.0563527  0 0 10 2.92777 1.52146  0 1 12 2.89862 0.72733  0 0 14 2.81534 0.034393 
10500 0 0 13 0 0 13 3.7673 0.0551624 0.791613 3.6452 0.517085 3.6452 0.517085 0.0479998 0.878517 0.072811 0.860684 0 0 13 3.7673 0.0551624  0 0 12 3.72514 0.0563527  0 0 10 2.92777 1.52146  0 0 11 2.91961 0.602031  0 1 12 2.89862 0.72733 
11000 0 0 13 0 0 13 3.7673 0.0551624 0.800579 3.6452 0.517085 3.6452 0.517085 0.0479998 0.878517 0.072811 0.860684 0 0 13 3.7673 0.0551624  0 0 12 3.74725 0.045584  0 0 10 2.92777 1.52146  0 0 11 2.91961 0.602031  0 1 12 2.89862 0.72733 
11500 0 0 13 0 0 13 3.7673 0.0551624 0.807992 3.6452 0.517085 3.6452 0.517085 0.0479998 0.878517 0.072811 0.860684 0 0 13 3.7673 0.0551624  0 0 12 3.74725 0.045584  0 0 10 2.92777 1.52146  0 0 11 2.91961 0.602031  0 1 12 2.89862 0.72733 
12000 0 0 13 0 0 13 3.7673 0.0551624 0.817226 3.6452 0.517085 3.6452 0.517085 0.0479998 0.878517 0.072811 0.860684 0 0 13 3.7673 0.0551624  0 0 12 3.74725 0.045584  0 0 10 2.92777 1.52146  0 0 11 2.91961 0.602031  0 1 12 2.89862 0.72733 
12500 0 0 13 0 0 13 3.7673 0.0551624 0.827662 3.6452 0.517085 3.6452 0.517085 0.0479998 0.878517 0.072811 0.860684 0 0 13 3.7673 0.0551624  0 0 12 3.74725 0.045584  0 0 10 2.92777 1.52146  0 0 11 2.91961 0.602031  0 1 12 2.89862 0.72733 
13000 0 0 13 0 0 13 3.7673 0.0551624 0.833503 3.6452 0.517085 3.6452 0.517085 0.0479998 0.878517 0.072811 0.860684 0 0 13 3.7673 0.0551624  0 0 12 3.74725 0.045584  0 0 10 2.92777 1.52146  0 0 11 2.91961 0.602031  0 1 12 2.89862 0.72733 
13500 10 0 3 0 0 13 3.77286 0.0534289 0.842078 0.00160492 0.0159688 3.6452 0.517085 0.7008 0.229405 0.072811 0.860684 0 0 13 3.7673 0.0551624  0 0 12 3.74725 0.045584  0 0 10 2.92777 1.52146  0 0 11 2.91961 0.602031  0 1 12 2.89862 0.72733 
14000 10 0 3 0 0 13 3.77286 0.0534289 0.848684 0.00160492 0.0159688 3.6452 0.517085 0.7008 0.229405 0.072811 0.860684 0 0 13 3.7673 0.0551624  0 0 12 3.74725 0.045584  0 0 10 2.92777 1.52146  0 0 11 2.91961 0.602031  0 1 12 2.89862 0.72733 
14500 10 0 3 0 0 13 3.77286 0.0534289 0.855308 0.00160492 0.0159688 3.6452 0.517085 0.7008 0.229405 0.072811 0.860684 0 0 13 3.7673 0.0551624  0 0 12 3.74725 0.045584  0 0 10 2.92777 1.52146  0 0 11 2.91961 0.602031  0 1 12 2.89862 0.72733 
15000 10 0 3 0 0 13 3.77286 0.0534289 0.862562 0.00160492 0.0159688 3.6452 0.517085 0.7008 0.229405 0.072811 0.860684 0 0 13 3.7673 0.0551624  0 0 12 3.74725 0.045584  0 0 10 2.92777 1.52146  0 0 11 2.91961 0.602031  0 1 12 2.89862 0.72733 
15500 10 0 3 0 0 13 3.77286 0.0534289 0.866639 0.00160492 0.0159688 3.6452 0.517085 0.7008 0.229405 0.072811 0.860684 0 0 13 3.7673 0.0551624  0 0 12 3.74725 0.045584  0 0 10 2.92777 1.52146  0 0 11 2.91961 0.602031  0 1 12 2.89862 0.72733 
16000 10 0 3 0 0 13 3.77286 0.0534289 0.870856 0.00160492 0.0159688 3.6452 0.517085 0.7008 0.229405 0.072811 0.860684 0 0 13 3.7673 0.0551624  0 0 12 3.74725 0.045584  0 0 10 2.92777 1.52146  0 0 11 2.91961 0.602031  0 1 12 2.89862 0.72733 
16500 10 0 3 0 0 13 3.77286 0.0534289 0.875558 0.00160492 0.0159688 3.6452 0.517085 0.7008 0.229405 0.072811 0.860684 0 0 13 3.7673 0.0551624  0 0 12 3.74725 0.045584  0 0 11 3.04902 1.3999  0 0 10 2.92777 1.52146  0 1 12 2.89862 0.72733 
17000 10 0 3 0 0 13 3.77286 0.0534289 0.881072 0.00160492 0.0159688 3.6452 0.517085 0.7008 0.229405 0.072811 0.860684 0 0 13 3.7673 0.0551624  0 0 12 3.74725 0.045584  0 0 11 3.04902 1.3999  0 0 10 2.92777 1.52146  0 1 12 2.89862 0.72733 
17500 10 0 3 0 0 13 3.77286 0.0534289 0.885681 0.00160492 0.0159688 3.6452 0.517085 0.7008 0.229405 0.072811 0.860684 0 0 13 3.7673 0.0551624  0 0 12 3.74725 0.045584  0 0 11 3.04902 1.3999  0 0 10 2.92777 1.52146  0 1 12 2.89862 0.72733 
18000 10 0 3 0 0 13 3.77286 0.0534289 0.890559 0.00160492 0.0159688 3.6452 0.517085 0.7008 0.229405 0.072811 0.860684 0 0 13 3.7673 0.0551624  0 0 12 3.74725 0.045584  0 0 11 3.04902 1.3999  0 0 10 2.92777 1.52146  0 1 12 2.89862 0.72733 
18500 10 0 3 0 0 13 3.77286 0.0534289 0.896676 0.00160492 0.0159688 3.6452 0.517085 0.7008 0.229405 0.072811 0.860684 0 0 13 3.7673 0.0551624  0 0 12 3.74725 0.045584  0 0 11 3.04902 1.3999  0 0 10 2.92777 1.52146  0 1 12 2.89862 0.72733 
19000 10 0 3 0 0 13 3.77286 0.0534289 0.901931 0.00160492 0.0159688 3.6452 0.517085 0.7008 0.229405 0.072811 0.860684 0 0 13 3.7673 0.0551624  0 0 12 3.74725 0.045584  0 0 11 3.04902 1.3999  0 0 10 2.92777 1.52146  0 1 12 2.89862 0.72733 
19500 10 0 3 0 0 13 3.77286 0.0534289 0.906839 0.00160492 0.0159688 3.6452 0.517085 0.7008 0.229405 0.072811 0.860684 0 0 13 3.7673 0.0551624  0 0 12 3.74725 0.045584  0 0 11 3.04902 1.3999  0 0 10 2.92777 1.52146  0 1 12 2.89862 0.72733 
20000 10 0 3 0 0 13 3.77286 0.0534289 0.911188 0.00160492 0.0159688 3.6452 0.517085 0.7008 0.229405 0.072811 0.860684 0 0 13 3.7673 0.0551624  0 0 12 3.74725 0.045584  0 0 11 3.2102 1.22695  0 0 10 2.92777 1.52146  0 1 12 2.89862 0.72733 
