500 3 0 5 0 0 8 3.43396 0.0512107 0.0933979 0.00377501 0.026492 0.0823206 0.282377 0.347379 0.596833 0.382925 0.758015 0 1 8 0.589232 0.323322  0 0 8 0.360254 0.226587  0 0 4 0.269289 0.85542  0 0 0 0.235961 0.79929  0 0 1 0.233389 0.802759 
1000 3 0 5 0 0 7 3.6474 0.0524746 0.274324 -0.00147075 0.0105207 1.50839 0.376418 0.336531 0.596169 0.15224 0.736793 0 0 7 1.504 0.0417163  0 0 5 1.43885 1.49178  0 0 4 1.29216 1.46151  0 2 6 1.16881 1.48974  0 3 6 0.899314 1.39072 
1500 1 0 7 0 0 7 3.64887 0.0528366 0.428974 -0.00110575 0.00985548 3.29722 0.460352 0.185288 0.738905 0.187071 0.72601 0 0 7 3.25721 0.0430552  0 0 5 1.43885 1.49178  0 0 4 1.34899 1.77422  0 0 6 1.22582 1.49247  0 2 6 1.16881 1.48974 
2000 1 0 7 0 0 7 3.74749 0.0475261 0.570156 -0.00077657 0.00950408 3.29722 0.460352 0.180163 0.754557 0.187071 0.72601 0 0 7 3.25721 0.0430552  0 0 6 2.27226 1.78186  0 1 5 1.59986 1.57561  0 0 5 1.56777 1.59808  0 0 3 1.44703 1.7364 
2500 1 0 7 0 0 7 3.74749 0.0475261 0.678831 -0.00077657 0.00950408 3.58776 0.348639 0.180163 0.754557 0.176307 0.747135 0 0 7 3.48384 0.0548615  0 0 8 3.37792 0.0464392  0 0 6 2.53956 1.7447  0 0 5 2.43253 1.74775  0 0 4 1.7151 1.84214 
3000 1 0 7 0 0 9 3.77381 0.0507962 0.755474 0.00105817 0.0105287 1.02825 1.07696 0.196268 0.738465 0.00406615 0.883824 0 0 8 3.68729 0.0417869  0 0 7 3.5174 0.0526138  0 0 6 2.53956 1.7447  0 0 5 2.43253 1.74775  0 0 9 2.06548 0.0347268 
3500 1 0 7 0 0 7 3.77381 0.0507962 0.796473 0.00105817 0.0105287 0.00106531 0.0105997 0.196268 0.738465 0.236233 0.106825 0 0 8 3.71864 0.0548936  0 0 7 3.5174 0.0526138  0 0 6 2.53956 1.7447  0 0 5 2.43253 1.74775  0 0 4 2.13384 1.85654 
4000 1 0 7 0 0 7 3.77381 0.0507962 0.826664 0.00105817 0.0105287 0.00106531 0.0105997 0.196268 0.738465 0.236233 0.106825 0 0 8 3.71864 0.0548936  0 0 7 3.5174 0.0526138  0 0 6 2.53956 1.7447  0 0 5 2.43253 1.74775  0 0 4 2.13384 1.85654 
4500 1 0 7 0 0 7 3.77381 0.0507962 0.851404 0.00105817 0.0105287 0.00106531 0.0105997 0.196268 0.738465 0.236233 0.106825 0 0 8 3.71864 0.0548936  0 0 7 3.5174 0.0526138  0 0 6 2.53956 1.7447  0 0 5 2.43253 1.74775  0 0 4 2.13384 1.85654 
5000 1 0 7 0 0 9 3.77381 0.0507962 0.870808 0.00105817 0.0105287 1.54316 1.46035 0.196268 0.738465 0.0133276 0.876379 0 0 8 3.71864 0.0548936  0 0 7 3.52312 0.0555765  0 0 6 2.57449 1.68868  0 0 5 2.43253 1.74775  0 0 9 2.31837 1.1068 
5500 1 0 7 0 0 9 3.77381 0.0507962 0.879655 0.00105817 0.0105287 1.54316 1.46035 0.196268 0.738465 0.0133276 0.876379 0 0 8 3.71864 0.0548936  0 0 7 3.52312 0.0555765  0 0 6 2.57449 1.68868  0 0 5 2.43253 1.74775  0 0 9 2.31837 1.1068 
6000 1 0 7 0 0 9 3.77381 0.0507962 0.894434 0.00105817 0.0105287 1.32842 1.30531 0.196268 0.738465 0.0425507 0.775675 0 0 8 3.72856 0.0484547  0 0 7 3.52312 0.0555765  0 0 6 2.57449 1.68868  0 0 9 2.51288 0.0808934  0 0 5 2.43253 1.74775 
6500 1 0 7 0 0 9 3.77381 0.0507962 0.912407 0.00105817 0.0105287 1.32842 1.30531 0.196268 0.738465 0.0425507 0.775675 0 0 8 3.72856 0.0484547  0 0 7 3.52312 0.0555765  0 0 6 2.57449 1.68868  0 0 9 2.51288 0.0808934  0 0 5 2.43253 1.74775 
7000 1 0 7 0 0 9 3.77381 0.0507962 0.926669 0.00105817 0.0105287 1.32842 1.30531 0.196268 0.738465 0.0425507 0.775675 0 0 8 3.72856 0.0484547  0 0 7 3.52312 0.0555765  0 0 6 2.57449 1.68868  0 0 9 2.51288 0.0808934  0 0 5 2.43253 1.74775 
7500 1 0 7 0 0 9 3.77381 0.0507962 0.942011 0.00105817 0.0105287 1.32842 1.30531 0.196268 0.738465 0.0425507 0.775675 0 0 8 3.72856 0.0484547  0 0 7 3.52312 0.0555765  0 0 6 2.57449 1.68868  0 0 9 2.51288 0.0808934  0 0 5 2.43253 1.74775 
8000 1 0 7 0 0 9 3.77381 0.0507962 0.952273 0.00105817 0.0105287 1.32842 1.30531 0.196268 0.738465 0.0425507 0.775675 0 0 8 3.72856 0.0484547  0 0 7 3.52312 0.0555765  0 0 6 2.57449 1.68868  0 0 9 2.51288 0.0808934  0 0 5 2.43253 1.74775 
8500 1 0 7 0 0 9 3.77381 0.0507962 0.962448 0.00105817 0.0105287 1.32842 1.30531 0.196268 0.738465 0.0425507 0.775675 0 0 8 3.72856 0.0484547  0 0 7 3.53499 0.0546291  0 0 6 2.57449 1.68868  0 0 9 2.51288 0.0808934  0 0 5 2.43253 1.74775 
9000 1 0 7 0 0 9 3.77381 0.0507962 0.970953 0.00105817 0.0105287 1.32842 1.30531 0.196268 0.738465 0.0425507 0.775675 0 0 8 3.72856 0.0484547  0 0 7 3.53499 0.0546291  0 0 6 2.76447 1.4558  0 0 9 2.51288 0.0808934  0 0 5 2.43253 1.74775 
9500 1 0 7 0 1 8 3.77381 0.0507962 0.981426 0.00105817 0.0105287 3.36437 0.464914 0.196268 0.738465 0.0621809 0.833713 0 0 8 3.73383 0.044926  0 0 7 3.53499 0.0546291  0 0 6 2.76447 1.4558  0 0 9 2.51288 0.0808934  0 1 8 2.44702 1.16358 
10000 1 0 7 0 1 8 3.77381 0.0507962 0.990112 0.00105817 0.0105287 3.36437 0.464914 0.196268 0.738465 0.0621809 0.833713 0 0 8 3.74064 0.0503298  0 0 7 3.55735 0.0530483  0 0 6 2.76447 1.4558  0 0 9 2.51288 0.0808934  0 1 8 2.44702 1.16358 
10500 1 0 7 0 1 8 3.77381 0.0507962 1.00061 0.00105817 0.0105287 3.36437 0.464914 0.196268 0.738465 0.0621809 0.833713 0 0 8 3.74064 0.0503298  0 0 7 3.55735 0.0530483  0 0 6 2.76447 1.4558  0 0 9 2.51288 0.0808934  0 1 8 2.44702 1.16358 
11000 1 0 7 0 1 8 3.7763 0.0491477 1.00674 0.000659462 0.00821862 3.36437 0.464914 0.162597 0.769301 0.0621809 0.833713 0 0 8 3.74205 0.0481073  0 0 7 3.55735 0.0530483  0 0 6 2.76447 1.4558  0 0 9 2.51288 0.0808934  0 1 8 2.44702 1.16358 
11500 1 0 7 0 1 8 3.7763 0.0491477 1.01309 0.000659462 0.00821862 3.36437 0.464914 0.162597 0.769301 0.0621809 0.833713 0 0 8 3.74205 0.0481073  0 0 7 3.55735 0.0530483  0 0 6 2.76447 1.4558  0 0 9 2.51288 0.0808934  0 1 8 2.44702 1.16358 
12000 1 0 7 0 1 8 3.7763 0.0491477 1.02123 0.000659462 0.00821862 3.36437 0.464914 0.162597 0.769301 0.0621809 0.833713 0 0 8 3.74205 0.0481073  0 0 7 3.55735 0.0530483  0 0 9 3.34231 0.0662626  0 0 6 2.76447 1.4558  0 1 8 2.44702 1.16358 
12500 1 0 7 0 1 8 3.7763 0.0491477 1.02964 0.000659462 0.00821862 3.36437 0.464914 0.162597 0.769301 0.0621809 0.833713 0 0 8 3.74205 0.0481073  0 0 7 3.55735 0.0530483  0 0 9 3.46211 0.0619755  0 0 6 2.76447 1.4558  0 1 8 2.44702 1.16358 
13000 1 0 7 0 1 8 3.7763 0.0491477 1.04056 0.000659462 0.00821862 3.36437 0.464914 0.162597 0.769301 0.0621809 0.833713 0 0 8 3.74205 0.0481073  0 0 7 3.55735 0.0530483  0 0 9 3.46211 0.0619755  0 0 6 2.83819 1.56398  0 1 8 2.44702 1.16358 
13500 1 0 7 0 1 8 3.7763 0.0491477 1.04895 0.000659462 0.00821862 3.36437 0.464914 0.162597 0.769301 0.0621809 0.833713 0 0 8 3.74205 0.0481073  0 0 7 3.55735 0.0530483  0 0 9 3.46211 0.0619755  0 0 6 2.83819 1.56398  0 1 8 2.44702 1.16358 
14000 1 0 7 0 1 8 3.7763 0.0491477 1.0576 0.000659462 0.00821862 3.36437 0.464914 0.162597 0.769301 0.0621809 0.833713 0 0 8 3.74205 0.0481073  0 0 7 3.55735 0.0530483  0 0 9 3.46211 0.0619755  0 0 6 2.83819 1.56398  0 1 8 2.44702 1.16358 
14500 1 0 7 0 1 8 3.7763 0.0491477 1.06265 0.000659462 0.00821862 3.36437 0.464914 0.162597 0.769301 0.0621809 0.833713 0 0 8 3.74205 0.0481073  0 0 7 3.55735 0.0530483  0 0 9 3.46211 0.0619755  0 0 6 2.83819 1.56398  0 1 8 2.44702 1.16358 
15000 1 0 7 0 1 8 3.7763 0.0491477 1.06567 0.000659462 0.00821862 3.36437 0.464914 0.162597 0.769301 0.0621809 0.833713 0 0 8 3.74205 0.0481073  0 0 7 3.55735 0.0530483  0 0 9 3.46211 0.0619755  0 0 6 2.83819 1.56398  0 1 8 2.44702 1.16358 
15500 1 0 7 0 1 8 3.7763 0.0491477 1.07058 0.000659462 0.00821862 3.36437 0.464914 0.162597 0.769301 0.0621809 0.833713 0 0 8 3.74205 0.0481073  0 0 7 3.55735 0.0530483  0 0 9 3.46211 0.0619755  0 0 6 2.83819 1.56398  0 1 8 2.44702 1.16358 
16000 1 0 7 0 0 9 3.7763 0.0491477 1.07348 0.000659462 0.00821862 3.28848 0.95758 0.162597 0.769301 0.0126005 0.905072 0 0 8 3.74205 0.0481073  0 0 7 3.55735 0.0530483  0 0 9 3.46211 0.0619755  0 0 6 2.83819 1.56398  0 2 8 2.44833 1.5453 
16500 1 0 7 0 0 9 3.7763 0.0491477 1.08074 0.000659462 0.00821862 3.28848 0.95758 0.162597 0.769301 0.0126005 0.905072 0 0 8 3.74205 0.0481073  0 0 7 3.55735 0.0530483  0 0 9 3.46211 0.0619755  0 0 6 2.83819 1.56398  0 0 5 2.60977 1.72663 
17000 1 0 7 0 0 9 3.7763 0.0491477 1.08586 0.000659462 0.00821862 1.28818 1.71994 0.162597 0.769301 0.00519362 0.933992 0 0 8 3.74205 0.0481073  0 0 7 3.55735 0.0530483  0 0 9 3.47424 0.257401  0 0 6 2.83819 1.56398  0 0 5 2.60977 1.72663 
17500 1 0 7 0 0 9 3.7763 0.0491477 1.08998 0.000659462 0.00821862 1.28818 1.71994 0.162597 0.769301 0.00519362 0.933992 0 0 8 3.74205 0.0481073  0 0 7 3.55735 0.0530483  0 0 9 3.47424 0.257401  0 0 6 2.83819 1.56398  0 0 5 2.60977 1.72663 
18000 1 0 7 0 0 9 3.7763 0.0491477 1.09437 0.000659462 0.00821862 1.28818 1.71994 0.162597 0.769301 0.00519362 0.933992 0 0 8 3.74205 0.0481073  0 0 7 3.55735 0.0530483  0 0 9 3.47424 0.257401  0 0 6 2.83819 1.56398  0 0 5 2.60977 1.72663 
18500 1 0 7 0 0 9 3.7763 0.0491477 1.10153 0.000659462 0.00821862 1.28818 1.71994 0.162597 0.769301 0.00519362 0.933992 0 0 8 3.74205 0.0481073  0 0 7 3.55735 0.0530483  0 0 9 3.47424 0.257401  0 0 6 2.83819 1.56398  0 0 5 2.60977 1.72663 
19000 1 0 7 0 0 9 3.7763 0.0491477 1.10341 0.000659462 0.00821862 1.28818 1.71994 0.162597 0.769301 0.00519362 0.933992 0 0 8 3.74205 0.0481073  0 0 7 3.55735 0.0530483  0 0 9 3.47424 0.257401  0 0 6 2.83819 1.56398  0 0 5 2.60977 1.72663 
19500 1 0 7 0 0 9 3.7763 0.0491477 1.10341 0.000659462 0.00821862 1.28818 1.71994 0.162597 0.769301 0.00519362 0.933992 0 0 8 3.74205 0.0481073  0 0 7 3.55735 0.0530483  0 0 9 3.47424 0.257401  0 0 6 2.83819 1.56398  0 0 5 2.60977 1.72663 
20000 1 0 7 0 0 9 3.7763 0.0491477 1.10691 0.000659462 0.00821862 1.28818 1.71994 0.162597 0.769301 0.00519362 0.933992 0 0 8 3.74205 0.0481073  0 0 7 3.55735 0.0530483  0 0 9 3.47424 0.257401  0 0 6 2.83819 1.56398  0 0 5 2.60977 1.72663 
