500 1 0 3 0 0 1 3.42551 0.0415583 0.739324 0.0100712 0.0947977 0.00643638 0.0729397 0.253798 0.68113 0.0888014 0.288084 0 0 4 1.80939 1.66766  0 0 3 1.13857 0.275325  0 0 1 1.01942 1.19691  0 0 2 0.780323 0.541663  0 1 3 0.648064 0.596172 
1000 1 0 3 0 0 2 3.53428 0.0428681 1.11535 -0.00326014 0.0104034 0.061913 0.443718 0.306763 0.634119 0.491792 0.341219 0 0 3 3.49996 0.0421954  0 0 2 2.27605 1.5271  0 1 3 2.21426 1.45198  0 0 4 1.80939 1.66766  0 0 1 1.37321 1.17864 
1500 1 0 3 0 0 1 3.53429 0.0450077 1.15323 0.00437825 0.0629003 0.060404 0.442022 0.275534 0.659216 0.567773 0.348739 0 0 3 3.49996 0.0421954  0 0 2 2.54077 1.52509  0 1 3 2.21426 1.45198  0 0 4 1.80939 1.66766  0 0 1 1.42326 1.69872 
2000 1 0 3 0 0 2 3.56191 0.0414261 1.20366 0.00308142 0.0648303 0.0277992 0.296101 0.296438 0.639953 0.375927 0.234607 0 0 3 3.49996 0.0421954  0 0 2 2.54077 1.52509  0 1 3 2.21426 1.45198  0 0 4 1.80939 1.66766  0 0 1 1.7306 1.73754 
2500 1 0 3 0 0 2 3.56485 0.0416666 1.25249 -0.00125088 0.0336397 0.0277992 0.296101 0.295317 0.643313 0.375927 0.234607 0 0 3 3.49996 0.0421954  0 0 2 2.54077 1.52509  0 1 3 2.21426 1.45198  0 0 4 1.80939 1.66766  0 0 1 1.7306 1.73754 
3000 1 0 3 0 0 2 3.61012 0.0426937 1.27423 -0.00104122 0.0150174 0.00411652 0.0523757 0.285579 0.661111 0.47013 0.406427 0 0 3 3.49996 0.0421954  0 0 2 2.55033 1.50158  0 1 3 2.31321 1.43261  0 0 4 1.80939 1.66766  0 0 1 1.7306 1.73754 
3500 1 0 3 0 0 4 3.61883 0.0401437 1.31899 0.00303402 0.0301881 0.129174 0.620622 0.269848 0.670478 0.00854785 0.788892 0 0 3 3.49996 0.0421954  0 0 2 2.75371 1.53177  0 0 4 2.68355 0.845608  0 1 3 2.31321 1.43261  0 1 4 1.86896 1.44529 
4000 1 0 3 0 0 4 3.62095 0.042792 1.36549 -0.000816267 0.0149941 0.990077 1.50873 0.299044 0.645099 0.0612114 0.759821 0 0 3 3.6164 0.043686  0 0 4 3.19078 0.0354362  0 0 2 2.75371 1.53177  0 1 3 2.31321 1.43261  0 1 4 1.86896 1.44529 
4500 1 0 3 0 0 4 3.62095 0.042792 1.38209 -0.000816267 0.0149941 0.484822 1.20002 0.299044 0.645099 0.0908519 0.599207 0 0 3 3.6164 0.043686  0 0 4 3.273 0.0428306  0 0 2 2.75371 1.53177  0 1 3 2.34839 1.34053  0 1 4 1.86896 1.44529 
5000 1 0 3 0 0 4 3.62787 0.0428961 1.39634 -0.0010393 0.0141119 0.486648 1.20807 0.25643 0.685668 0.0510117 0.533914 0 0 3 3.6164 0.043686  0 0 4 3.28566 0.0410949  0 0 2 2.75371 1.53177  0 1 3 2.44423 1.33146  0 1 4 2.16814 1.23788 
5500 1 0 3 0 0 4 3.62787 0.0428961 1.40585 -0.0010393 0.0141119 0.486648 1.20807 0.25643 0.685668 0.0510117 0.533914 0 0 3 3.62006 0.0425115  0 0 4 3.28566 0.0410949  0 0 2 2.75371 1.53177  0 1 3 2.44423 1.33146  0 1 4 2.16814 1.23788 
6000 1 0 3 0 0 4 3.64416 0.0423798 1.40548 -0.00121594 0.0143181 0.486648 1.20807 0.24723 0.692798 0.0510117 0.533914 0 0 3 3.62006 0.0425115  0 0 4 3.28566 0.0410949  0 0 2 2.75371 1.53177  0 1 3 2.65594 1.38156  0 1 4 2.16814 1.23788 
6500 1 0 3 0 0 4 3.64416 0.0423798 1.42582 -0.00121594 0.0143181 0.486648 1.20807 0.24723 0.692798 0.0510117 0.533914 0 0 3 3.62006 0.0425115  0 0 4 3.28566 0.0410949  0 0 2 2.75371 1.53177  0 1 3 2.65594 1.38156  0 1 4 2.16814 1.23788 
7000 0 0 3 0 0 4 3.65095 0.0431369 1.43689 0.22732 0.873836 0.486648 1.20807 0.198442 0.729045 0.0510117 0.533914 0 0 3 3.65095 0.0431369  0 0 4 3.28566 0.0410949  0 0 2 2.75371 1.53177  0 1 3 2.65594 1.38156  0 1 4 2.16814 1.23788 
7500 1 0 3 0 0 3 3.65238 0.0376626 1.4489 -0.000983985 0.0139514 0.22732 0.873836 0.24573 0.692421 0.772944 0.0517804 0 0 3 3.65095 0.0431369  0 0 4 3.47464 0.547227  0 0 2 2.75371 1.53177  0 1 3 2.65594 1.38156  0 1 4 2.16814 1.23788 
8000 1 0 3 0 0 3 3.65238 0.0376626 1.4531 -0.000983985 0.0139514 0.22732 0.873836 0.24573 0.692421 0.772944 0.0517804 0 0 3 3.65095 0.0431369  0 0 4 3.47464 0.547227  0 0 2 2.75371 1.53177  0 1 3 2.65594 1.38156  0 1 4 2.16814 1.23788 
8500 1 0 3 0 0 3 3.65238 0.0376626 1.44622 -0.000983985 0.0139514 0.22732 0.873836 0.24573 0.692421 0.772944 0.0517804 0 0 3 3.65095 0.0431369  0 0 4 3.47464 0.547227  0 0 2 2.75371 1.53177  0 1 3 2.65594 1.38156  0 1 4 2.16814 1.23788 
9000 1 0 3 0 0 3 3.67119 0.0378955 1.44968 -0.00061625 0.0154857 0.22732 0.873836 0.270272 0.675094 0.772944 0.0517804 0 0 3 3.65095 0.0431369  0 0 4 3.47464 0.547227  0 0 2 2.75371 1.53177  0 1 3 2.65594 1.38156  0 1 4 2.16814 1.23788 
9500 1 0 3 0 0 3 3.67119 0.0378955 1.45651 -0.00061625 0.0154857 0.22732 0.873836 0.270272 0.675094 0.772944 0.0517804 0 0 3 3.65095 0.0431369  0 0 4 3.51188 0.0412116  0 0 2 2.75371 1.53177  0 1 3 2.65594 1.38156  0 1 4 2.16814 1.23788 
10000 1 0 3 0 1 4 3.67119 0.0378955 1.46283 -0.00061625 0.0154857 1.11853 1.4205 0.270272 0.675094 0.264939 0.826987 0 0 3 3.65095 0.0431369  0 0 4 3.51188 0.0412116  0 0 2 2.75371 1.53177  0 1 3 2.65594 1.38156  0 1 4 2.33572 1.31029 
10500 1 0 3 0 1 4 3.67119 0.0378955 1.47206 -0.00061625 0.0154857 1.11853 1.4205 0.270272 0.675094 0.264939 0.826987 0 0 3 3.65095 0.0431369  0 0 4 3.51188 0.0412116  0 0 2 2.75371 1.53177  0 1 3 2.65594 1.38156  0 1 4 2.33572 1.31029 
11000 1 0 3 0 0 3 3.67119 0.0378955 1.48123 -0.00061625 0.0154857 0.22732 0.873836 0.270272 0.675094 0.772944 0.0517804 0 0 3 3.65095 0.0431369  0 0 4 3.51188 0.0412116  0 0 2 2.75371 1.53177  0 1 3 2.65594 1.38156  0 1 4 2.45541 1.36984 
11500 1 0 3 0 0 3 3.67119 0.0378955 1.48418 -0.00061625 0.0154857 0.22732 0.873836 0.270272 0.675094 0.772944 0.0517804 0 0 3 3.65095 0.0431369  0 0 4 3.51188 0.0412116  0 0 2 2.75371 1.53177  0 1 3 2.65594 1.38156  0 1 4 2.45541 1.36984 
12000 0 0 3 0 0 3 3.69575 0.0422981 1.49387 0.230809 0.888649 0.230809 0.888649 0.17059 0.756839 0.718721 0.0570835 0 0 3 3.69575 0.0422981  0 0 4 3.51188 0.0412116  0 0 2 2.75371 1.53177  0 1 3 2.65594 1.38156  0 1 4 2.45541 1.36984 
12500 0 0 3 0 0 3 3.69575 0.0422981 1.51891 0.230809 0.888649 0.230809 0.888649 0.17059 0.756839 0.718721 0.0570835 0 0 3 3.69575 0.0422981  0 0 4 3.60513 0.231239  0 0 2 2.75371 1.53177  0 1 3 2.65594 1.38156  0 1 4 2.45541 1.36984 
13000 0 0 3 0 0 3 3.69575 0.0422981 1.52378 0.230809 0.888649 0.230809 0.888649 0.17059 0.756839 0.718721 0.0570835 0 0 3 3.69575 0.0422981  0 0 4 3.69223 0.0363676  0 0 2 2.75371 1.53177  0 1 3 2.65594 1.38156  0 1 4 2.45541 1.36984 
13500 0 0 4 0 0 4 3.74045 0.159598 1.52529 0.535787 1.34114 0.535787 1.34114 0.107804 0.818348 0.0953321 0.603031 0 0 4 3.74045 0.159598  0 0 3 3.69575 0.0422981  0 0 2 2.75371 1.53177  0 1 3 2.65594 1.38156  0 1 4 2.45541 1.36984 
14000 0 0 4 0 0 4 3.74045 0.159598 1.52739 0.535787 1.34114 0.535787 1.34114 0.107804 0.818348 0.0953321 0.603031 0 0 4 3.74045 0.159598  0 0 3 3.69575 0.0422981  0 0 2 2.75371 1.53177  0 1 3 2.65594 1.38156  0 1 4 2.45541 1.36984 
14500 0 0 4 0 0 4 3.75506 0.0445494 1.53726 0.53619 1.34084 0.53619 1.34084 0.111619 0.815447 0.132238 0.609431 0 0 4 3.75506 0.0445494  0 0 3 3.70278 0.0399138  0 0 2 2.78533 1.51584  0 1 3 2.65594 1.38156  0 1 4 2.45541 1.36984 
15000 0 0 4 0 0 4 3.75506 0.0445494 1.54007 0.53619 1.34084 0.53619 1.34084 0.111619 0.815447 0.132238 0.609431 0 0 4 3.75506 0.0445494  0 0 3 3.73714 0.192312  0 0 2 2.78533 1.51584  0 1 3 2.65594 1.38156  0 1 4 2.45541 1.36984 
15500 0 0 4 0 0 4 3.75506 0.0445494 1.54426 0.53619 1.34084 0.53619 1.34084 0.111619 0.815447 0.132238 0.609431 0 0 4 3.75506 0.0445494  0 0 3 3.73714 0.192312  0 0 2 2.78533 1.51584  0 1 3 2.65594 1.38156  0 1 4 2.45541 1.36984 
16000 0 0 4 0 0 4 3.75836 0.0455592 1.54493 0.536006 1.34111 0.536006 1.34111 0.0976827 0.829098 0.102844 0.640046 0 0 4 3.75836 0.0455592  0 0 3 3.73839 0.29981  0 0 2 2.78533 1.51584  0 1 3 2.65594 1.38156  0 1 4 2.45541 1.36984 
16500 0 0 4 0 0 4 3.75836 0.0455592 1.54683 0.536006 1.34111 0.536006 1.34111 0.0976827 0.829098 0.102844 0.640046 0 0 4 3.75836 0.0455592  0 0 3 3.73839 0.29981  0 0 2 2.78533 1.51584  0 1 3 2.65594 1.38156  0 1 4 2.45541 1.36984 
17000 1 0 3 0 0 4 3.76852 0.0516092 1.54935 -0.000408943 0.0171137 0.00150704 0.0158969 0.214033 0.725443 0.246089 0.126494 0 0 4 3.7636 0.0457541  0 0 3 3.73839 0.29981  0 0 2 2.78533 1.51584  0 1 3 2.65594 1.38156  0 1 4 2.45541 1.36984 
17500 1 0 3 0 0 3 3.76852 0.0516092 1.55103 -0.000408943 0.0171137 0.00151217 0.0158373 0.214033 0.725443 0.246122 0.116418 0 0 4 3.7636 0.0457541  0 0 3 3.74607 0.046057  0 0 2 2.78533 1.51584  0 1 3 2.65594 1.38156  0 1 4 2.45541 1.36984 
18000 1 0 3 0 0 3 3.76852 0.0516092 1.55168 -0.000408943 0.0171137 0.00151217 0.0158373 0.214033 0.725443 0.246122 0.116418 0 0 4 3.7636 0.0457541  0 0 3 3.74607 0.046057  0 0 2 2.79624 1.39935  0 1 3 2.65594 1.38156  0 1 4 2.47158 1.4986 
18500 1 0 3 0 0 3 3.76852 0.0516092 1.55233 -0.000408943 0.0171137 0.00151217 0.0158373 0.214033 0.725443 0.246122 0.116418 0 0 4 3.7636 0.0457541  0 0 3 3.74607 0.046057  0 0 2 2.85091 1.47042  0 1 3 2.65594 1.38156  0 1 4 2.47158 1.4986 
19000 1 0 3 0 0 3 3.76852 0.0516092 1.5537 -0.000408943 0.0171137 0.00300084 0.0311738 0.214033 0.725443 0.629788 0.321552 0 0 4 3.7636 0.0457541  0 0 3 3.7565 0.0447499  0 0 2 2.85091 1.47042  0 1 3 2.65594 1.38156  0 1 4 2.47158 1.4986 
19500 1 0 3 0 0 3 3.76852 0.0516092 1.55607 -0.000408943 0.0171137 0.00300084 0.0311738 0.214033 0.725443 0.629788 0.321552 0 0 4 3.7636 0.0457541  0 0 3 3.7565 0.0447499  0 0 2 2.85091 1.47042  0 1 3 2.65594 1.38156  0 1 4 2.47158 1.4986 
20000 1 0 3 0 0 3 3.76852 0.0516092 1.56012 -0.000408943 0.0171137 0.00300084 0.0311738 0.214033 0.725443 0.629788 0.321552 0 0 4 3.7636 0.0457541  0 0 3 3.7565 0.0447499  0 0 2 2.85091 1.47042  0 1 3 2.65594 1.38156  0 1 4 2.47158 1.4986 
