500 2 0 7 0 0 5 3.61695 0.0477038 0.150409 0.868292 1.58113 0.543125 1.31696 0.209459 0.710016 0.0999571 0.528918 0 0 9 0.0974828 0.503878  0 0 5 0.0558469 0.329657  0 3 9 0.0412458 0.154509  0 8 9 0.0388829 0.213386  0 3 8 0.0326851 0.129408 
1000 2 0 7 0 0 8 3.61695 0.0477038 0.370367 0.868292 1.58113 3.36896 0.637535 0.209459 0.710016 0.123864 0.778273 0 0 8 3.41473 0.241541  0 0 7 3.01145 0.0447435  0 0 6 2.03012 1.42804  0 0 4 1.35757 1.77207  0 0 5 1.27716 1.71582 
1500 1 0 7 0 0 7 3.77159 0.0481947 0.511165 0.0013103 0.0265914 3.26818 0.784474 0.190131 0.749405 0.129925 0.756041 0 0 8 3.72506 0.0433284  0 0 7 3.41523 0.0485675  0 0 6 2.57037 1.69979  0 0 5 1.66071 1.72301  0 0 4 1.36009 1.42571 
2000 1 0 7 0 0 7 3.77159 0.0481947 0.629765 0.0013103 0.0265914 0.505076 1.24934 0.190131 0.749405 0.0459616 0.629315 0 0 8 3.76251 0.0489844  0 0 7 3.4202 0.0431081  0 0 6 2.57037 1.69979  0 0 4 2.04354 1.80868  0 0 5 1.66071 1.72301 
2500 1 0 8 0 0 7 3.7719 0.0474603 0.7258 0.0394159 0.371554 3.45679 0.350515 0.117927 0.813226 0.0800776 0.816516 0 0 8 3.76251 0.0489844  0 0 7 3.44666 0.396006  0 0 6 2.57037 1.69979  0 1 8 2.40561 1.51378  0 0 4 2.04354 1.80868 
3000 1 0 8 0 0 7 3.7719 0.0474603 0.781053 0.0394159 0.371554 3.45679 0.350515 0.117927 0.813226 0.0800776 0.816516 0 0 8 3.76251 0.0489844  0 0 7 3.44666 0.396006  0 0 6 2.57037 1.69979  0 1 8 2.40561 1.51378  0 0 4 2.04354 1.80868 
3500 1 0 8 0 0 7 3.7719 0.0474603 0.813138 0.0394159 0.371554 3.45679 0.350515 0.117927 0.813226 0.0800776 0.816516 0 0 8 3.76251 0.0489844  0 0 7 3.44666 0.396006  0 0 6 2.57037 1.69979  0 1 8 2.40561 1.51378  0 2 8 2.08955 1.49919 
4000 1 0 8 0 0 7 3.7719 0.0474603 0.85264 0.0394159 0.371554 3.45679 0.350515 0.117927 0.813226 0.0800776 0.816516 0 0 8 3.76251 0.0489844  0 0 7 3.44666 0.396006  0 1 8 2.95456 1.21145  0 0 6 2.57037 1.69979  0 0 5 2.28577 1.5679 
4500 1 0 8 0 0 7 3.7719 0.0474603 0.876776 0.0394159 0.371554 3.45679 0.350515 0.117927 0.813226 0.0800776 0.816516 0 0 8 3.76251 0.0489844  0 0 7 3.44666 0.396006  0 1 8 2.95456 1.21145  0 0 6 2.57037 1.69979  0 0 5 2.28577 1.5679 
5000 1 0 8 0 0 7 3.7719 0.0474603 0.897391 0.0394159 0.371554 3.45679 0.350515 0.117927 0.813226 0.0800776 0.816516 0 0 8 3.76251 0.0489844  0 0 7 3.44666 0.396006  0 1 8 2.95456 1.21145  0 0 6 2.57037 1.69979  0 0 5 2.28577 1.5679 
5500 1 0 8 0 0 7 3.7719 0.0474603 0.913522 0.0394159 0.371554 3.45679 0.350515 0.117927 0.813226 0.0800776 0.816516 0 0 8 3.76251 0.0489844  0 0 7 3.44666 0.396006  0 1 8 2.95456 1.21145  0 0 9 2.79965 0.391657  0 0 6 2.57037 1.69979 
6000 1 0 8 0 0 7 3.77678 0.0478281 0.926255 -0.00105283 0.0159825 3.45679 0.350515 0.111425 0.818762 0.0800776 0.816516 0 0 8 3.76984 0.0378107  0 0 7 3.44666 0.396006  0 1 8 2.95456 1.21145  0 0 9 2.79965 0.391657  0 0 6 2.57037 1.69979 
6500 1 0 8 0 0 7 3.77678 0.0478281 0.93884 -0.00105283 0.0159825 3.45679 0.350515 0.111425 0.818762 0.0800776 0.816516 0 0 8 3.77278 0.0451057  0 0 7 3.44666 0.396006  0 1 8 2.95456 1.21145  0 0 9 2.79965 0.391657  0 0 6 2.57037 1.69979 
7000 0 0 8 0 0 7 3.77902 0.0500194 0.950964 0.0022557 0.0232455 3.45679 0.350515 0.0663596 0.859135 0.0800776 0.816516 0 0 8 3.77902 0.0500194  0 0 7 3.44666 0.396006  0 1 8 2.95456 1.21145  0 0 9 2.79965 0.391657  0 0 6 2.57037 1.69979 
7500 0 0 8 0 0 7 3.77902 0.0500194 0.957784 0.0022557 0.0232455 3.45679 0.350515 0.0663596 0.859135 0.0800776 0.816516 0 0 8 3.77902 0.0500194  0 0 7 3.44666 0.396006  0 0 9 3.07598 0.806565  0 1 8 2.95456 1.21145  0 0 6 2.57037 1.69979 
8000 0 0 8 0 0 7 3.77902 0.0500194 0.967713 0.0022557 0.0232455 3.45679 0.350515 0.0663596 0.859135 0.0800776 0.816516 0 0 8 3.77902 0.0500194  0 0 7 3.44666 0.396006  0 0 9 3.07598 0.806565  0 1 8 2.95456 1.21145  0 0 6 2.57037 1.69979 
8500 0 0 8 0 0 7 3.77902 0.0500194 0.980235 0.0022557 0.0232455 3.45679 0.350515 0.0663596 0.859135 0.0800776 0.816516 0 0 8 3.77902 0.0500194  0 0 7 3.44666 0.396006  0 0 9 3.07598 0.806565  0 1 8 2.95456 1.21145  0 0 6 2.57037 1.69979 
9000 0 0 8 0 0 7 3.77902 0.0500194 0.996292 0.0022557 0.0232455 3.45679 0.350515 0.0663596 0.859135 0.0800776 0.816516 0 0 8 3.77902 0.0500194  0 0 7 3.44666 0.396006  0 0 9 3.07598 0.806565  0 1 8 2.95456 1.21145  0 0 6 2.57037 1.69979 
9500 1 0 7 0 0 7 3.78474 0.041434 1.00416 -0.00163014 0.0173643 3.45679 0.350515 0.148816 0.788602 0.0800776 0.816516 0 0 8 3.77902 0.0500194  0 0 7 3.44666 0.396006  0 0 9 3.18242 0.0632458  0 1 8 2.95456 1.21145  0 0 6 2.57037 1.69979 
10000 1 0 7 0 0 7 3.78474 0.041434 1.01277 -0.00163014 0.0173643 3.45679 0.350515 0.148816 0.788602 0.0800776 0.816516 0 0 8 3.77902 0.0500194  0 0 9 3.5046 0.0612478  0 0 7 3.44666 0.396006  0 1 8 2.95456 1.21145  0 0 6 2.57037 1.69979 
10500 1 0 7 0 0 7 3.78474 0.041434 1.01911 -0.00163014 0.0173643 3.45679 0.350515 0.148816 0.788602 0.0800776 0.816516 0 0 8 3.77902 0.0500194  0 0 9 3.5046 0.0612478  0 0 7 3.44666 0.396006  0 1 8 2.95456 1.21145  0 0 6 2.57037 1.69979 
11000 1 0 7 0 0 7 3.78474 0.041434 1.02919 -0.00163014 0.0173643 3.45679 0.350515 0.148816 0.788602 0.0800776 0.816516 0 0 8 3.77902 0.0500194  0 0 9 3.5046 0.0612478  0 0 7 3.44666 0.396006  0 1 8 2.95456 1.21145  0 0 6 2.57037 1.69979 
11500 1 0 7 0 0 9 3.78474 0.041434 1.03876 -0.00163014 0.0173643 3.11012 1.15697 0.148816 0.788602 0.0431985 0.873168 0 0 8 3.77982 0.0466772  0 0 9 3.52073 0.0554006  0 0 7 3.47208 0.048094  0 1 8 2.95456 1.21145  0 0 6 2.57037 1.69979 
12000 1 0 7 0 0 9 3.78474 0.041434 1.04007 -0.00163014 0.0173643 3.11012 1.15697 0.148816 0.788602 0.0431985 0.873168 0 0 8 3.77982 0.0466772  0 0 9 3.52073 0.0554006  0 0 7 3.47208 0.048094  0 1 8 2.95456 1.21145  0 0 6 2.57037 1.69979 
12500 1 0 7 0 0 9 3.78474 0.041434 1.05193 -0.00163014 0.0173643 3.11012 1.15697 0.148816 0.788602 0.0431985 0.873168 0 0 8 3.77982 0.0466772  0 0 9 3.52073 0.0554006  0 0 7 3.47208 0.048094  0 1 8 2.95456 1.21145  0 0 6 2.72567 1.672 
13000 1 0 7 0 0 9 3.78875 0.0499957 1.05934 -0.0011902 0.0160453 3.11012 1.15697 0.164185 0.774508 0.0431985 0.873168 0 0 8 3.77982 0.0466772  0 0 9 3.52073 0.0554006  0 0 7 3.47208 0.048094  0 1 8 2.95456 1.21145  0 0 6 2.72567 1.672 
13500 1 0 7 0 0 9 3.78875 0.0499957 1.06355 -0.0011902 0.0160453 3.11012 1.15697 0.164185 0.774508 0.0431985 0.873168 0 0 8 3.77982 0.0466772  0 0 9 3.52073 0.0554006  0 0 7 3.47208 0.048094  0 1 8 2.95456 1.21145  0 0 6 2.72567 1.672 
14000 1 0 7 0 0 9 3.78875 0.0499957 1.07319 -0.0011902 0.0160453 3.11012 1.15697 0.164185 0.774508 0.0431985 0.873168 0 0 8 3.77982 0.0466772  0 0 9 3.52073 0.0554006  0 0 7 3.47727 0.047575  0 1 8 2.95456 1.21145  0 0 6 2.72567 1.672 
14500 1 0 7 0 0 9 3.78875 0.0499957 1.0784 -0.0011902 0.0160453 3.11012 1.15697 0.164185 0.774508 0.0431985 0.873168 0 0 8 3.77982 0.0466772  0 0 9 3.52073 0.0554006  0 0 7 3.47727 0.047575  0 1 8 2.95456 1.21145  0 0 6 2.72567 1.672 
15000 1 0 7 0 0 9 3.78875 0.0499957 1.08493 -0.0011902 0.0160453 3.11012 1.15697 0.164185 0.774508 0.0431985 0.873168 0 0 8 3.77982 0.0466772  0 0 9 3.52073 0.0554006  0 0 7 3.47727 0.047575  0 1 8 2.95456 1.21145  0 0 6 2.95157 1.5518 
15500 1 0 7 0 0 9 3.78875 0.0499957 1.09137 -0.0011902 0.0160453 3.11012 1.15697 0.164185 0.774508 0.0431985 0.873168 0 0 8 3.77982 0.0466772  0 0 9 3.52073 0.0554006  0 0 7 3.47727 0.047575  0 0 6 3.02431 1.48993  0 1 8 2.95456 1.21145 
16000 0 0 8 0 0 9 3.79125 0.0429594 1.09559 -0.00106324 0.0159513 3.11012 1.15697 0.0870941 0.841114 0.0431985 0.873168 0 0 8 3.79125 0.0429594  0 0 9 3.52073 0.0554006  0 0 7 3.47727 0.047575  0 0 6 3.02431 1.48993  0 1 8 2.95456 1.21145 
16500 0 0 8 0 1 8 3.79125 0.0429594 1.10018 -0.00106324 0.0159513 2.85699 1.43603 0.0870941 0.841114 0.0733311 0.865243 0 0 8 3.79125 0.0429594  0 0 9 3.57974 0.049327  0 0 7 3.47727 0.047575  0 0 6 3.02431 1.48993  0 1 8 2.95456 1.21145 
17000 0 0 8 0 1 8 3.79125 0.0429594 1.10434 -0.00106324 0.0159513 2.85699 1.43603 0.0870941 0.841114 0.0733311 0.865243 0 0 8 3.79125 0.0429594  0 0 9 3.59241 0.0508903  0 0 7 3.47727 0.047575  0 0 6 3.02431 1.48993  0 1 8 2.95456 1.21145 
17500 0 0 8 0 1 8 3.79125 0.0429594 1.10816 -0.00106324 0.0159513 2.85699 1.43603 0.0870941 0.841114 0.0733311 0.865243 0 0 8 3.79125 0.0429594  0 0 9 3.59241 0.0508903  0 0 7 3.47727 0.047575  0 0 6 3.02431 1.48993  0 1 8 2.95456 1.21145 
18000 0 0 8 0 1 8 3.79125 0.0429594 1.11117 -0.00106324 0.0159513 2.85699 1.43603 0.0870941 0.841114 0.0733311 0.865243 0 0 8 3.79125 0.0429594  0 0 9 3.59241 0.0508903  0 0 7 3.47727 0.047575  0 0 6 3.02431 1.48993  0 1 8 2.95456 1.21145 
18500 0 0 8 0 1 8 3.79125 0.0429594 1.11384 -0.00106324 0.0159513 2.85699 1.43603 0.0870941 0.841114 0.0733311 0.865243 0 0 8 3.79125 0.0429594  0 0 9 3.59241 0.0508903  0 0 7 3.47727 0.047575  0 0 6 3.02431 1.48993  0 1 8 2.95456 1.21145 
19000 0 0 8 0 1 8 3.79125 0.0429594 1.11705 -0.00106324 0.0159513 2.85699 1.43603 0.0870941 0.841114 0.0733311 0.865243 0 0 8 3.79125 0.0429594  0 0 9 3.59241 0.0508903  0 0 7 3.47727 0.047575  0 0 6 3.02431 1.48993  0 1 8 2.95456 1.21145 
19500 0 0 8 0 1 8 3.79125 0.0429594 1.12002 -0.00106324 0.0159513 2.85699 1.43603 0.0870941 0.841114 0.0733311 0.865243 0 0 8 3.79125 0.0429594  0 0 9 3.59241 0.0508903  0 0 7 3.47727 0.047575  0 0 6 3.02431 1.48993  0 1 8 2.95456 1.21145 
20000 0 0 8 0 1 8 3.79125 0.0429594 1.12248 -0.00106324 0.0159513 2.85699 1.43603 0.0870941 0.841114 0.0733311 0.865243 0 0 8 3.79125 0.0429594  0 0 9 3.59241 0.0508903  0 0 7 3.47727 0.047575  0 0 6 3.02431 1.48993  0 1 8 2.95456 1.21145 
