500 9 0 5 0 6 13 3.30032 0.853915 0.0233745 0.00141751 0.0227487 0.206771 0.807784 0.616314 0.342935 0.037861 0.961459 0 6 13 0.113422 0.577405  0 13 14 0.0295052 0.208317  0 8 14 0.0261802 0.115986  0 9 14 0.0260084 0.163955  0 10 14 0.0248993 0.171077 
1000 5 0 8 0 0 7 3.47441 0.037155 0.0445269 0.0801717 0.51739 0.519705 1.28921 0.369287 0.585638 0.173963 0.420592 0 3 10 0.575408 1.23881  0 0 7 0.165288 0.721298  0 0 11 0.133374 0.582365  0 0 13 0.129924 0.167529  0 0 10 0.115862 0.509379 
1500 8 0 5 0 0 12 3.60265 0.0435494 0.069077 0.00106345 0.0105812 0.142601 0.685882 0.567962 0.394658 0.0066645 0.837332 0 0 4 0.923694 1.47015  0 0 3 0.711357 1.3054  0 3 10 0.575408 1.23881  0 0 1 0.272829 0.894934  0 0 12 0.242264 0.846096 
2000 4 0 9 0 0 12 3.66313 0.0382251 0.117931 -0.00110938 0.0143875 1.27184 1.43064 0.324816 0.629683 0.0400744 0.852217 0 0 12 1.8379 1.32291  0 0 11 1.71043 1.77626  0 0 8 1.19259 1.62468  0 1 11 1.16459 1.52587  0 0 4 0.923694 1.47015 
2500 1 0 12 0 0 12 3.69441 0.0450429 0.182355 3.12246 1.39921 1.27184 1.43064 0.112948 0.801436 0.0400744 0.852217 0 0 12 1.8379 1.32291  0 0 11 1.71043 1.77626  0 0 8 1.19259 1.62468  0 1 11 1.16459 1.52587  0 0 4 0.923694 1.47015 
3000 1 0 12 0 0 12 3.69441 0.0450429 0.261315 3.12246 1.39921 1.27184 1.43064 0.112948 0.801436 0.0400744 0.852217 0 0 12 1.8379 1.32291  0 0 11 1.71043 1.77626  0 0 8 1.19259 1.62468  0 1 11 1.16459 1.52587  0 0 4 0.923694 1.47015 
3500 2 0 11 0 0 12 3.74679 0.049007 0.345229 -0.00132599 0.0175997 3.12299 1.39557 0.138125 0.787005 0.121731 0.810492 0 0 12 3.70111 0.0475601  0 0 13 1.84956 0.039867  0 0 11 1.71043 1.77626  0 2 12 1.66253 1.49104  0 0 8 1.19259 1.62468 
4000 2 0 11 0 0 12 3.75043 0.0537119 0.394097 0.00152251 0.0160254 3.12299 1.39557 0.14098 0.783352 0.121731 0.810492 0 0 12 3.70111 0.0475601  0 0 13 1.84956 0.039867  0 0 11 1.71043 1.77626  0 4 11 1.69628 1.35781  0 2 12 1.66253 1.49104 
4500 2 0 11 0 0 12 3.75043 0.0537119 0.437209 0.00152251 0.0160254 3.12299 1.39557 0.14098 0.783352 0.121731 0.810492 0 0 12 3.70111 0.0475601  0 0 13 1.84956 0.039867  0 0 11 1.71043 1.77626  0 4 11 1.69628 1.35781  0 2 12 1.66253 1.49104 
5000 13 0 0 0 0 12 3.76195 0.0439124 0.469504 0.00176023 0.0167708 3.12299 1.39557 0.887117 0.0382817 0.121731 0.810492 0 0 12 3.70111 0.0475601  0 0 13 2.66861 0.0396446  0 0 11 1.71043 1.77626  0 4 11 1.69628 1.35781  0 2 12 1.66253 1.49104 
5500 13 0 0 0 0 12 3.76195 0.0439124 0.499739 0.00176023 0.0167708 3.12189 1.39754 0.887117 0.0382817 0.125719 0.809663 0 0 12 3.70625 0.0476499  0 0 13 2.66861 0.0396446  0 0 11 1.71043 1.77626  0 4 11 1.69628 1.35781  0 2 12 1.66253 1.49104 
6000 13 0 0 0 0 12 3.76195 0.0439124 0.529894 0.00176023 0.0167708 3.12189 1.39754 0.887117 0.0382817 0.125719 0.809663 0 0 12 3.70625 0.0476499  0 0 13 2.66861 0.0396446  0 3 13 1.99049 1.38228  0 0 11 1.71043 1.77626  0 4 11 1.69628 1.35781 
6500 13 0 0 0 0 12 3.76195 0.0439124 0.554366 0.00176023 0.0167708 3.12189 1.39754 0.887117 0.0382817 0.125719 0.809663 0 0 12 3.70625 0.0476499  0 0 13 2.66861 0.0396446  0 3 13 1.99049 1.38228  0 0 11 1.71043 1.77626  0 4 11 1.69628 1.35781 
7000 13 0 0 0 0 12 3.76195 0.0439124 0.575707 0.00176023 0.0167708 3.12189 1.39754 0.887117 0.0382817 0.125719 0.809663 0 0 12 3.70625 0.0476499  0 0 13 2.66861 0.0396446  0 3 13 1.99049 1.38228  0 0 11 1.71043 1.77626  0 4 11 1.69628 1.35781 
7500 13 0 0 0 0 12 3.76195 0.0439124 0.600036 0.00176023 0.0167708 3.12189 1.39754 0.887117 0.0382817 0.125719 0.809663 0 0 12 3.70625 0.0476499  0 0 13 2.66861 0.0396446  0 0 11 2.32163 1.59652  0 3 13 1.99049 1.38228  0 0 9 1.95424 1.67583 
8000 13 0 0 0 0 12 3.76519 0.0470518 0.619578 0.00168025 0.0179677 3.12189 1.39754 0.887433 0.0386954 0.125719 0.809663 0 0 12 3.70625 0.0476499  0 0 13 2.66861 0.0396446  0 0 11 2.32163 1.59652  0 3 13 1.99049 1.38228  0 0 9 1.95424 1.67583 
8500 13 0 0 0 0 12 3.76519 0.0470518 0.64057 0.00168025 0.0179677 3.12189 1.39754 0.887433 0.0386954 0.125719 0.809663 0 0 12 3.70625 0.0476499  0 0 13 3.5 0.0608067  0 0 11 2.32163 1.59652  0 3 13 1.99049 1.38228  0 0 9 1.95424 1.67583 
9000 13 0 0 0 0 12 3.76519 0.0470518 0.659323 0.00168025 0.0179677 3.12189 1.39754 0.887433 0.0386954 0.125719 0.809663 0 0 12 3.70625 0.0476499  0 0 13 3.5 0.0608067  0 0 11 2.82885 0.84013  0 2 13 2.01945 1.2525  0 3 13 1.99049 1.38228 
9500 13 0 0 0 0 12 3.76519 0.0470518 0.673994 0.00168025 0.0179677 3.12189 1.39754 0.887433 0.0386954 0.125719 0.809663 0 0 12 3.70625 0.0476499  0 0 13 3.65765 0.148277  0 0 11 2.82885 0.84013  0 2 13 2.01945 1.2525  0 3 13 1.99049 1.38228 
10000 13 0 0 0 1 12 3.76796 0.0526619 0.686868 0.00176023 0.0167708 3.27139 0.589079 0.888175 0.0379717 0.028723 0.868722 0 0 12 3.70625 0.0476499  0 0 13 3.65765 0.148277  0 1 12 3.0142 0.917906  0 0 11 2.82885 0.84013  0 2 13 2.01945 1.2525 
10500 13 0 0 0 1 12 3.76796 0.0526619 0.704894 0.00176023 0.0167708 3.27139 0.589079 0.888175 0.0379717 0.028723 0.868722 0 0 12 3.70625 0.0476499  0 0 13 3.65765 0.148277  0 1 12 3.0142 0.917906  0 0 11 2.82885 0.84013  0 0 8 2.2758 1.81983 
11000 13 0 0 0 1 12 3.77235 0.0508812 0.719743 0.00176023 0.0167708 3.27139 0.589079 0.886857 0.0385541 0.028723 0.868722 0 0 12 3.70625 0.0476499  0 0 13 3.65765 0.148277  0 1 12 3.0142 0.917906  0 0 11 2.82885 0.84013  0 0 8 2.2758 1.81983 
11500 13 0 0 0 1 12 3.77235 0.0508812 0.733724 0.00176023 0.0167708 3.27139 0.589079 0.886857 0.0385541 0.028723 0.868722 0 0 12 3.70625 0.0476499  0 0 13 3.69003 0.0552  0 0 14 3.1203 0.615778  0 1 12 3.0142 0.917906  0 0 11 2.82885 0.84013 
12000 13 0 0 0 0 13 3.77235 0.0508812 0.747192 0.00176023 0.0167708 3.62965 0.50844 0.886857 0.0385541 0.0756462 0.853414 0 0 12 3.70625 0.0476499  0 0 13 3.70157 0.0511975  0 0 14 3.2259 0.338365  0 1 12 3.0142 0.917906  0 0 11 2.82885 0.84013 
12500 13 0 0 0 1 12 3.77235 0.0508812 0.759637 0.00176023 0.0167708 3.27139 0.589079 0.886857 0.0385541 0.028723 0.868722 0 0 13 3.73035 0.0673384  0 0 12 3.70625 0.0476499  0 0 14 3.2259 0.338365  0 1 12 3.0142 0.917906  0 0 11 2.82885 0.84013 
13000 13 0 0 0 1 12 3.77235 0.0508812 0.77327 0.00176023 0.0167708 3.27139 0.589079 0.886857 0.0385541 0.028723 0.868722 0 0 13 3.73035 0.0673384  0 0 12 3.73002 0.0437838  0 0 14 3.2259 0.338365  0 1 12 3.0142 0.917906  0 0 11 2.82885 0.84013 
13500 14 0 0 0 1 12 3.77797 0.0402161 0.785429 0.00176023 0.0167708 3.27139 0.589079 0.939455 4.50503e-05 0.028723 0.868722 0 0 13 3.73035 0.0673384  0 0 12 3.73002 0.0437838  0 0 14 3.2259 0.338365  0 1 12 3.0142 0.917906  0 0 11 2.82885 0.84013 
14000 14 0 0 0 1 12 3.77797 0.0402161 0.795331 0.00176023 0.0167708 3.27139 0.589079 0.939455 4.50503e-05 0.028723 0.868722 0 0 12 3.73582 0.0505386  0 0 13 3.73035 0.0673384  0 0 14 3.2259 0.338365  0 1 12 3.0142 0.917906  0 0 11 2.82885 0.84013 
14500 14 0 0 0 1 12 3.77989 0.0534916 0.807191 0.00176023 0.0167708 3.27139 0.589079 0.939272 4.50503e-05 0.028723 0.868722 0 0 12 3.73742 0.0558467  0 0 13 3.73035 0.0673384  0 0 14 3.24467 0.268063  0 1 12 3.0142 0.917906  0 0 11 2.82885 0.84013 
15000 14 0 0 0 1 12 3.77989 0.0534916 0.811321 0.00176023 0.0167708 3.27139 0.589079 0.939272 4.50503e-05 0.028723 0.868722 0 0 13 3.74438 0.0565921  0 0 12 3.73742 0.0558467  0 0 14 3.24467 0.268063  0 1 12 3.0142 0.917906  0 0 11 2.82885 0.84013 
15500 14 0 0 0 1 12 3.77989 0.0534916 0.818672 0.00176023 0.0167708 3.27139 0.589079 0.939272 4.50503e-05 0.028723 0.868722 0 0 13 3.74438 0.0565921  0 0 12 3.73742 0.0558467  0 0 14 3.24467 0.268063  0 1 12 3.0142 0.917906  0 0 11 2.82885 0.84013 
16000 14 0 0 0 1 12 3.77989 0.0534916 0.827549 0.00176023 0.0167708 3.27139 0.589079 0.939272 4.50503e-05 0.028723 0.868722 0 0 13 3.74438 0.0565921  0 0 12 3.73742 0.0558467  0 0 14 3.24467 0.268063  0 1 12 3.0142 0.917906  0 0 11 2.82885 0.84013 
16500 14 0 0 0 1 12 3.78193 0.0490108 0.835395 0.00176023 0.0167708 3.27139 0.589079 0.940286 4.50503e-05 0.028723 0.868722 0 0 13 3.74438 0.0565921  0 0 12 3.73742 0.0558467  0 0 14 3.24467 0.268063  0 1 12 3.0142 0.917906  0 0 11 2.82885 0.84013 
17000 13 0 0 0 1 12 3.78695 0.0465626 0.84299 0.00176023 0.0167708 3.27139 0.589079 0.922668 0.00275067 0.028723 0.868722 0 0 13 3.74438 0.0565921  0 0 12 3.73742 0.0558467  0 0 14 3.24467 0.268063  0 1 12 3.0142 0.917906  0 0 11 2.82885 0.84013 
17500 13 0 0 0 1 12 3.78695 0.0465626 0.848335 0.00176023 0.0167708 3.27139 0.589079 0.922668 0.00275067 0.028723 0.868722 0 0 13 3.74438 0.0565921  0 0 12 3.74153 0.0508976  0 0 14 3.24467 0.268063  0 1 12 3.0142 0.917906  0 0 11 2.82885 0.84013 
18000 13 0 0 0 0 12 3.78695 0.0465626 0.854286 0.00176023 0.0167708 3.66145 0.511515 0.922668 0.00275067 0.164723 0.775474 0 0 12 3.74494 0.0496415  0 0 13 3.74438 0.0565921  0 0 14 3.24467 0.268063  0 1 12 3.0142 0.917906  0 0 11 2.82885 0.84013 
18500 13 0 0 0 0 12 3.78695 0.0465626 0.864188 0.00176023 0.0167708 3.66145 0.511515 0.922668 0.00275067 0.164723 0.775474 0 0 12 3.74494 0.0496415  0 0 13 3.74438 0.0565921  0 0 14 3.24467 0.268063  0 1 12 3.0142 0.917906  0 0 11 2.82885 0.84013 
19000 13 0 0 0 0 12 3.78695 0.0465626 0.873644 0.00176023 0.0167708 3.66145 0.511515 0.922668 0.00275067 0.164723 0.775474 0 0 13 3.75014 0.0493298  0 0 12 3.74494 0.0496415  0 0 14 3.24467 0.268063  0 1 12 3.08371 0.962729  0 0 11 2.82885 0.84013 
19500 13 0 0 0 0 12 3.78695 0.0465626 0.880889 0.00176023 0.0167708 3.66145 0.511515 0.922668 0.00275067 0.164723 0.775474 0 0 13 3.75014 0.0493298  0 0 12 3.74494 0.0496415  0 0 14 3.24467 0.268063  0 1 12 3.08371 0.962729  0 0 11 2.82885 0.84013 
20000 13 0 0 0 0 12 3.78695 0.0465626 0.885933 0.00176023 0.0167708 3.66145 0.511515 0.922668 0.00275067 0.164723 0.775474 0 0 13 3.75014 0.0493298  0 0 12 3.74494 0.0496415  0 0 14 3.24467 0.268063  0 1 12 3.08371 0.962729  0 0 11 2.90548 1.01751 
