500 2 0 10 0 0 12 2.15156 0.222258 0.00942735 0.236985 0.6261 0.0790412 0.523754 0.171296 0.732284 0.00959934 0.805103 0 5 9 0.125632 0.288781  0 0 12 0.047543 0.21971  0 13 14 0.0412932 0.159421  0 13 13 0.0277552 0.123921  0 9 14 0.0260566 0.133195 
1000 7 0 7 0 0 12 3.37885 0.0367417 0.0414918 -0.0143115 0.0205409 0.0874878 0.523409 0.481123 0.475271 0.0040093 0.893855 0 0 10 0.223486 0.787977  0 0 12 0.206575 0.72271  0 2 9 0.185584 0.539011  0 5 9 0.125632 0.288781  0 0 4 0.118669 0.589976 
1500 4 0 10 0 0 11 3.567 0.0424654 0.0732783 -0.00104106 0.0152024 0.243719 0.744933 0.268199 0.673275 0.0878867 0.624028 0 0 13 1.20838 0.491402  0 0 11 0.610678 0.988419  0 0 7 0.420021 1.11111  0 0 8 0.419654 0.868984  0 1 3 0.403833 0.926447 
2000 8 0 5 0 0 11 3.6017 0.0427611 0.11889 0.000520792 0.0130113 1.25586 1.70693 0.558068 0.379553 0.0406535 0.816136 0 0 11 2.03281 1.69608  0 0 8 1.48379 1.68993  0 0 13 1.20838 0.491402  0 0 12 0.859536 0.662378  0 0 9 0.663502 1.25905 
2500 8 0 5 0 0 11 3.68153 0.0518377 0.172604 0.00488192 0.031912 1.25586 1.70693 0.589006 0.336746 0.0406535 0.816136 0 0 11 2.03281 1.69608  0 0 8 1.58228 1.74977  0 0 13 1.20838 0.491402  0 0 12 1.01293 1.51636  0 1 8 0.905319 1.25387 
3000 3 0 10 0 0 11 3.71501 0.0430858 0.238826 0.00165723 0.0179096 1.25586 1.70693 0.207641 0.733265 0.0406535 0.816136 0 0 11 2.03281 1.69608  0 0 8 1.58228 1.74977  0 0 12 1.27965 1.60288  0 0 13 1.20838 0.491402  0 0 5 1.16494 1.52922 
3500 3 0 10 0 0 9 3.71501 0.0430858 0.31774 0.00165723 0.0179096 3.20175 0.452753 0.207641 0.733265 0.394711 0.546542 0 0 10 2.78201 1.42685  0 0 12 2.43102 1.37991  0 0 11 2.03281 1.69608  0 0 8 1.58228 1.74977  0 0 9 1.52179 1.36405 
4000 3 0 10 0 0 9 3.71501 0.0430858 0.387208 0.00165723 0.0179096 3.20175 0.452753 0.207641 0.733265 0.394711 0.546542 0 0 10 2.78201 1.42685  0 0 12 2.43102 1.37991  0 0 11 2.03281 1.69608  0 0 8 1.58228 1.74977  0 0 9 1.52179 1.36405 
4500 3 0 10 0 0 9 3.71501 0.0430858 0.45367 0.00165723 0.0179096 3.20175 0.452753 0.207641 0.733265 0.394711 0.546542 0 0 10 2.78201 1.42685  0 0 12 2.43102 1.37991  0 0 11 2.03281 1.69608  0 0 8 1.58228 1.74977  0 0 9 1.52179 1.36405 
5000 12 0 1 0 0 9 3.74838 0.046765 0.499051 0.0013901 0.0138314 3.20175 0.452753 0.819096 0.105261 0.394711 0.546542 0 0 12 3.5303 0.678638  0 0 11 3.41597 0.896165  0 0 10 2.78201 1.42685  0 0 8 1.58228 1.74977  0 0 9 1.52179 1.36405 
5500 12 0 1 0 1 11 3.75606 0.0545673 0.539124 0.000881896 0.00877476 1.6467 0.510306 0.82798 0.0972168 0.0507242 0.79465 0 0 12 3.67707 0.0522803  0 0 11 3.41597 0.896165  0 0 10 2.78201 1.42685  0 1 11 1.79345 0.0327994  0 0 8 1.58228 1.74977 
6000 12 0 1 0 1 11 3.75606 0.0545673 0.571486 0.000881896 0.00877476 1.6467 0.510306 0.82798 0.0972168 0.0507242 0.79465 0 0 12 3.67707 0.0522803  0 0 11 3.41597 0.896165  0 0 10 2.78201 1.42685  0 0 9 1.89945 1.85715  0 1 11 1.79345 0.0327994 
6500 3 0 10 0 1 12 3.75719 0.0455126 0.601002 0.00150852 0.0160072 2.65571 0.408813 0.25973 0.674144 0.0620628 0.805648 0 0 12 3.67707 0.0522803  0 0 11 3.41597 0.896165  0 0 10 2.78201 1.42685  0 1 12 2.55576 0.0510279  0 0 7 2.15334 1.76488 
7000 3 0 10 0 1 12 3.75719 0.0455126 0.623618 0.00150852 0.0160072 2.65571 0.408813 0.25973 0.674144 0.0620628 0.805648 0 0 12 3.67707 0.0522803  0 0 11 3.41597 0.896165  0 0 10 2.78201 1.42685  0 1 12 2.55576 0.0510279  0 1 11 2.47363 0.0751447 
7500 3 0 10 0 0 12 3.75719 0.0455126 0.647613 0.00150852 0.0160072 3.4296 0.993885 0.25973 0.674144 0.15 0.75237 0 0 12 3.6831 0.0536152  0 0 11 3.41597 0.896165  0 0 10 2.78201 1.42685  0 1 12 2.69629 0.179731  0 0 9 2.66599 1.63049 
8000 3 0 10 0 0 12 3.75719 0.0455126 0.66673 0.00150852 0.0160072 3.4296 0.993885 0.25973 0.674144 0.15 0.75237 0 0 12 3.6831 0.0536152  0 0 11 3.41597 0.896165  0 0 10 2.78201 1.42685  0 1 12 2.69629 0.179731  0 0 9 2.66599 1.63049 
8500 11 0 2 0 0 12 3.76142 0.0527536 0.684026 0.00160492 0.0159688 3.4296 0.993885 0.781181 0.146352 0.15 0.75237 0 0 12 3.6831 0.0536152  0 0 11 3.41597 0.896165  0 0 10 2.78201 1.42685  0 1 12 2.69629 0.179731  0 0 9 2.66599 1.63049 
9000 12 0 1 0 0 12 3.76398 0.0535567 0.703607 0.000758822 0.0129286 3.4296 0.993885 0.854347 0.0690853 0.15 0.75237 0 0 12 3.6831 0.0536152  0 0 11 3.41597 0.896165  0 0 10 2.78201 1.42685  0 1 12 2.69629 0.179731  0 0 9 2.66599 1.63049 
9500 12 0 1 0 0 12 3.76398 0.0535567 0.720172 0.000758822 0.0129286 3.4296 0.993885 0.854347 0.0690853 0.15 0.75237 0 0 12 3.6831 0.0536152  0 0 11 3.41597 0.896165  0 0 10 2.78201 1.42685  0 1 12 2.69629 0.179731  0 0 9 2.66599 1.63049 
10000 12 0 1 0 1 12 3.76973 0.050858 0.739317 0.000816602 0.00812509 2.5384 0.919267 0.839815 0.0848284 0.0820329 0.751046 0 0 12 3.69164 0.0576188  0 0 11 3.41597 0.896165  0 0 10 2.78201 1.42685  0 1 12 2.69629 0.179731  0 0 9 2.66599 1.63049 
10500 12 0 1 0 1 12 3.76973 0.050858 0.752445 0.000816602 0.00812509 2.5384 0.919267 0.839815 0.0848284 0.0820329 0.751046 0 0 12 3.69164 0.0576188  0 0 11 3.41597 0.896165  0 0 10 2.78201 1.42685  0 1 12 2.69629 0.179731  0 0 9 2.66599 1.63049 
11000 12 0 1 0 1 12 3.76973 0.050858 0.76542 0.000816602 0.00812509 2.5384 0.919267 0.839815 0.0848284 0.0820329 0.751046 0 0 12 3.69164 0.0576188  0 0 11 3.41597 0.896165  0 0 10 2.78201 1.42685  0 1 12 2.69629 0.179731  0 0 9 2.66599 1.63049 
11500 12 0 1 0 1 12 3.76973 0.050858 0.781184 0.000816602 0.00812509 2.5384 0.919267 0.839815 0.0848284 0.0820329 0.751046 0 0 12 3.69164 0.0576188  0 0 11 3.41597 0.896165  0 0 10 2.78201 1.42685  0 1 12 2.69629 0.179731  0 0 9 2.66599 1.63049 
12000 12 0 1 0 1 12 3.76973 0.050858 0.793269 0.000816602 0.00812509 2.5384 0.919267 0.839815 0.0848284 0.0820329 0.751046 0 0 12 3.69164 0.0576188  0 0 11 3.41597 0.896165  0 0 10 2.78201 1.42685  0 1 12 2.69629 0.179731  0 0 9 2.66599 1.63049 
12500 12 0 1 0 1 12 3.77507 0.0520876 0.804619 0.00138682 0.0137987 2.5384 0.919267 0.81797 0.111779 0.0820329 0.751046 0 0 12 3.69164 0.0576188  0 0 11 3.41597 0.896165  0 0 10 2.78201 1.42685  0 1 12 2.69629 0.179731  0 0 9 2.66599 1.63049 
13000 1 0 12 0 1 12 3.77826 0.0500219 0.815826 0.534511 1.34281 2.5384 0.919267 0.0740681 0.850298 0.0820329 0.751046 0 0 12 3.74006 0.0491558  0 0 11 3.41597 0.896165  0 0 10 2.78201 1.42685  0 1 12 2.69629 0.179731  0 0 9 2.66599 1.63049 
13500 1 0 12 0 0 13 3.77826 0.0500219 0.829598 0.534511 1.34281 0.862823 1.58118 0.0740681 0.850298 0.0216646 0.833754 0 0 12 3.7525 0.046589  0 0 13 3.71975 0.0414  0 0 11 3.41597 0.896165  0 2 12 2.986 1.3909  0 0 10 2.78201 1.42685 
14000 3 0 10 0 0 13 3.78777 0.0486369 0.838331 0.00151167 0.016005 0.862823 1.58118 0.206277 0.731715 0.0216646 0.833754 0 0 12 3.7525 0.046589  0 0 13 3.71975 0.0414  0 0 11 3.41597 0.896165  0 2 12 2.986 1.3909  0 0 10 2.78201 1.42685 
14500 3 0 10 0 0 13 3.78777 0.0486369 0.845435 0.00151167 0.016005 0.872358 1.59921 0.206277 0.731715 0.0426384 0.793652 0 0 12 3.7525 0.046589  0 0 13 3.73317 0.0462269  0 0 11 3.41597 0.896165  0 2 12 2.986 1.3909  0 0 10 2.78201 1.42685 
15000 3 0 10 0 0 13 3.78777 0.0486369 0.852253 0.00151167 0.016005 0.872358 1.59921 0.206277 0.731715 0.0426384 0.793652 0 0 12 3.7525 0.046589  0 0 13 3.73317 0.0462269  0 0 11 3.41597 0.896165  0 2 12 2.986 1.3909  0 0 10 2.78201 1.42685 
15500 3 0 10 0 0 13 3.78777 0.0486369 0.860879 0.00151167 0.016005 0.872358 1.59921 0.206277 0.731715 0.0426384 0.793652 0 0 12 3.7525 0.046589  0 0 13 3.73317 0.0462269  0 0 11 3.41597 0.896165  0 2 12 2.986 1.3909  0 0 10 2.78201 1.42685 
16000 3 0 10 0 0 13 3.78777 0.0486369 0.870348 0.00151167 0.016005 0.872358 1.59921 0.206277 0.731715 0.0426384 0.793652 0 0 12 3.75336 0.0498645  0 0 13 3.73317 0.0462269  0 0 11 3.41597 0.896165  0 2 12 2.986 1.3909  0 0 10 2.78201 1.42685 
16500 3 0 10 0 0 13 3.78777 0.0486369 0.880253 0.00151167 0.016005 0.872358 1.59921 0.206277 0.731715 0.0426384 0.793652 0 0 12 3.75336 0.0498645  0 0 13 3.73317 0.0462269  0 0 11 3.41597 0.896165  0 2 12 2.986 1.3909  0 0 10 2.78201 1.42685 
17000 3 0 10 0 0 13 3.78777 0.0486369 0.89025 0.00151167 0.016005 0.872358 1.59921 0.206277 0.731715 0.0426384 0.793652 0 0 12 3.76468 0.0596852  0 0 13 3.73317 0.0462269  0 0 11 3.41597 0.896165  0 2 12 2.986 1.3909  0 0 10 2.78201 1.42685 
17500 3 0 10 0 0 13 3.78777 0.0486369 0.90033 0.00151167 0.016005 0.872358 1.59921 0.206277 0.731715 0.0426384 0.793652 0 0 12 3.76468 0.0596852  0 0 13 3.73317 0.0462269  0 0 11 3.41597 0.896165  0 2 12 2.986 1.3909  0 0 10 2.78201 1.42685 
18000 3 0 10 0 0 13 3.78777 0.0486369 0.909092 0.00151167 0.016005 0.872358 1.59921 0.206277 0.731715 0.0426384 0.793652 0 0 12 3.76468 0.0596852  0 0 13 3.73317 0.0462269  0 0 11 3.41597 0.896165  0 2 12 2.986 1.3909  0 0 10 2.78201 1.42685 
18500 3 0 10 0 1 11 3.78777 0.0486369 0.919336 0.00151167 0.016005 3.13794 1.1075 0.206277 0.731715 0.0525859 0.832118 0 0 12 3.76468 0.0596852  0 0 13 3.73317 0.0462269  0 0 14 3.47453 0.0407189  0 0 11 3.41597 0.896165  0 1 11 3.03125 1.00275 
19000 2 0 11 0 1 11 3.78869 0.0526431 0.929464 0.00154506 0.0159859 3.13794 1.1075 0.190525 0.74752 0.0525859 0.832118 0 0 12 3.76468 0.0596852  0 0 13 3.73317 0.0462269  0 0 14 3.47453 0.0407189  0 0 11 3.41597 0.896165  0 1 11 3.03125 1.00275 
19500 2 0 11 0 1 11 3.78869 0.0526431 0.938935 0.00154506 0.0159859 3.13794 1.1075 0.190525 0.74752 0.0525859 0.832118 0 0 12 3.76468 0.0596852  0 0 13 3.73317 0.0462269  0 0 14 3.47453 0.0407189  0 0 11 3.41597 0.896165  0 1 11 3.03125 1.00275 
20000 2 0 11 0 1 11 3.78869 0.0526431 0.947597 0.00154506 0.0159859 3.13794 1.1075 0.190525 0.74752 0.0525859 0.832118 0 0 12 3.76468 0.0596852  0 0 13 3.73317 0.0462269  0 0 14 3.47453 0.0407189  0 0 11 3.41597 0.896165  0 1 11 3.03125 1.00275 
