500 5 0 3 0 0 4 3.41132 0.0422589 0.08463 0.00175046 0.0111114 1.21095 0.329631 0.566096 0.381799 0.59651 0.353497 0 1 5 0.356197 1.01341  0 0 4 0.318644 0.551609  0 0 7 0.127023 0.62629  0 0 6 0.0848431 0.510712  0 0 0 0.0377232 0.196358 
1000 4 0 4 0 0 4 3.54939 0.0334573 0.187094 0.000781777 0.00777859 0.716006 1.41726 0.4913 0.465821 0.161528 0.744983 0 0 8 2.73618 0.0623815  0 0 7 1.8724 0.0575439  0 0 4 1.06252 1.51263  0 0 6 0.782844 1.44869  0 0 3 0.449613 0.943985 
1500 4 0 5 0 0 8 3.6786 0.039885 0.346392 0.0751631 0.479412 0.323007 0.8479 0.414449 0.540331 0.219369 0.584634 0 0 8 2.73618 0.0623815  0 0 7 1.8724 0.0575439  0 1 6 1.42235 1.30912  0 0 3 1.37884 1.61939  0 2 6 1.31139 1.54251 
2000 5 0 3 0 0 8 3.68581 0.040501 0.483794 0.00160492 0.0159688 2.98629 1.3349 0.554577 0.388299 0.0815205 0.832291 0 0 8 3.39919 0.653035  0 0 7 1.8724 0.0575439  0 1 6 1.58961 1.60681  0 3 7 1.49171 1.58236  0 0 3 1.37884 1.61939 
2500 5 0 3 0 0 8 3.68581 0.040501 0.597352 0.00160492 0.0159688 2.98629 1.3349 0.554577 0.388299 0.0815205 0.832291 0 0 8 3.39919 0.653035  0 0 7 1.8724 0.0575439  0 1 7 1.77454 1.52801  0 0 6 1.65137 1.78689  0 2 8 1.59332 1.57606 
3000 6 0 2 0 0 8 3.74433 0.0439708 0.685967 0.00160492 0.0159688 3.37766 1.02673 0.694686 0.237676 0.231374 0.687153 0 0 8 3.50425 0.518871  0 0 7 2.19263 1.62807  0 3 8 1.79449 1.56463  0 1 7 1.77454 1.52801  0 0 6 1.65137 1.78689 
3500 6 0 2 0 0 8 3.74433 0.0439708 0.739253 0.00160492 0.0159688 3.37766 1.02673 0.694686 0.237676 0.231374 0.687153 0 0 8 3.50425 0.518871  0 0 7 2.19263 1.62807  0 0 4 1.91893 1.62594  0 3 8 1.79449 1.56463  0 1 7 1.77454 1.52801 
4000 6 0 2 0 0 8 3.74433 0.0439708 0.781608 0.00160492 0.0159688 3.37766 1.02673 0.694686 0.237676 0.231374 0.687153 0 0 8 3.50425 0.518871  0 0 7 2.19263 1.62807  0 0 4 1.91893 1.62594  0 3 8 1.79449 1.56463  0 1 7 1.77454 1.52801 
4500 6 0 2 0 0 8 3.74433 0.0439708 0.815102 0.00160492 0.0159688 3.37766 1.02673 0.694686 0.237676 0.231374 0.687153 0 0 8 3.50425 0.518871  0 0 9 2.84063 0.69606  0 0 7 2.19263 1.62807  0 1 8 2.06333 1.55761  0 0 6 2.05468 1.61174 
5000 6 0 2 0 0 8 3.74433 0.0439708 0.838972 0.00160492 0.0159688 2.89164 1.42851 0.694686 0.237676 0.0772662 0.816355 0 0 8 3.53921 0.257053  0 0 7 3.41457 0.769752  0 0 9 2.84063 0.69606  0 1 8 2.06333 1.55761  0 0 6 2.05468 1.61174 
5500 6 0 2 0 0 8 3.74433 0.0439708 0.854517 0.00160492 0.0159688 2.89164 1.42851 0.694686 0.237676 0.0772662 0.816355 0 0 8 3.53921 0.257053  0 0 7 3.41457 0.769752  0 0 9 2.84063 0.69606  0 1 8 2.06333 1.55761  0 0 6 2.05468 1.61174 
6000 7 0 1 0 0 8 3.75814 0.0498903 0.872344 0.0010061 0.0100106 2.89164 1.42851 0.761198 0.16587 0.0772662 0.816355 0 0 8 3.53921 0.257053  0 0 7 3.41457 0.769752  0 0 9 2.84063 0.69606  0 1 8 2.41957 1.3082  0 3 8 2.09101 1.58737 
6500 7 0 1 0 1 8 3.75814 0.0498903 0.89951 0.0010061 0.0100106 1.23994 1.55994 0.761198 0.16587 0.0447652 0.823702 0 0 8 3.69874 0.0411053  0 0 7 3.41457 0.769752  0 0 9 2.84063 0.69606  0 1 8 2.41957 1.3082  0 3 8 2.09101 1.58737 
7000 7 0 1 0 1 8 3.76945 0.0461562 0.91726 0.00111187 0.0110629 1.23994 1.55994 0.791784 0.14784 0.0447652 0.823702 0 0 8 3.69874 0.0411053  0 0 7 3.41457 0.769752  0 0 9 2.84063 0.69606  0 1 8 2.41957 1.3082  0 3 8 2.09101 1.58737 
7500 8 0 1 0 1 8 3.77898 0.0435708 0.930499 0.00108074 0.0107532 1.23994 1.55994 0.802865 0.137068 0.0447652 0.823702 0 0 8 3.69874 0.0411053  0 0 7 3.41457 0.769752  0 0 9 2.84063 0.69606  0 1 8 2.41957 1.3082  0 3 8 2.09101 1.58737 
8000 8 0 1 0 1 8 3.78534 0.0479188 0.939953 0.00109935 0.0109384 1.23994 1.55994 0.805438 0.134975 0.0447652 0.823702 0 0 8 3.69874 0.0411053  0 0 7 3.41457 0.769752  0 0 9 2.84063 0.69606  0 1 8 2.41957 1.3082  0 3 8 2.09101 1.58737 
8500 8 0 1 0 1 8 3.78534 0.0479188 0.951471 0.00109935 0.0109384 1.23994 1.55994 0.805438 0.134975 0.0447652 0.823702 0 0 8 3.69874 0.0411053  0 0 7 3.41457 0.769752  0 0 9 2.84063 0.69606  0 1 8 2.41957 1.3082  0 3 8 2.09101 1.58737 
9000 8 0 1 0 1 8 3.78534 0.0479188 0.962381 0.00109935 0.0109384 1.23994 1.55994 0.805438 0.134975 0.0447652 0.823702 0 0 8 3.69874 0.0411053  0 0 7 3.41457 0.769752  0 0 9 2.84063 0.69606  0 1 8 2.41957 1.3082  0 3 8 2.09101 1.58737 
9500 8 0 1 0 1 8 3.78534 0.0479188 0.974713 0.00109935 0.0109384 1.23994 1.55994 0.805438 0.134975 0.0447652 0.823702 0 0 8 3.72334 0.0464839  0 0 7 3.41457 0.769752  0 0 9 2.84063 0.69606  0 1 8 2.41957 1.3082  0 3 8 2.09101 1.58737 
10000 8 0 1 0 1 8 3.78534 0.0479188 0.981386 0.00109935 0.0109384 1.23994 1.55994 0.805438 0.134975 0.0447652 0.823702 0 0 8 3.72334 0.0464839  0 0 7 3.41457 0.769752  0 0 9 2.84063 0.69606  0 1 8 2.41957 1.3082  0 0 5 2.21009 1.78865 
10500 8 0 1 0 1 8 3.78534 0.0479188 0.981025 0.00109935 0.0109384 1.23994 1.55994 0.805438 0.134975 0.0447652 0.823702 0 0 8 3.72334 0.0464839  0 0 7 3.41457 0.769752  0 0 9 2.84063 0.69606  0 1 8 2.41957 1.3082  0 0 5 2.21009 1.78865 
11000 8 0 1 0 1 8 3.78534 0.0479188 0.988857 0.00109935 0.0109384 1.23994 1.55994 0.805438 0.134975 0.0447652 0.823702 0 0 8 3.76661 0.0490639  0 0 7 3.41457 0.769752  0 0 9 2.84063 0.69606  0 1 8 2.41957 1.3082  0 0 5 2.21009 1.78865 
11500 7 0 1 0 1 8 3.78793 0.0370211 0.996094 0.00129837 0.0129186 1.23994 1.55994 0.77538 0.162217 0.0447652 0.823702 0 0 8 3.76661 0.0490639  0 0 7 3.41457 0.769752  0 0 9 2.84063 0.69606  0 0 6 2.5993 1.73064  0 1 8 2.41957 1.3082 
12000 7 0 1 0 1 8 3.78793 0.0370211 1.0021 0.00129837 0.0129186 1.23994 1.55994 0.77538 0.162217 0.0447652 0.823702 0 0 8 3.76661 0.0490639  0 0 7 3.41457 0.769752  0 0 9 2.84063 0.69606  0 0 6 2.5993 1.73064  0 1 8 2.41957 1.3082 
12500 7 0 1 0 1 8 3.78793 0.0370211 1.00886 0.00129837 0.0129186 1.23994 1.55994 0.77538 0.162217 0.0447652 0.823702 0 0 8 3.76661 0.0490639  0 0 7 3.41457 0.769752  0 0 9 2.84063 0.69606  0 0 6 2.5993 1.73064  0 1 8 2.41957 1.3082 
13000 7 0 1 0 1 8 3.78793 0.0370211 1.01414 0.00129837 0.0129186 1.23994 1.55994 0.77538 0.162217 0.0447652 0.823702 0 0 8 3.76661 0.0490639  0 0 7 3.41457 0.769752  0 0 9 2.84063 0.69606  0 0 6 2.5993 1.73064  0 1 8 2.41957 1.3082 
13500 7 0 1 0 1 8 3.78793 0.0370211 1.01419 0.00129837 0.0129186 1.23994 1.55994 0.77538 0.162217 0.0447652 0.823702 0 0 8 3.76661 0.0490639  0 0 7 3.41457 0.769752  0 0 9 2.84063 0.69606  0 0 6 2.5993 1.73064  0 1 8 2.41957 1.3082 
14000 7 0 1 0 1 8 3.78793 0.0370211 1.02135 0.00129837 0.0129186 1.23994 1.55994 0.77538 0.162217 0.0447652 0.823702 0 0 8 3.76661 0.0490639  0 0 7 3.41457 0.769752  0 0 9 2.84063 0.69606  0 0 6 2.5993 1.73064  0 1 8 2.41957 1.3082 
14500 7 0 1 0 1 8 3.78793 0.0370211 1.0234 0.00129837 0.0129186 1.23994 1.55994 0.77538 0.162217 0.0447652 0.823702 0 0 8 3.76661 0.0490639  0 0 7 3.41457 0.769752  0 0 9 2.84063 0.69606  0 0 6 2.69545 1.685  0 1 8 2.41957 1.3082 
15000 7 0 1 0 1 8 3.78793 0.0370211 1.02793 0.00129837 0.0129186 1.23994 1.55994 0.77538 0.162217 0.0447652 0.823702 0 0 8 3.76661 0.0490639  0 0 7 3.41457 0.769752  0 0 9 2.84063 0.69606  0 0 6 2.69545 1.685  0 1 8 2.41957 1.3082 
15500 7 0 1 0 1 8 3.78793 0.0370211 1.03144 0.00129837 0.0129186 1.23994 1.55994 0.77538 0.162217 0.0447652 0.823702 0 0 8 3.76661 0.0490639  0 0 7 3.52907 0.0429888  0 0 9 2.84063 0.69606  0 0 6 2.69545 1.685  0 1 8 2.41957 1.3082 
16000 7 0 1 0 1 8 3.78793 0.0370211 1.03154 0.00129837 0.0129186 1.23994 1.55994 0.77538 0.162217 0.0447652 0.823702 0 0 8 3.76693 0.0476649  0 0 7 3.52907 0.0429888  0 0 9 2.84063 0.69606  0 0 6 2.69545 1.685  0 1 8 2.41957 1.3082 
16500 7 0 1 0 1 8 3.78793 0.0370211 1.03537 0.00129837 0.0129186 1.23994 1.55994 0.77538 0.162217 0.0447652 0.823702 0 0 8 3.76693 0.0476649  0 0 7 3.52907 0.0429888  0 0 9 2.84063 0.69606  0 0 6 2.69545 1.685  0 1 8 2.41957 1.3082 
17000 7 0 1 0 1 8 3.78793 0.0370211 1.03939 0.00129837 0.0129186 1.23994 1.55994 0.77538 0.162217 0.0447652 0.823702 0 0 8 3.76693 0.0476649  0 0 7 3.52907 0.0429888  0 0 9 2.97235 0.568705  0 0 6 2.69545 1.685  0 1 8 2.41957 1.3082 
17500 7 0 1 0 1 8 3.78793 0.0370211 1.04333 0.00129837 0.0129186 1.23994 1.55994 0.77538 0.162217 0.0447652 0.823702 0 0 8 3.76693 0.0476649  0 0 7 3.52907 0.0429888  0 0 9 2.97235 0.568705  0 0 6 2.69545 1.685  0 1 8 2.41957 1.3082 
18000 7 0 1 0 0 9 3.78793 0.0370211 1.04884 0.00129837 0.0129186 3.56101 0.501222 0.77538 0.162217 0.0120449 0.921178 0 0 8 3.76693 0.0476649  0 0 9 3.61262 0.0423694  0 0 7 3.52907 0.0429888  0 0 6 2.69545 1.685  0 1 8 2.41957 1.3082 
18500 7 0 1 0 0 9 3.78793 0.0370211 1.05155 0.00129837 0.0129186 3.56101 0.501222 0.77538 0.162217 0.0120449 0.921178 0 0 8 3.76693 0.0476649  0 0 9 3.61262 0.0423694  0 0 7 3.52907 0.0429888  0 0 6 2.69545 1.685  0 1 8 2.41957 1.3082 
19000 7 0 1 0 0 9 3.78793 0.0370211 1.05347 0.00129837 0.0129186 3.56101 0.501222 0.77538 0.162217 0.0120449 0.921178 0 0 8 3.76757 0.0494771  0 0 9 3.61262 0.0423694  0 0 7 3.52907 0.0429888  0 0 6 2.69545 1.685  0 1 8 2.41957 1.3082 
19500 8 0 1 0 0 9 3.78839 0.0485156 1.05664 0.00108828 0.0108282 3.56101 0.501222 0.802597 0.133906 0.0120449 0.921178 0 0 8 3.77019 0.0497822  0 0 9 3.61262 0.0423694  0 0 7 3.52907 0.0429888  0 0 6 2.69545 1.685  0 1 8 2.41957 1.3082 
20000 8 0 1 0 0 9 3.78839 0.0485156 1.06047 0.00108828 0.0108282 1.69386 1.84195 0.802597 0.133906 0.00333728 0.926534 0 0 8 3.77019 0.0497822  0 0 9 3.65305 0.0474034  0 0 7 3.52907 0.0429888  0 0 6 2.69545 1.685  0 1 8 2.41957 1.3082 
