500 12 0 15 0 20 29 3.29638 0.0373191 0.00668815 0.0037624 0.0283007 0.00160492 0.0159688 0.43059 0.528556 0.984818 0.751793 0 20 29 0.0309939 0.126832  0 18 29 0.0201956 0.103969  0 12 29 0.0181987 0.132094  0 24 29 0.0179542 0.107746  0 8 26 0.0175255 0.14726 
1000 12 0 15 0 20 29 3.29638 0.0373191 0.00722626 0.0037624 0.0283007 0.00160492 0.0159688 0.43059 0.528556 0.984818 0.751793 0 20 29 0.0309939 0.126832  0 21 29 0.0252477 0.129032  0 27 29 0.0246176 0.118935  0 25 29 0.0216697 0.10726  0 18 29 0.0201956 0.103969 
1500 12 0 15 0 20 29 3.29638 0.0373191 0.00897538 0.0037624 0.0283007 0.00160492 0.0159688 0.43059 0.528556 0.984818 0.751793 0 9 12 0.129527 0.376473  0 20 29 0.0309939 0.126832  0 19 29 0.0284098 0.209171  0 18 29 0.0253357 0.122461  0 21 29 0.0252477 0.129032 
2000 19 0 7 0 26 29 3.3634 0.0482434 0.0110595 -0.000750732 0.00737255 0.00160492 0.0159688 0.665757 0.24522 0.984818 0.751793 0 1 9 0.21525 0.581263  0 9 12 0.129527 0.376473  0 26 29 0.0326774 0.157208  0 20 29 0.0309939 0.126832  0 24 29 0.0301829 0.288105 
2500 19 0 7 0 5 20 3.53619 0.0485383 0.0126768 0.00123205 0.0134654 0.372958 0.935394 0.65767 0.26518 0.884218 0.73724 0 1 9 0.21525 0.581263  0 9 12 0.129527 0.376473  0 5 20 0.0866586 0.374975  0 0 26 0.0380076 0.0793255  0 26 29 0.0326774 0.157208 
3000 19 0 7 0 5 20 3.53619 0.0485383 0.0139646 0.00123205 0.0134654 0.372958 0.935394 0.65767 0.26518 0.884218 0.73724 0 0 25 0.219093 0.370826  0 1 9 0.21525 0.581263  0 9 12 0.129527 0.376473  0 5 20 0.0866586 0.374975  0 8 21 0.0440844 0.284226 
3500 19 0 7 0 5 20 3.53619 0.0485383 0.0155397 0.00123205 0.0134654 0.372958 0.935394 0.65767 0.26518 0.884218 0.73724 0 0 25 0.219093 0.370826  0 1 9 0.21525 0.581263  0 9 12 0.129527 0.376473  0 5 20 0.0866586 0.374975  0 1 2 0.0668362 0.257772 
4000 15 0 12 0 0 20 3.54457 0.0518948 0.0172863 0.371337 1.07989 0.818945 1.50137 0.511335 0.426938 0.0716485 0.685258 0 0 20 0.827231 1.39944  0 0 25 0.219093 0.370826  0 1 9 0.21525 0.581263  0 9 12 0.129527 0.376473  0 0 26 0.120062 0.587843 
4500 15 0 12 0 0 20 3.54457 0.0518948 0.0194744 0.371337 1.07989 0.818945 1.50137 0.511335 0.426938 0.0716485 0.685258 0 0 20 0.827231 1.39944  0 0 28 0.356505 0.554605  0 0 25 0.219093 0.370826  0 1 9 0.21525 0.581263  0 2 28 0.14443 0.594348 
5000 3 0 23 0 0 20 3.64692 0.0639765 0.022297 0.0813179 0.48576 0.818945 1.50137 0.133061 0.784599 0.0716485 0.685258 0 0 20 0.827231 1.39944  0 0 28 0.356505 0.554605  0 0 25 0.219093 0.370826  0 1 9 0.21525 0.581263  0 0 24 0.150068 0.658548 
5500 3 0 23 0 0 20 3.64692 0.0639765 0.0251697 0.0813179 0.48576 0.818945 1.50137 0.133061 0.784599 0.0716485 0.685258 0 0 24 0.880542 1.35645  0 0 20 0.827231 1.39944  0 0 28 0.356505 0.554605  0 0 25 0.219093 0.370826  0 1 9 0.21525 0.581263 
6000 3 0 23 0 0 20 3.64692 0.0639765 0.028589 0.0813179 0.48576 0.818945 1.50137 0.133061 0.784599 0.0716485 0.685258 0 0 25 1.57242 1.53172  0 0 24 0.880542 1.35645  0 0 20 0.827231 1.39944  0 0 28 0.356505 0.554605  0 1 9 0.21525 0.581263 
6500 3 0 23 0 0 20 3.64692 0.0639765 0.0315254 0.0813179 0.48576 0.818945 1.50137 0.133061 0.784599 0.0716485 0.685258 0 0 25 1.57242 1.53172  0 0 24 0.880542 1.35645  0 0 20 0.827231 1.39944  0 0 28 0.356505 0.554605  0 1 9 0.21525 0.581263 
7000 20 0 7 0 0 20 3.66637 0.0517721 0.0338849 0.00105065 0.0142586 0.818945 1.50137 0.6825 0.243598 0.0716485 0.685258 0 0 25 1.57242 1.53172  0 0 24 0.880542 1.35645  0 0 20 0.827231 1.39944  0 0 28 0.356505 0.554605  0 1 9 0.21525 0.581263 
7500 20 0 7 0 0 20 3.66637 0.0517721 0.0381476 0.00105065 0.0142586 0.818945 1.50137 0.6825 0.243598 0.0716485 0.685258 0 0 25 1.57242 1.53172  0 0 24 0.880542 1.35645  0 0 20 0.827231 1.39944  0 0 28 0.356505 0.554605  0 1 9 0.21525 0.581263 
8000 20 0 7 0 0 20 3.66637 0.0517721 0.0428828 0.00105065 0.0142586 0.818945 1.50137 0.6825 0.243598 0.0716485 0.685258 0 0 25 1.57242 1.53172  0 0 24 0.880542 1.35645  0 0 20 0.827231 1.39944  0 0 28 0.356505 0.554605  0 20 27 0.239205 0.323231 
8500 20 0 7 0 0 20 3.66637 0.0517721 0.0487943 0.00105065 0.0142586 0.818945 1.50137 0.6825 0.243598 0.0716485 0.685258 0 0 25 1.57242 1.53172  0 0 24 0.880542 1.35645  0 0 20 0.827231 1.39944  0 0 28 0.356505 0.554605  0 0 6 0.337875 1.01525 
9000 20 0 7 0 0 20 3.66637 0.0517721 0.0548986 0.00105065 0.0142586 0.818945 1.50137 0.6825 0.243598 0.0716485 0.685258 0 0 25 1.57242 1.53172  0 0 24 0.880542 1.35645  0 0 20 0.827231 1.39944  0 0 28 0.356505 0.554605  0 0 6 0.337875 1.01525 
9500 20 0 7 0 0 20 3.66637 0.0517721 0.0618628 0.00105065 0.0142586 0.818945 1.50137 0.6825 0.243598 0.0716485 0.685258 0 0 25 1.57242 1.53172  0 0 24 0.880542 1.35645  0 0 20 0.827231 1.39944  0 0 22 0.540253 1.2853  0 0 23 0.410785 0.993595 
10000 16 0 11 0 0 20 3.6694 0.0426366 0.0689402 0.00025084 0.00911082 0.818945 1.50137 0.552315 0.39245 0.0716485 0.685258 0 0 25 1.57242 1.53172  0 0 24 0.880542 1.35645  0 0 20 0.827231 1.39944  0 0 22 0.540253 1.2853  0 0 23 0.410785 0.993595 
10500 16 0 11 0 0 20 3.6694 0.0426366 0.0763779 0.00025084 0.00911082 0.818945 1.50137 0.552315 0.39245 0.0716485 0.685258 0 0 25 1.57242 1.53172  0 0 24 0.880542 1.35645  0 0 20 0.827231 1.39944  0 0 22 0.540253 1.2853  0 0 23 0.410785 0.993595 
11000 19 0 8 0 0 20 3.67349 0.0500749 0.0871756 0.00160492 0.0159688 0.818945 1.50137 0.640118 0.289933 0.0716485 0.685258 0 0 25 1.57242 1.53172  0 0 24 0.880542 1.35645  0 0 20 0.827231 1.39944  0 0 22 0.540253 1.2853  0 6 15 0.471267 1.16702 
11500 19 0 8 0 0 20 3.67349 0.0500749 0.0979607 0.00160492 0.0159688 0.818945 1.50137 0.640118 0.289933 0.0716485 0.685258 0 0 25 1.57242 1.53172  0 0 24 0.880542 1.35645  0 0 20 0.827231 1.39944  0 0 22 0.540253 1.2853  0 6 15 0.471267 1.16702 
12000 20 0 7 0 0 20 3.69919 0.0493838 0.109036 0.00160492 0.0159688 0.818945 1.50137 0.673125 0.255387 0.0716485 0.685258 0 0 25 1.57242 1.53172  0 0 24 0.880542 1.35645  0 0 20 0.827231 1.39944  0 0 22 0.540253 1.2853  0 6 15 0.471267 1.16702 
12500 18 0 9 0 0 20 3.72535 0.0415131 0.121767 0.00178262 0.0104022 0.818945 1.50137 0.625949 0.316278 0.0716485 0.685258 0 0 25 1.57242 1.53172  0 0 24 0.880542 1.35645  0 0 20 0.827231 1.39944  0 0 22 0.540253 1.2853  0 6 15 0.471267 1.16702 
13000 24 0 2 0 5 22 3.73282 0.0641605 0.133859 0.000731293 0.00847319 1.65989 0.601471 0.826672 0.0938385 0.0237039 0.774522 0 0 25 1.57242 1.53172  0 5 22 1.55354 0.612696  0 0 24 0.880542 1.35645  0 0 20 0.827231 1.39944  0 2 9 0.544565 1.19198 
13500 24 0 2 0 5 22 3.73282 0.0641605 0.146025 0.000731293 0.00847319 1.65989 0.601471 0.826672 0.0938385 0.0237039 0.774522 0 0 25 1.57242 1.53172  0 5 22 1.55354 0.612696  0 0 24 0.880542 1.35645  0 0 20 0.827231 1.39944  0 2 9 0.544565 1.19198 
14000 24 0 2 0 5 22 3.73282 0.0641605 0.15894 0.000731293 0.00847319 1.65989 0.601471 0.826672 0.0938385 0.0237039 0.774522 0 0 25 1.57242 1.53172  0 5 22 1.55354 0.612696  0 1 24 1.01109 1.42249  0 0 24 0.880542 1.35645  0 0 20 0.827231 1.39944 
14500 21 0 5 0 5 22 3.73314 0.0561256 0.173367 0.0013772 0.013703 1.65989 0.601471 0.727719 0.197056 0.0237039 0.774522 0 0 25 1.57242 1.53172  0 5 22 1.55354 0.612696  0 1 24 1.01109 1.42249  0 0 24 0.880542 1.35645  0 0 20 0.827231 1.39944 
15000 21 0 5 0 5 22 3.73314 0.0561256 0.185597 0.0013772 0.013703 1.65989 0.601471 0.727719 0.197056 0.0237039 0.774522 0 0 25 1.57242 1.53172  0 5 22 1.55354 0.612696  0 1 24 1.01109 1.42249  0 0 24 0.880542 1.35645  0 0 20 0.827231 1.39944 
15500 21 0 5 0 5 22 3.73314 0.0561256 0.198865 0.0013772 0.013703 1.65989 0.601471 0.727719 0.197056 0.0237039 0.774522 0 0 25 1.57242 1.53172  0 5 22 1.55354 0.612696  0 0 12 1.10367 1.65869  0 1 24 1.01109 1.42249  0 0 24 0.880542 1.35645 
16000 21 0 5 0 5 22 3.73314 0.0561256 0.212162 0.0013772 0.013703 1.65989 0.601471 0.727719 0.197056 0.0237039 0.774522 0 0 25 1.57242 1.53172  0 5 22 1.55354 0.612696  0 0 12 1.10367 1.65869  0 1 24 1.01109 1.42249  0 0 24 0.880542 1.35645 
16500 21 0 5 0 5 22 3.73314 0.0561256 0.227218 0.0013772 0.013703 1.65989 0.601471 0.727719 0.197056 0.0237039 0.774522 0 0 25 1.57242 1.53172  0 5 22 1.55354 0.612696  0 0 12 1.10367 1.65869  0 0 8 1.08886 1.63015  0 1 24 1.01109 1.42249 
17000 21 0 5 0 1 24 3.73314 0.0561256 0.242762 0.0013772 0.013703 3.141 0.714832 0.727719 0.197056 0.0249377 0.854181 0 1 24 2.36544 1.08961  0 0 25 1.57242 1.53172  0 5 22 1.55354 0.612696  0 2 24 1.38874 1.41092  0 0 12 1.10367 1.65869 
17500 21 0 6 0 1 24 3.73333 0.0478842 0.256143 0.000722912 0.00719288 3.141 0.714832 0.705255 0.22958 0.0249377 0.854181 0 1 24 2.36544 1.08961  0 0 25 1.57242 1.53172  0 5 22 1.55354 0.612696  0 5 23 1.4025 0.768125  0 2 24 1.38874 1.41092 
18000 21 0 6 0 0 25 3.73333 0.0478842 0.268408 0.000722912 0.00719288 3.3674 0.908309 0.705255 0.22958 0.0379687 0.868665 0 2 24 2.51112 0.598212  0 1 24 2.36544 1.08961  0 0 25 2.25953 1.53576  0 5 22 1.55354 0.612696  0 5 23 1.4025 0.768125 
18500 25 0 2 0 0 25 3.75182 0.0521645 0.281841 0.000378202 0.00376306 3.3674 0.908309 0.84113 0.0768166 0.0379687 0.868665 0 2 24 2.51112 0.598212  0 1 24 2.36544 1.08961  0 0 25 2.25953 1.53576  0 5 22 1.55354 0.612696  0 5 23 1.4025 0.768125 
19000 24 0 3 0 0 25 3.75222 0.0575411 0.295792 0.000481066 0.0060454 3.3674 0.908309 0.807978 0.117017 0.0379687 0.868665 0 2 24 2.51112 0.598212  0 1 24 2.36544 1.08961  0 0 25 2.25953 1.53576  0 2 23 1.68219 0.0616263  0 5 22 1.55354 0.612696 
19500 24 0 3 0 0 25 3.75222 0.0575411 0.308827 0.000481066 0.0060454 3.3674 0.908309 0.807978 0.117017 0.0379687 0.868665 0 2 24 2.51112 0.598212  0 0 24 2.41776 1.5404  0 1 24 2.36544 1.08961  0 0 25 2.25953 1.53576  0 2 23 1.8938 1.22712 
20000 24 0 3 0 0 25 3.75222 0.0575411 0.321069 0.000481066 0.0060454 3.3674 0.908309 0.807978 0.117017 0.0379687 0.868665 0 2 24 2.51112 0.598212  0 0 24 2.41776 1.5404  0 1 24 2.36544 1.08961  0 0 25 2.25953 1.53576  0 2 23 1.8938 1.22712 
