500 7 0 1 0 0 8 3.15182 0.0528605 0.0817637 0.00127644 0.00843178 0.0542293 0.199848 0.720587 0.187105 0.00713762 0.852656 0 0 8 0.379825 0.207164  0 0 1 0.350091 0.931586  0 0 9 0.281858 0.204935  0 0 3 0.242996 0.89438  0 0 5 0.204332 0.716133 
1000 2 0 7 0 0 7 3.76144 0.0467464 0.320278 -0.0010066 0.0196292 3.29577 0.34464 0.204725 0.725658 0.125042 0.767113 0 0 8 3.71206 0.0523649  0 0 7 3.13488 0.0443857  0 0 9 2.01482 0.118813  0 0 4 1.78431 1.71799  0 0 3 1.69664 1.77061 
1500 2 0 7 0 0 9 3.76144 0.0467464 0.52631 -0.0010066 0.0196292 1.82093 0.716834 0.204725 0.725658 0.0394711 0.862594 0 0 8 3.73322 0.0506696  0 0 7 3.5502 0.0738048  0 0 5 2.35159 1.71594  0 0 6 2.17839 1.81637  0 0 9 2.01482 0.118813 
2000 1 0 7 0 0 9 3.76511 0.0455631 0.6088 0.00154506 0.0159859 1.82093 0.716834 0.165767 0.762756 0.0394711 0.862594 0 0 8 3.73322 0.0506696  0 0 7 3.5502 0.0738048  0 0 6 2.59399 1.58194  0 0 5 2.50979 1.54903  0 0 9 2.01482 0.118813 
2500 1 0 7 0 0 9 3.76511 0.0455631 0.680562 0.00154506 0.0159859 2.56703 1.36381 0.165767 0.762756 0.0103343 0.917653 0 0 8 3.73322 0.0506696  0 0 7 3.5502 0.0738048  0 0 9 3.2508 0.06208  0 0 6 2.59399 1.58194  0 0 5 2.53315 1.61012 
3000 1 0 7 0 0 9 3.76511 0.0455631 0.73415 0.00154506 0.0159859 2.56703 1.36381 0.165767 0.762756 0.0103343 0.917653 0 0 8 3.74631 0.053122  0 0 7 3.5502 0.0738048  0 0 9 3.2508 0.06208  0 0 6 2.65681 0.995057  0 0 5 2.53315 1.61012 
3500 1 0 7 0 1 8 3.76511 0.0455631 0.78818 0.00154506 0.0159859 3.33308 0.794783 0.165767 0.762756 0.0456341 0.851089 0 0 8 3.74631 0.053122  0 0 7 3.5502 0.0738048  0 0 9 3.2508 0.06208  0 0 6 2.65681 0.995057  0 1 8 2.6335 0.712348 
4000 1 0 7 0 1 8 3.76511 0.0455631 0.823993 0.00154506 0.0159859 3.33308 0.794783 0.165767 0.762756 0.0456341 0.851089 0 0 8 3.74631 0.053122  0 0 7 3.5502 0.0738048  0 0 9 3.2508 0.06208  0 0 6 2.97255 1.32686  0 1 8 2.6335 0.712348 
4500 1 0 7 0 1 8 3.76511 0.0455631 0.865642 0.00154506 0.0159859 3.41047 0.432475 0.165767 0.762756 0.0427136 0.850419 0 0 8 3.74631 0.053122  0 0 7 3.5502 0.0738048  0 0 9 3.2508 0.06208  0 0 6 2.97255 1.32686  0 1 8 2.78516 0.642547 
5000 1 0 7 0 1 8 3.76917 0.0475374 0.888881 -0.0010066 0.0196292 3.41047 0.432475 0.187482 0.744605 0.0427136 0.850419 0 0 8 3.74631 0.053122  0 0 7 3.5502 0.0738048  0 0 9 3.30647 0.0670834  0 0 6 2.97255 1.32686  0 1 8 2.78516 0.642547 
5500 1 0 7 0 1 8 3.76917 0.0475374 0.913455 -0.0010066 0.0196292 3.41047 0.432475 0.187482 0.744605 0.0427136 0.850419 0 0 8 3.74631 0.053122  0 0 7 3.55613 0.682353  0 0 9 3.30647 0.0670834  0 0 6 2.97255 1.32686  0 1 8 2.78516 0.642547 
6000 1 0 7 0 1 8 3.76917 0.0475374 0.940592 -0.0010066 0.0196292 3.41047 0.432475 0.187482 0.744605 0.0427136 0.850419 0 0 8 3.75804 0.049068  0 0 7 3.55613 0.682353  0 0 9 3.30647 0.0670834  0 0 6 2.97255 1.32686  0 1 8 2.78516 0.642547 
6500 1 0 7 0 1 8 3.76917 0.0475374 0.973209 -0.0010066 0.0196292 3.41047 0.432475 0.187482 0.744605 0.0427136 0.850419 0 0 8 3.75804 0.049068  0 0 7 3.55613 0.682353  0 0 9 3.30647 0.0670834  0 0 6 2.97255 1.32686  0 1 8 2.78516 0.642547 
7000 1 0 7 0 1 8 3.76917 0.0475374 0.997909 -0.0010066 0.0196292 3.41047 0.432475 0.187482 0.744605 0.0427136 0.850419 0 0 8 3.75804 0.049068  0 0 7 3.55613 0.682353  0 0 9 3.30986 0.0745359  0 0 6 2.97255 1.32686  0 1 8 2.78516 0.642547 
7500 1 0 7 0 1 8 3.76917 0.0475374 1.02502 -0.0010066 0.0196292 3.41047 0.432475 0.187482 0.744605 0.0427136 0.850419 0 0 8 3.75804 0.049068  0 0 7 3.55613 0.682353  0 0 9 3.30986 0.0745359  0 0 6 2.97255 1.32686  0 1 8 2.78516 0.642547 
8000 1 0 7 0 1 8 3.77718 0.0447803 1.04718 0.00154506 0.0159859 3.41047 0.432475 0.174497 0.757316 0.0427136 0.850419 0 0 8 3.75804 0.049068  0 0 7 3.55613 0.682353  0 0 9 3.30986 0.0745359  0 0 6 3.14142 1.27122  0 1 8 2.78516 0.642547 
8500 5 0 3 0 1 8 3.78015 0.0483736 1.06473 0.00160492 0.0159688 3.41047 0.432475 0.534614 0.386472 0.0427136 0.850419 0 0 8 3.75804 0.049068  0 0 7 3.55613 0.682353  0 0 9 3.30986 0.0745359  0 0 6 3.14142 1.27122  0 1 8 2.78516 0.642547 
9000 5 0 3 0 1 8 3.78015 0.0483736 1.08088 0.00160492 0.0159688 3.41047 0.432475 0.534614 0.386472 0.0427136 0.850419 0 0 8 3.75804 0.049068  0 0 7 3.55613 0.682353  0 0 9 3.41023 0.0644338  0 0 6 3.14142 1.27122  0 1 8 2.78516 0.642547 
9500 5 0 3 0 1 8 3.78015 0.0483736 1.09466 0.00160492 0.0159688 3.41047 0.432475 0.534614 0.386472 0.0427136 0.850419 0 0 8 3.75804 0.049068  0 0 7 3.55613 0.682353  0 0 9 3.41023 0.0644338  0 0 6 3.14142 1.27122  0 1 8 2.78516 0.642547 
10000 4 0 4 0 1 8 3.78434 0.0494094 1.10712 0.00160492 0.0159688 3.41047 0.432475 0.474637 0.444279 0.0427136 0.850419 0 0 8 3.75804 0.049068  0 0 7 3.55613 0.682353  0 0 9 3.41023 0.0644338  0 0 6 3.14142 1.27122  0 1 8 2.78516 0.642547 
10500 4 0 4 0 1 8 3.78434 0.0494094 1.11431 0.00160492 0.0159688 3.41047 0.432475 0.474637 0.444279 0.0427136 0.850419 0 0 8 3.75804 0.049068  0 0 7 3.59557 0.0744864  0 0 9 3.41023 0.0644338  0 0 6 3.14142 1.27122  0 1 8 2.78516 0.642547 
11000 4 0 4 0 1 8 3.78434 0.0494094 1.132 0.00160492 0.0159688 3.41047 0.432475 0.474637 0.444279 0.0427136 0.850419 0 0 8 3.75804 0.049068  0 0 7 3.59557 0.0744864  0 0 9 3.41023 0.0644338  0 0 6 3.14142 1.27122  0 1 8 2.78516 0.642547 
11500 4 0 4 0 1 8 3.78434 0.0494094 1.13884 0.00160492 0.0159688 3.41047 0.432475 0.474637 0.444279 0.0427136 0.850419 0 0 8 3.75804 0.049068  0 0 7 3.59557 0.0744864  0 0 9 3.41023 0.0644338  0 0 6 3.14142 1.27122  0 1 8 2.78516 0.642547 
12000 4 0 4 0 1 8 3.78434 0.0494094 1.14545 0.00160492 0.0159688 3.41047 0.432475 0.474637 0.444279 0.0427136 0.850419 0 0 8 3.75804 0.049068  0 0 7 3.59557 0.0744864  0 0 9 3.41023 0.0644338  0 0 6 3.14142 1.27122  0 1 8 2.78516 0.642547 
12500 4 0 4 0 0 9 3.78434 0.0494094 1.15426 0.00160492 0.0159688 2.9063 1.30398 0.474637 0.444279 0.029144 0.900168 0 0 8 3.75804 0.049068  0 0 7 3.59557 0.0744864  0 0 9 3.41023 0.0644338  0 0 6 3.14142 1.27122  0 1 8 2.80087 1.20006 
13000 4 0 4 0 0 9 3.7847 0.0481891 1.15822 0.00160492 0.0159688 2.9063 1.30398 0.479903 0.439688 0.029144 0.900168 0 0 8 3.75804 0.049068  0 0 7 3.59557 0.0744864  0 0 9 3.41023 0.0644338  0 0 6 3.14142 1.27122  0 1 8 2.80087 1.20006 
13500 2 0 6 0 0 9 3.78482 0.0447304 1.16388 0.00160492 0.0159688 2.9063 1.30398 0.267352 0.666683 0.029144 0.900168 0 0 8 3.75804 0.049068  0 0 7 3.59557 0.0744864  0 0 9 3.41023 0.0644338  0 0 6 3.14142 1.27122  0 1 8 2.80087 1.20006 
14000 2 0 6 0 0 9 3.78482 0.0447304 1.16648 0.00160492 0.0159688 2.9063 1.30398 0.267352 0.666683 0.029144 0.900168 0 0 8 3.75804 0.049068  0 0 7 3.59557 0.0744864  0 0 9 3.41023 0.0644338  0 0 6 3.14142 1.27122  0 1 8 2.80087 1.20006 
14500 2 0 6 0 0 9 3.78482 0.0447304 1.17036 0.00160492 0.0159688 2.9063 1.30398 0.267352 0.666683 0.029144 0.900168 0 0 8 3.75804 0.049068  0 0 7 3.59557 0.0744864  0 0 9 3.41023 0.0644338  0 0 6 3.14142 1.27122  0 1 8 2.80087 1.20006 
15000 2 0 6 0 0 9 3.78626 0.044058 1.17268 0.00160492 0.0159688 2.9063 1.30398 0.253075 0.677208 0.029144 0.900168 0 0 8 3.75804 0.049068  0 0 7 3.59557 0.0744864  0 0 9 3.41023 0.0644338  0 0 6 3.14142 1.27122  0 1 8 2.80087 1.20006 
15500 2 0 6 0 0 9 3.78626 0.044058 1.17845 0.00160492 0.0159688 2.9063 1.30398 0.253075 0.677208 0.029144 0.900168 0 0 8 3.75804 0.049068  0 0 7 3.59557 0.0744864  0 0 9 3.41023 0.0644338  0 0 6 3.14142 1.27122  0 1 8 2.80087 1.20006 
16000 2 0 6 0 1 8 3.78626 0.044058 1.18607 0.00160492 0.0159688 3.50317 0.585146 0.253075 0.677208 0.0783331 0.827079 0 0 8 3.75804 0.049068  0 0 7 3.59557 0.0744864  0 0 9 3.41023 0.0644338  0 0 6 3.14142 1.27122  0 1 8 2.8235 0.478468 
16500 4 0 4 0 0 9 3.78683 0.0485238 1.19361 0.00160492 0.0159688 2.59599 1.51144 0.479297 0.44038 0.0260727 0.883747 0 0 8 3.75804 0.049068  0 0 7 3.59557 0.0744864  0 0 9 3.41386 0.0627726  0 0 6 3.14142 1.27122  0 1 8 3.12102 1.36339 
17000 4 0 4 0 0 9 3.78683 0.0485238 1.19677 0.00160492 0.0159688 2.59599 1.51144 0.479297 0.44038 0.0260727 0.883747 0 0 8 3.75804 0.049068  0 0 7 3.59557 0.0744864  0 0 9 3.41386 0.0627726  0 0 6 3.14142 1.27122  0 1 8 3.12102 1.36339 
17500 4 0 4 0 0 9 3.78683 0.0485238 1.20378 0.00160492 0.0159688 2.59599 1.51144 0.479297 0.44038 0.0260727 0.883747 0 0 8 3.75804 0.049068  0 0 7 3.59557 0.0744864  0 0 9 3.41386 0.0627726  0 0 6 3.14142 1.27122  0 1 8 3.12102 1.36339 
18000 4 0 4 0 0 9 3.78683 0.0485238 1.2095 0.00160492 0.0159688 2.59599 1.51144 0.479297 0.44038 0.0260727 0.883747 0 0 8 3.75804 0.049068  0 0 7 3.59557 0.0744864  0 0 9 3.41386 0.0627726  0 0 6 3.14142 1.27122  0 1 8 3.12102 1.36339 
18500 4 0 4 0 0 9 3.78729 0.0463898 1.21738 0.00160492 0.0159688 2.59599 1.51144 0.478526 0.440028 0.0260727 0.883747 0 0 8 3.75804 0.049068  0 0 7 3.59557 0.0744864  0 0 9 3.41386 0.0627726  0 1 8 3.25959 1.22322  0 0 6 3.14142 1.27122 
19000 2 0 6 0 0 9 3.78777 0.0493765 1.22024 0.00160492 0.0159688 2.59599 1.51144 0.287386 0.640092 0.0260727 0.883747 0 0 8 3.75804 0.049068  0 0 7 3.59557 0.0744864  0 0 9 3.41386 0.0627726  0 1 8 3.25959 1.22322  0 0 6 3.14142 1.27122 
19500 2 0 6 0 0 9 3.78777 0.0493765 1.22581 0.00160492 0.0159688 0.752029 1.42909 0.287386 0.640092 0.00356198 0.937104 0 0 8 3.75804 0.049068  0 0 7 3.59557 0.0744864  0 0 9 3.44241 0.4185  0 1 8 3.25959 1.22322  0 0 6 3.14142 1.27122 
20000 2 0 6 0 0 9 3.78777 0.0493765 1.22982 0.00160492 0.0159688 0.752029 1.42909 0.287386 0.640092 0.00356198 0.937104 0 0 8 3.75804 0.049068  0 0 7 3.59557 0.0744864  0 0 9 3.44241 0.4185  0 1 8 3.25959 1.22322  0 0 6 3.14142 1.27122 
